1 0.8037109375 0.896484375 0.11328125 0.0771484375
1 0.15625 0.5732421875 0.1494140625 0.09375
1 0.8818359375 0.7998046875 0.09375 0.07421875
1 0.84375 0.955078125 0.1298828125 0.0859375
1 0.392578125 0.490234375 0.1416015625 0.2099609375
1 0.03515625 0.0517578125 0.0703125 0.103515625
1 0.76171875 0.10546875 0.134765625 0.0947265625
1 0.2607421875 0.4365234375 0.21484375 0.10546875
1 0.9716796875 0.599609375 0.0556640625 0.1357421875
1 0.4052734375 0.61328125 0.21484375 0.1005859375
1 0.6435546875 0.5595703125 0.189453125 0.107421875
1 0.779296875 0.6298828125 0.1201171875 0.1767578125
1 0.296875 0.2041015625 0.1796875 0.11328125
1 0.6728515625 0.296875 0.1630859375 0.146484375
1 0.35546875 0.919921875 0.08203125 0.16015625
1 0.9541015625 0.1552734375 0.0869140625 0.2265625
1 0.3154296875 0.330078125 0.255859375 0.095703125
1 0.0400390625 0.6708984375 0.078125 0.0859375
1 0.15625 0.4931640625 0.123046875 0.0546875
1 0.0400390625 0.4423828125 0.078125 0.10546875
