1 0.474609375 0.982421875 0.095703125 0.03515625
1 0.35546875 0.5869140625 0.107421875 0.1455078125
1 0.4453125 0.623046875 0.0830078125 0.0849609375
1 0.287109375 0.962890625 0.109375 0.0732421875
1 0.494140625 0.109375 0.125 0.109375
1 0.73046875 0.9609375 0.107421875 0.0771484375
1 0.4482421875 0.23828125 0.091796875 0.126953125
1 0.458984375 0.36328125 0.1005859375 0.142578125
1 0.3359375 0.4111328125 0.11328125 0.138671875
1 0.681640625 0.2216796875 0.134765625 0.1357421875
1 0.6865234375 0.544921875 0.1142578125 0.1923828125
1 0.908203125 0.80859375 0.177734375 0.1171875
1 0.3173828125 0.212890625 0.1025390625 0.126953125
1 0.787109375 0.12890625 0.119140625 0.12109375
1 0.5576171875 0.3583984375 0.1025390625 0.1591796875
1 0.828125 0.185546875 0.0927734375 0.1005859375
1 0.4404296875 0.7607421875 0.091796875 0.0888671875
1 0.2255859375 0.0771484375 0.0947265625 0.109375
1 0.6357421875 0.7587890625 0.138671875 0.0947265625
1 0.64453125 0.66015625 0.150390625 0.1025390625
1 0.4345703125 0.046875 0.185546875 0.08984375
1 0.970703125 0.2451171875 0.0576171875 0.1025390625
1 0.552734375 0.6494140625 0.0966796875 0.1298828125
1 0.8525390625 0.9599609375 0.1171875 0.0791015625
1 0.5634765625 0.4609375 0.0791015625 0.0849609375
