1 0.7919921875 0.1455078125 0.19921875 0.1025390625
1 0.837890625 0.28515625 0.1630859375 0.0830078125
1 0.6044921875 0.8134765625 0.17578125 0.107421875
1 0.8271484375 0.900390625 0.189453125 0.0927734375
1 0.755859375 0.763671875 0.18359375 0.091796875
1 0.9267578125 0.3359375 0.1455078125 0.0830078125
1 0.62109375 0.5966796875 0.177734375 0.1005859375
1 0.849609375 0.5693359375 0.220703125 0.0947265625
1 0.4794921875 0.45703125 0.125 0.080078125
1 0.87109375 0.5048828125 0.169921875 0.0810546875
1 0.5947265625 0.46484375 0.14453125 0.0703125
1 0.5439453125 0.9443359375 0.1455078125 0.08984375
1 0.9345703125 0.8427734375 0.130859375 0.0673828125
1 0.951171875 0.927734375 0.09765625 0.06640625
1 0.8349609375 0.634765625 0.1826171875 0.0703125
1 0.9306640625 0.7685546875 0.126953125 0.072265625
1 0.41796875 0.951171875 0.1220703125 0.09765625
1 0.908203125 0.1982421875 0.171875 0.08203125
1 0.9404296875 0.08203125 0.1181640625 0.07421875
1 0.8115234375 0.6865234375 0.150390625 0.0625
1 0.939453125 0.6982421875 0.1142578125 0.0546875
1 0.958984375 0.2607421875 0.0810546875 0.0732421875
1 0.0390625 0.6181640625 0.07421875 0.169921875
1 0.884765625 0.986328125 0.1572265625 0.0263671875
1 0.9033203125 0.40625 0.1865234375 0.056640625
