1 0.3359375 0.0263671875 0.0341796875 0.0478515625
1 0.9501953125 0.0185546875 0.087890625 0.037109375
1 0.962890625 0.05859375 0.0673828125 0.04296875
1 0.9853515625 0.1064453125 0.029296875 0.052734375
1 0.9345703125 0.18359375 0.0703125 0.02734375
1 0.94921875 0.2568359375 0.0693359375 0.0400390625
1 0.974609375 0.3291015625 0.0498046875 0.0380859375
1 0.890625 0.3173828125 0.0810546875 0.0546875
1 0.8203125 0.3984375 0.091796875 0.1162109375
1 0.740234375 0.248046875 0.0625 0.033203125
1 0.7265625 0.10546875 0.060546875 0.0380859375
1 0.7802734375 0.037109375 0.0771484375 0.0419921875
1 0.78515625 0.21484375 0.0400390625 0.0380859375
1 0.6923828125 0.271484375 0.0810546875 0.056640625
1 0.6298828125 0.28125 0.0771484375 0.0439453125
1 0.5380859375 0.2080078125 0.076171875 0.0478515625
1 0.443359375 0.12890625 0.0498046875 0.0498046875
1 0.5107421875 0.0830078125 0.048828125 0.048828125
1 0.296875 0.0966796875 0.041015625 0.046875
1 0.3916015625 0.298828125 0.044921875 0.041015625
1 0.248046875 0.224609375 0.0595703125 0.0322265625
1 0.283203125 0.2763671875 0.0380859375 0.048828125
1 0.1005859375 0.2236328125 0.0400390625 0.06640625
1 0.1865234375 0.2734375 0.05078125 0.05078125
1 0.0361328125 0.3994140625 0.0673828125 0.056640625
1 0.04296875 0.16796875 0.03515625 0.0419921875
1 0.2939453125 0.59375 0.060546875 0.04296875
1 0.3681640625 0.6650390625 0.0439453125 0.0361328125
1 0.2802734375 0.70703125 0.0859375 0.0380859375
1 0.3837890625 0.71875 0.0869140625 0.0458984375
1 0.8447265625 0.654296875 0.0810546875 0.0380859375
1 0.8544921875 0.728515625 0.10546875 0.044921875
1 0.6796875 0.7392578125 0.0478515625 0.04296875
1 0.6455078125 0.7666015625 0.05859375 0.0537109375
1 0.765625 0.828125 0.0595703125 0.0322265625
1 0.830078125 0.89453125 0.072265625 0.06640625
1 0.732421875 0.9716796875 0.072265625 0.0556640625
1 0.68359375 0.8408203125 0.04296875 0.0263671875
1 0.537109375 0.873046875 0.0576171875 0.0625
1 0.46875 0.931640625 0.046875 0.091796875
1 0.37890625 0.83984375 0.0771484375 0.0537109375
1 0.4052734375 0.80078125 0.1083984375 0.068359375
1 0.326171875 0.8837890625 0.060546875 0.078125
1 0.25390625 0.97265625 0.04296875 0.0537109375
1 0.1640625 0.6611328125 0.04296875 0.037109375
1 0.111328125 0.671875 0.033203125 0.03125
1 0.1044921875 0.7763671875 0.0546875 0.033203125
1 0.13671875 0.828125 0.044921875 0.0517578125
1 0.1279296875 0.9306640625 0.056640625 0.08203125
1 0.0908203125 0.9072265625 0.0439453125 0.076171875
1 0.0537109375 0.9697265625 0.033203125 0.060546875
1 0.4345703125 0.802734375 0.076171875 0.0791015625
1 0.3984375 0.8359375 0.078125 0.0400390625
1 0.7958984375 0.638671875 0.0419921875 0.0419921875
1 0.865234375 0.0927734375 0.0634765625 0.037109375
