1 0.3583984375 0.1162109375 0.087890625 0.142578125
1 0.5458984375 0.25390625 0.087890625 0.0849609375
1 0.6318359375 0.0732421875 0.1201171875 0.11328125
1 0.353515625 0.919921875 0.0791015625 0.0712890625
1 0.498046875 0.470703125 0.142578125 0.1328125
1 0.0556640625 0.3740234375 0.1123046875 0.0751953125
1 0.9736328125 0.255859375 0.052734375 0.091796875
1 0.61328125 0.568359375 0.142578125 0.11328125
1 0.30859375 0.3310546875 0.09765625 0.1328125
1 0.369140625 0.5517578125 0.0947265625 0.1201171875
1 0.4765625 0.8896484375 0.0791015625 0.10546875
1 0.6142578125 0.76171875 0.134765625 0.1455078125
1 0.5400390625 0.072265625 0.0771484375 0.115234375
1 0.25 0.5703125 0.095703125 0.0849609375
1 0.783203125 0.474609375 0.08203125 0.078125
1 0.865234375 0.728515625 0.1025390625 0.107421875
1 0.4794921875 0.103515625 0.07421875 0.1328125
1 0.9169921875 0.5283203125 0.080078125 0.068359375
1 0.4384765625 0.0244140625 0.0771484375 0.048828125
1 0.212890625 0.0263671875 0.0576171875 0.0537109375
1 0.75 0.025390625 0.09375 0.05078125
