1 0.69140625 0.22265625 0.0908203125 0.1044921875
1 0.5791015625 0.349609375 0.0732421875 0.064453125
1 0.470703125 0.6376953125 0.091796875 0.1171875
1 0.3935546875 0.4267578125 0.1298828125 0.0869140625
1 0.3037109375 0.26953125 0.1552734375 0.1142578125
1 0.1279296875 0.1572265625 0.0888671875 0.126953125
1 0.0341796875 0.298828125 0.0673828125 0.064453125
1 0.8857421875 0.322265625 0.080078125 0.0830078125
1 0.876953125 0.8720703125 0.1201171875 0.130859375
1 0.353515625 0.890625 0.1455078125 0.1025390625
1 0.2373046875 0.1552734375 0.0400390625 0.0478515625
1 0.2734375 0.4560546875 0.115234375 0.0869140625
1 0.783203125 0.2919921875 0.0791015625 0.076171875
1 0.2978515625 0.5791015625 0.0888671875 0.06640625
1 0.3837890625 0.580078125 0.0712890625 0.0576171875
1 0.115234375 0.5634765625 0.0966796875 0.0517578125
1 0.15625 0.7138671875 0.232421875 0.1318359375
1 0.21484375 0.7470703125 0.1083984375 0.060546875
1 0.52734375 0.7431640625 0.078125 0.1162109375
1 0.712890625 0.6162109375 0.0771484375 0.0400390625
1 0.7265625 0.67578125 0.0546875 0.0537109375
1 0.83203125 0.6474609375 0.0673828125 0.1044921875
1 0.818359375 0.4931640625 0.123046875 0.078125
1 0.849609375 0.392578125 0.0791015625 0.052734375
1 0.953125 0.4287109375 0.056640625 0.0361328125
1 0.8427734375 0.98046875 0.1669921875 0.0390625
1 0.228515625 0.935546875 0.0732421875 0.08203125
1 0.0234375 0.884765625 0.046875 0.0703125
