1 0.6416015625 0.3115234375 0.0908203125 0.1044921875
1 0.265625 0.5205078125 0.0927734375 0.0927734375
1 0.9736328125 0.115234375 0.052734375 0.1474609375
1 0.8076171875 0.5361328125 0.052734375 0.0595703125
1 0.259765625 0.3203125 0.06640625 0.072265625
1 0.8203125 0.9697265625 0.09375 0.05859375
1 0.47265625 0.6142578125 0.056640625 0.072265625
1 0.8564453125 0.22265625 0.0751953125 0.0869140625
1 0.9326171875 0.9697265625 0.0625 0.0576171875
1 0.2119140625 0.86328125 0.060546875 0.072265625
1 0.9228515625 0.57421875 0.0732421875 0.0947265625
1 0.7490234375 0.7216796875 0.0791015625 0.134765625
1 0.5400390625 0.400390625 0.0634765625 0.1142578125
1 0.10546875 0.7958984375 0.0830078125 0.08203125
1 0.0439453125 0.96875 0.0693359375 0.0576171875
1 0.2451171875 0.76171875 0.0859375 0.083984375
1 0.4033203125 0.7470703125 0.08203125 0.0703125
1 0.626953125 0.19140625 0.0625 0.0751953125
1 0.9228515625 0.314453125 0.037109375 0.064453125
1 0.583984375 0.6982421875 0.0693359375 0.08203125
1 0.7607421875 0.408203125 0.0625 0.08203125
1 0.177734375 0.5234375 0.046875 0.0849609375
1 0.5693359375 0.5126953125 0.060546875 0.05859375
1 0.3759765625 0.3486328125 0.0771484375 0.0810546875
1 0.26953125 0.169921875 0.0537109375 0.0908203125
1 0.26171875 0.6728515625 0.0751953125 0.0673828125
1 0.0263671875 0.5078125 0.0498046875 0.0625
1 0.8994140625 0.6494140625 0.060546875 0.0751953125
1 0.2744140625 0.83203125 0.0498046875 0.0576171875
1 0.966796875 0.3603515625 0.0654296875 0.107421875
1 0.14453125 0.044921875 0.068359375 0.08984375
1 0.056640625 0.2890625 0.03515625 0.0625
1 0.0439453125 0.20703125 0.0517578125 0.0693359375
1 0.017578125 0.2890625 0.03515625 0.08984375
1 0.4296875 0.220703125 0.0703125 0.1328125
1 0.3701171875 0.2001953125 0.0771484375 0.0771484375
1 0.3095703125 0.037109375 0.0537109375 0.068359375
1 0.3408203125 0.076171875 0.0498046875 0.0927734375
1 0.3466796875 0.15625 0.0478515625 0.107421875
1 0.4169921875 0.359375 0.064453125 0.0849609375
1 0.546875 0.298828125 0.060546875 0.0654296875
1 0.73046875 0.36328125 0.0576171875 0.068359375
1 0.521484375 0.6259765625 0.05078125 0.05078125
1 0.4716796875 0.677734375 0.06640625 0.048828125
1 0.5419921875 0.6630859375 0.078125 0.0927734375
1 0.3994140625 0.904296875 0.0849609375 0.0654296875
1 0.2841796875 0.9658203125 0.0517578125 0.0625
1 0.7900390625 0.8203125 0.0625 0.068359375
1 0.6337890625 0.4912109375 0.1103515625 0.0947265625
1 0.9482421875 0.115234375 0.078125 0.1220703125
1 0.9716796875 0.2802734375 0.0556640625 0.0771484375
1 0.876953125 0.5205078125 0.080078125 0.072265625
