1 0.8994140625 0.34765625 0.0732421875 0.115234375
1 0.814453125 0.3759765625 0.076171875 0.060546875
1 0.72265625 0.4580078125 0.046875 0.07421875
1 0.4990234375 0.3251953125 0.0771484375 0.083984375
1 0.326171875 0.296875 0.1005859375 0.05078125
1 0.572265625 0.0888671875 0.0703125 0.0595703125
1 0.7421875 0.3984375 0.0400390625 0.1064453125
1 0.2890625 0.3544921875 0.0888671875 0.0888671875
1 0.0361328125 0.4853515625 0.0478515625 0.060546875
1 0.2744140625 0.9248046875 0.0400390625 0.0859375
1 0.6455078125 0.08984375 0.02734375 0.080078125
1 0.365234375 0.1611328125 0.080078125 0.05859375
1 0.7470703125 0.0888671875 0.046875 0.0859375
1 0.5439453125 0.1044921875 0.0693359375 0.0966796875
1 0.271484375 0.1982421875 0.07421875 0.064453125
1 0.1318359375 0.396484375 0.1103515625 0.095703125
1 0.8017578125 0.9755859375 0.10546875 0.0302734375
1 0.8896484375 0.6494140625 0.068359375 0.056640625
1 0.1962890625 0.119140625 0.046875 0.0634765625
1 0.4716796875 0.2568359375 0.0712890625 0.037109375
1 0.8203125 0.9453125 0.107421875 0.0478515625
1 0.60546875 0.4833984375 0.091796875 0.0859375
1 0.01953125 0.974609375 0.0361328125 0.046875
1 0.0400390625 0.419921875 0.080078125 0.037109375
1 0.6162109375 0.1689453125 0.1005859375 0.05078125
1 0.1611328125 0.6357421875 0.1318359375 0.041015625
1 0.3955078125 0.7705078125 0.0859375 0.0546875
1 0.4267578125 0.1494140625 0.115234375 0.0751953125
1 0.44140625 0.5380859375 0.099609375 0.0400390625
1 0.5107421875 0.0185546875 0.0478515625 0.037109375
1 0.6298828125 0.6025390625 0.10546875 0.0283203125
1 0.6689453125 0.884765625 0.1396484375 0.0888671875
1 0.396484375 0.4599609375 0.08984375 0.0458984375
1 0.076171875 0.3193359375 0.103515625 0.0390625
1 0.8125 0.7919921875 0.05859375 0.0478515625
1 0.80078125 0.697265625 0.0732421875 0.046875
1 0.5478515625 0.15625 0.0654296875 0.048828125
1 0.3984375 0.8857421875 0.1025390625 0.0537109375
1 0.98828125 0.517578125 0.0234375 0.0263671875
1 0.4287109375 0.1005859375 0.0400390625 0.07421875
1 0.8974609375 0.169921875 0.0703125 0.0439453125
1 0.689453125 0.380859375 0.052734375 0.0595703125
1 0.1748046875 0.7470703125 0.0693359375 0.0498046875
1 0.9296875 0.228515625 0.0556640625 0.0361328125
1 0.6455078125 0.9775390625 0.0263671875 0.044921875
1 0.4326171875 0.69921875 0.07421875 0.044921875
1 0.0869140625 0.8154296875 0.1591796875 0.0654296875
1 0.16796875 0.146484375 0.060546875 0.0283203125
1 0.4599609375 0.970703125 0.1328125 0.0576171875
1 0.470703125 0.2041015625 0.08984375 0.0263671875
1 0.123046875 0.1640625 0.0458984375 0.0625
1 0.04296875 0.7412109375 0.0771484375 0.0390625
1 0.0380859375 0.9228515625 0.07421875 0.0400390625
1 0.67578125 0.48828125 0.0361328125 0.05078125
1 0.1435546875 0.978515625 0.0498046875 0.033203125
1 0.7548828125 0.20703125 0.1328125 0.037109375
1 0.3095703125 0.7529296875 0.107421875 0.080078125
1 0.75390625 0.814453125 0.1103515625 0.03125
1 0.345703125 0.5283203125 0.0556640625 0.0888671875
1 0.5341796875 0.87109375 0.123046875 0.0673828125
1 0.19921875 0.5615234375 0.123046875 0.060546875
1 0.841796875 0.55078125 0.0556640625 0.041015625
1 0.767578125 0.755859375 0.0830078125 0.0283203125
1 0.685546875 0.078125 0.02734375 0.0576171875
1 0.96484375 0.4638671875 0.0498046875 0.0361328125
1 0.529296875 0.505859375 0.0693359375 0.0478515625
1 0.9599609375 0.2626953125 0.0595703125 0.02734375
1 0.3974609375 0.626953125 0.087890625 0.0341796875
1 0.3779296875 0.802734375 0.169921875 0.037109375
1 0.4052734375 0.9228515625 0.0869140625 0.041015625
1 0.29296875 0.4599609375 0.1025390625 0.0283203125
1 0.2373046875 0.98046875 0.0546875 0.0390625
1 0.6953125 0.2890625 0.1162109375 0.12890625
1 0.2236328125 0.2099609375 0.0517578125 0.03515625
1 0.5673828125 0.248046875 0.0634765625 0.0263671875
1 0.06640625 0.265625 0.0791015625 0.0322265625
1 0.939453125 0.8203125 0.08203125 0.033203125
1 0.6435546875 0.80859375 0.1181640625 0.03515625
1 0.2783203125 0.57421875 0.08984375 0.041015625
1 0.646484375 0.7783203125 0.1162109375 0.04296875
1 0.5048828125 0.1220703125 0.06640625 0.0283203125
1 0.470703125 0.5009765625 0.05859375 0.033203125
1 0.9775390625 0.3681640625 0.044921875 0.1328125
1 0.2314453125 0.701171875 0.0869140625 0.037109375
1 0.3466796875 0.19921875 0.0947265625 0.0185546875
1 0.677734375 0.24609375 0.0439453125 0.0712890625
1 0.9462890625 0.125 0.10546875 0.048828125
1 0.5390625 0.453125 0.0546875 0.0478515625
1 0.8681640625 0.443359375 0.0400390625 0.05078125
1 0.7578125 0.5791015625 0.044921875 0.05078125
1 0.953125 0.7900390625 0.07421875 0.0439453125
1 0.9404296875 0.90234375 0.1142578125 0.060546875
1 0.4140625 0.8427734375 0.119140625 0.0419921875
1 0.244140625 0.9814453125 0.12109375 0.0361328125
1 0.1123046875 0.5859375 0.06640625 0.0380859375
1 0.7734375 0.171875 0.0458984375 0.037109375
