1 0.8076171875 0.123046875 0.1015625 0.0341796875
1 0.3291015625 0.103515625 0.126953125 0.064453125
1 0.4296875 0.46875 0.169921875 0.1103515625
1 0.294921875 0.6396484375 0.0634765625 0.0556640625
1 0.3720703125 0.171875 0.125 0.103515625
1 0.408203125 0.6962890625 0.0654296875 0.0615234375
1 0.04296875 0.98046875 0.0869140625 0.0390625
1 0.1201171875 0.0322265625 0.1494140625 0.064453125
1 0.5673828125 0.0693359375 0.1044921875 0.107421875
1 0.93359375 0.859375 0.0791015625 0.095703125
1 0.0439453125 0.177734375 0.0888671875 0.078125
1 0.07421875 0.7177734375 0.10546875 0.1220703125
1 0.4892578125 0.619140625 0.109375 0.072265625
1 0.8876953125 0.806640625 0.060546875 0.08203125
1 0.732421875 0.439453125 0.14453125 0.060546875
1 0.54296875 0.1171875 0.146484375 0.083984375
1 0.806640625 0.59765625 0.076171875 0.0791015625
1 0.677734375 0.0263671875 0.0888671875 0.052734375
1 0.4599609375 0.9228515625 0.0576171875 0.0673828125
1 0.9794921875 0.4853515625 0.0400390625 0.1240234375
1 0.521484375 0.1943359375 0.134765625 0.0576171875
1 0.4130859375 0.1005859375 0.0654296875 0.109375
1 0.1318359375 0.2919921875 0.169921875 0.046875
1 0.263671875 0.8525390625 0.0927734375 0.0703125
1 0.08203125 0.8681640625 0.126953125 0.08984375
1 0.8974609375 0.0283203125 0.0986328125 0.056640625
1 0.0302734375 0.7734375 0.0615234375 0.052734375
1 0.0595703125 0.8173828125 0.1103515625 0.07421875
1 0.2998046875 0.9775390625 0.0927734375 0.0439453125
1 0.5048828125 0.9091796875 0.0986328125 0.1083984375
1 0.525390625 0.861328125 0.0751953125 0.060546875
1 0.02734375 0.232421875 0.0546875 0.0888671875
1 0.02734375 0.326171875 0.0546875 0.0517578125
1 0.8525390625 0.7470703125 0.103515625 0.0859375
1 0.7978515625 0.7802734375 0.1083984375 0.0908203125
1 0.7724609375 0.8173828125 0.064453125 0.08203125
1 0.7255859375 0.734375 0.126953125 0.0654296875
1 0.6708984375 0.791015625 0.1494140625 0.060546875
1 0.7001953125 0.7763671875 0.087890625 0.0439453125
1 0.8232421875 0.0234375 0.107421875 0.046875
1 0.8017578125 0.05859375 0.1201171875 0.0478515625
1 0.708984375 0.197265625 0.08984375 0.0595703125
1 0.8466796875 0.484375 0.111328125 0.0419921875
1 0.822265625 0.4541015625 0.1201171875 0.044921875
1 0.7587890625 0.556640625 0.21875 0.1357421875
1 0.7373046875 0.609375 0.134765625 0.14453125
1 0.6630859375 0.837890625 0.0703125 0.0634765625
1 0.1337890625 0.802734375 0.056640625 0.0458984375
