1 0.8564453125 0.787109375 0.087890625 0.1552734375
1 0.3173828125 0.7587890625 0.0771484375 0.103515625
1 0.9658203125 0.884765625 0.0673828125 0.072265625
1 0.171875 0.3330078125 0.07421875 0.0869140625
1 0.865234375 0.048828125 0.0751953125 0.09765625
1 0.716796875 0.439453125 0.07421875 0.072265625
1 0.2666015625 0.892578125 0.0966796875 0.1416015625
1 0.5771484375 0.55078125 0.1123046875 0.0556640625
1 0.7080078125 0.9736328125 0.09375 0.052734375
1 0.7041015625 0.171875 0.19921875 0.09375
1 0.0634765625 0.5458984375 0.0927734375 0.078125
1 0.1337890625 0.9619140625 0.1376953125 0.076171875
1 0.8544921875 0.349609375 0.0732421875 0.0791015625
1 0.083984375 0.3896484375 0.1572265625 0.1240234375
1 0.041015625 0.08984375 0.080078125 0.1220703125
1 0.7880859375 0.4775390625 0.08984375 0.0703125
1 0.69921875 0.8369140625 0.0849609375 0.0986328125
1 0.44921875 0.240234375 0.13671875 0.1796875
1 0.5595703125 0.4658203125 0.1201171875 0.103515625
1 0.763671875 0.2763671875 0.1015625 0.1533203125
1 0.169921875 0.513671875 0.1171875 0.087890625
1 0.1982421875 0.169921875 0.1376953125 0.078125
1 0.48046875 0.662109375 0.1123046875 0.11328125
1 0.9326171875 0.962890625 0.091796875 0.0712890625
1 0.1064453125 0.6123046875 0.1083984375 0.0927734375
1 0.5986328125 0.88671875 0.1337890625 0.083984375
1 0.865234375 0.1845703125 0.1142578125 0.11328125
1 0.0302734375 0.1611328125 0.0615234375 0.060546875
1 0.3173828125 0.3525390625 0.091796875 0.0830078125
1 0.2490234375 0.279296875 0.0703125 0.0732421875
1 0.1494140625 0.2734375 0.1201171875 0.080078125
1 0.0322265625 0.763671875 0.064453125 0.12109375
1 0.0458984375 0.8896484375 0.0927734375 0.091796875
1 0.236328125 0.875 0.0908203125 0.0810546875
1 0.2021484375 0.7099609375 0.0908203125 0.0791015625
1 0.2919921875 0.6826171875 0.0693359375 0.072265625
1 0.970703125 0.7822265625 0.0576171875 0.056640625
1 0.4970703125 0.658203125 0.0751953125 0.140625
1 0.916015625 0.3212890625 0.0546875 0.0556640625
1 0.908203125 0.0361328125 0.068359375 0.0732421875
1 0.66015625 0.576171875 0.107421875 0.1181640625
1 0.9208984375 0.271484375 0.0478515625 0.0361328125
