1 0.0185546875 0.189453125 0.037109375 0.0947265625
1 0.0478515625 0.123046875 0.0771484375 0.0771484375
1 0.150390625 0.275390625 0.078125 0.0966796875
1 0.0927734375 0.52734375 0.06640625 0.09375
1 0.1884765625 0.49609375 0.072265625 0.189453125
1 0.419921875 0.9052734375 0.083984375 0.0869140625
1 0.58203125 0.97265625 0.099609375 0.0537109375
1 0.8857421875 0.94921875 0.0849609375 0.1005859375
1 0.693359375 0.646484375 0.072265625 0.0927734375
1 0.5478515625 0.599609375 0.0625 0.0751953125
1 0.4296875 0.6162109375 0.08984375 0.072265625
1 0.3701171875 0.681640625 0.0703125 0.064453125
1 0.2841796875 0.775390625 0.11328125 0.13671875
1 0.34375 0.5927734375 0.107421875 0.1123046875
1 0.3291015625 0.4833984375 0.0986328125 0.0927734375
1 0.30859375 0.3994140625 0.064453125 0.07421875
1 0.4169921875 0.3759765625 0.0791015625 0.109375
1 0.38671875 0.2119140625 0.08984375 0.1044921875
1 0.365234375 0.1025390625 0.0966796875 0.1513671875
1 0.671875 0.166015625 0.080078125 0.0654296875
1 0.6943359375 0.2314453125 0.1435546875 0.1005859375
1 0.7900390625 0.1689453125 0.095703125 0.1044921875
1 0.666015625 0.443359375 0.0859375 0.09765625
1 0.60546875 0.5048828125 0.1396484375 0.0869140625
1 0.85546875 0.439453125 0.0654296875 0.1376953125
1 0.943359375 0.60546875 0.091796875 0.1064453125
1 0.9365234375 0.2392578125 0.1005859375 0.0751953125
1 0.6162109375 0.0283203125 0.0888671875 0.056640625
1 0.5361328125 0.048828125 0.076171875 0.0986328125
1 0.615234375 0.8251953125 0.14453125 0.0859375
1 0.5654296875 0.6533203125 0.1181640625 0.091796875
1 0.70703125 0.5263671875 0.0751953125 0.0869140625
1 0.9228515625 0.0400390625 0.083984375 0.080078125
