1 0.375 0.1904296875 0.1298828125 0.0966796875
1 0.73828125 0.0390625 0.1328125 0.078125
1 0.228515625 0.7421875 0.109375 0.080078125
1 0.234375 0.13671875 0.140625 0.107421875
1 0.9560546875 0.55859375 0.087890625 0.1142578125
1 0.2822265625 0.322265625 0.16015625 0.134765625
1 0.4228515625 0.064453125 0.0927734375 0.072265625
1 0.2626953125 0.52734375 0.1923828125 0.1474609375
1 0.5830078125 0.333984375 0.1826171875 0.1142578125
1 0.681640625 0.76171875 0.0693359375 0.0849609375
1 0.6572265625 0.115234375 0.099609375 0.0771484375
1 0.5029296875 0.8603515625 0.0673828125 0.0771484375
1 0.408203125 0.974609375 0.091796875 0.05078125
1 0.6064453125 0.96484375 0.1552734375 0.0703125
1 0.4970703125 0.0234375 0.1044921875 0.046875
1 0.0634765625 0.6357421875 0.1220703125 0.15625
1 0.7734375 0.87109375 0.08984375 0.0830078125
