1 0.9228515625 0.71875 0.1181640625 0.0947265625
1 0.78125 0.55078125 0.0751953125 0.08203125
1 0.1865234375 0.3173828125 0.09375 0.10546875
1 0.943359375 0.37890625 0.091796875 0.0654296875
1 0.1181640625 0.8203125 0.072265625 0.1025390625
1 0.2978515625 0.0869140625 0.0703125 0.09765625
1 0.79296875 0.376953125 0.0830078125 0.099609375
1 0.65625 0.1240234375 0.0693359375 0.1005859375
1 0.19921875 0.68359375 0.064453125 0.0830078125
1 0.5634765625 0.658203125 0.087890625 0.1025390625
1 0.5712890625 0.453125 0.0947265625 0.1572265625
1 0.6796875 0.24609375 0.0537109375 0.107421875
1 0.69921875 0.8466796875 0.072265625 0.0703125
1 0.0751953125 0.0986328125 0.0576171875 0.099609375
1 0.1357421875 0.9716796875 0.123046875 0.0556640625
1 0.0703125 0.5302734375 0.05859375 0.080078125
1 0.63671875 0.7421875 0.0595703125 0.08984375
1 0.541015625 0.5078125 0.0625 0.0673828125
1 0.6357421875 0.96484375 0.0673828125 0.0673828125
1 0.693359375 0.0986328125 0.0478515625 0.0556640625
1 0.7431640625 0.0302734375 0.05859375 0.0576171875
