1 0.3359375 0.314453125 0.123046875 0.126953125
1 0.484375 0.361328125 0.10546875 0.17578125
1 0.525390625 0.5576171875 0.091796875 0.181640625
1 0.5595703125 0.6630859375 0.1533203125 0.0703125
1 0.705078125 0.6435546875 0.181640625 0.1171875
1 0.634765625 0.529296875 0.0830078125 0.091796875
1 0.638671875 0.48046875 0.119140625 0.076171875
1 0.9189453125 0.134765625 0.146484375 0.119140625
1 0.189453125 0.1474609375 0.1044921875 0.1640625
1 0.05078125 0.2099609375 0.1025390625 0.095703125
1 0.107421875 0.2841796875 0.119140625 0.1513671875
1 0.1630859375 0.6015625 0.193359375 0.1435546875
1 0.041015625 0.5146484375 0.08203125 0.1123046875
1 0.0185546875 0.6005859375 0.037109375 0.1103515625
1 0.306640625 0.765625 0.0771484375 0.08984375
1 0.294921875 0.87890625 0.0810546875 0.123046875
1 0.1572265625 0.9404296875 0.0859375 0.09375
1 0.0712890625 0.9599609375 0.1064453125 0.0791015625
1 0.0703125 0.884765625 0.0791015625 0.064453125
1 0.447265625 0.7978515625 0.123046875 0.1123046875
1 0.55859375 0.8662109375 0.2373046875 0.1455078125
1 0.451171875 0.9599609375 0.1474609375 0.080078125
1 0.8115234375 0.9482421875 0.205078125 0.103515625
1 0.947265625 0.7392578125 0.08984375 0.0751953125
1 0.513671875 0.04296875 0.1064453125 0.0859375
1 0.3203125 0.0947265625 0.0869140625 0.0751953125
