1 0.9453125 0.5390625 0.1083984375 0.1201171875
1 0.1630859375 0.4619140625 0.126953125 0.140625
1 0.72265625 0.1123046875 0.1025390625 0.08984375
1 0.4892578125 0.01953125 0.099609375 0.0390625
1 0.6328125 0.4716796875 0.0966796875 0.0751953125
1 0.546875 0.4287109375 0.10546875 0.0849609375
1 0.8193359375 0.521484375 0.0947265625 0.1044921875
1 0.541015625 0.5263671875 0.107421875 0.0849609375
1 0.5830078125 0.171875 0.1279296875 0.109375
1 0.8974609375 0.0478515625 0.0869140625 0.0830078125
1 0.92578125 0.2333984375 0.091796875 0.087890625
1 0.9638671875 0.7802734375 0.072265625 0.0830078125
1 0.3603515625 0.224609375 0.1181640625 0.095703125
1 0.7548828125 0.2080078125 0.08984375 0.087890625
1 0.3291015625 0.0185546875 0.0947265625 0.037109375
1 0.3642578125 0.0908203125 0.099609375 0.087890625
1 0.7060546875 0.7412109375 0.09765625 0.0947265625
1 0.76953125 0.416015625 0.095703125 0.087890625
1 0.8251953125 0.873046875 0.1767578125 0.162109375
1 0.11328125 0.806640625 0.142578125 0.1298828125
1 0.41015625 0.326171875 0.1826171875 0.1298828125
1 0.19140625 0.6396484375 0.0947265625 0.095703125
1 0.4228515625 0.828125 0.134765625 0.1552734375
1 0.755859375 0.5986328125 0.078125 0.0849609375
1 0.376953125 0.53125 0.080078125 0.0751953125
1 0.5771484375 0.2607421875 0.099609375 0.08203125
1 0.076171875 0.5908203125 0.0751953125 0.087890625
1 0.4765625 0.9482421875 0.1005859375 0.078125
1 0.6669921875 0.796875 0.099609375 0.08984375
1 0.5927734375 0.927734375 0.0771484375 0.0673828125
1 0.3427734375 0.4296875 0.0771484375 0.080078125
1 0.3203125 0.8896484375 0.0576171875 0.099609375
1 0.2177734375 0.0185546875 0.0732421875 0.037109375
1 0.1376953125 0.681640625 0.0673828125 0.080078125
1 0.04296875 0.279296875 0.0830078125 0.0947265625
1 0.037109375 0.021484375 0.07421875 0.0439453125
1 0.443359375 0.6708984375 0.0625 0.052734375
1 0.0419921875 0.9404296875 0.083984375 0.1181640625
1 0.208984375 0.970703125 0.13671875 0.05859375
1 0.9072265625 0.37890625 0.064453125 0.0498046875
1 0.04296875 0.451171875 0.0830078125 0.0849609375
1 0.01953125 0.6533203125 0.03515625 0.09765625
1 0.4814453125 0.7734375 0.0693359375 0.052734375
1 0.2841796875 0.9052734375 0.0849609375 0.0732421875
