1 0.74609375 0.7021484375 0.107421875 0.064453125
1 0.6513671875 0.4375 0.0947265625 0.095703125
1 0.6943359375 0.134765625 0.0849609375 0.080078125
1 0.5634765625 0.0380859375 0.072265625 0.052734375
1 0.5546875 0.63671875 0.115234375 0.0654296875
1 0.9482421875 0.326171875 0.091796875 0.09765625
1 0.685546875 0.5869140625 0.1572265625 0.115234375
1 0.7568359375 0.2080078125 0.08984375 0.1025390625
1 0.1943359375 0.6376953125 0.0498046875 0.0517578125
1 0.26953125 0.5791015625 0.115234375 0.1103515625
1 0.275390625 0.4755859375 0.0625 0.123046875
1 0.8369140625 0.48828125 0.08984375 0.087890625
1 0.2470703125 0.2275390625 0.0947265625 0.0859375
1 0.9423828125 0.57421875 0.115234375 0.1298828125
1 0.873046875 0.9521484375 0.107421875 0.095703125
1 0.35546875 0.66796875 0.0625 0.0625
1 0.783203125 0.93359375 0.087890625 0.09765625
1 0.5068359375 0.7568359375 0.10546875 0.08984375
1 0.4755859375 0.6083984375 0.08203125 0.126953125
1 0.0771484375 0.751953125 0.115234375 0.109375
1 0.267578125 0.0322265625 0.0673828125 0.060546875
1 0.33203125 0.0390625 0.060546875 0.0751953125
1 0.2080078125 0.4716796875 0.0673828125 0.115234375
1 0.10546875 0.162109375 0.0830078125 0.099609375
1 0.35546875 0.7880859375 0.0927734375 0.072265625
1 0.3896484375 0.431640625 0.08984375 0.080078125
1 0.654296875 0.2841796875 0.03515625 0.0625
