1 0.04296875 0.328125 0.0859375 0.0966796875
1 0.10546875 0.21484375 0.142578125 0.0771484375
1 0.4189453125 0.0693359375 0.142578125 0.0791015625
1 0.5498046875 0.1103515625 0.0869140625 0.0771484375
1 0.740234375 0.03515625 0.146484375 0.0595703125
1 0.7841796875 0.103515625 0.083984375 0.072265625
1 0.9501953125 0.0869140625 0.0830078125 0.09765625
1 0.939453125 0.19140625 0.0771484375 0.0615234375
1 0.7197265625 0.283203125 0.0771484375 0.0810546875
1 0.505859375 0.4228515625 0.0791015625 0.158203125
1 0.9501953125 0.337890625 0.0986328125 0.087890625
1 0.96875 0.5146484375 0.0615234375 0.1005859375
1 0.9033203125 0.6728515625 0.0703125 0.0751953125
1 0.7138671875 0.7109375 0.0751953125 0.064453125
1 0.8095703125 0.6240234375 0.0830078125 0.1142578125
1 0.794921875 0.7255859375 0.078125 0.060546875
1 0.2861328125 0.642578125 0.103515625 0.078125
1 0.40234375 0.5791015625 0.09765625 0.078125
1 0.0458984375 0.564453125 0.091796875 0.0615234375
1 0.3076171875 0.771484375 0.0791015625 0.07421875
1 0.1279296875 0.978515625 0.0771484375 0.04296875
1 0.2509765625 0.89453125 0.0927734375 0.0947265625
1 0.3681640625 0.9580078125 0.10546875 0.0830078125
1 0.5830078125 0.9833984375 0.09765625 0.033203125
1 0.587890625 0.9140625 0.0771484375 0.07421875
1 0.640625 0.822265625 0.0986328125 0.0771484375
1 0.8818359375 0.9658203125 0.0888671875 0.068359375
1 0.0234375 0.2021484375 0.0478515625 0.0927734375
1 0.837890625 0.44921875 0.07421875 0.1201171875
1 0.54296875 0.6884765625 0.0869140625 0.095703125
