1 0.76953125 0.1748046875 0.1103515625 0.08984375
1 0.8984375 0.1982421875 0.0908203125 0.0703125
1 0.931640625 0.107421875 0.060546875 0.060546875
1 0.853515625 0.2373046875 0.078125 0.05078125
1 0.88671875 0.3173828125 0.052734375 0.072265625
1 0.966796875 0.3388671875 0.0654296875 0.060546875
1 0.515625 0.2353515625 0.1064453125 0.068359375
1 0.3369140625 0.05078125 0.1044921875 0.072265625
1 0.1259765625 0.1279296875 0.0615234375 0.10546875
1 0.1796875 0.138671875 0.0546875 0.07421875
1 0.328125 0.3203125 0.1083984375 0.080078125
1 0.4482421875 0.3291015625 0.08203125 0.0751953125
1 0.53515625 0.39453125 0.0966796875 0.0625
1 0.3662109375 0.4150390625 0.08203125 0.09375
1 0.1083984375 0.4609375 0.095703125 0.119140625
1 0.05078125 0.337890625 0.1025390625 0.0703125
1 0.025390625 0.7001953125 0.0517578125 0.0869140625
1 0.0576171875 0.8427734375 0.09375 0.1025390625
1 0.2275390625 0.6796875 0.1142578125 0.083984375
1 0.58984375 0.705078125 0.0791015625 0.1123046875
1 0.64453125 0.8056640625 0.0673828125 0.0751953125
1 0.6865234375 0.83984375 0.0537109375 0.076171875
1 0.7431640625 0.80078125 0.095703125 0.0908203125
1 0.8603515625 0.8837890625 0.0947265625 0.07421875
1 0.48046875 0.8720703125 0.0576171875 0.0859375
1 0.3955078125 0.8671875 0.064453125 0.0625
1 0.326171875 0.83203125 0.0625 0.0732421875
1 0.400390625 0.71875 0.0576171875 0.06640625
1 0.4921875 0.7177734375 0.072265625 0.0673828125
1 0.8408203125 0.7314453125 0.0869140625 0.05859375
1 0.802734375 0.552734375 0.0732421875 0.0703125
1 0.931640625 0.623046875 0.1044921875 0.1298828125
1 0.541015625 0.646484375 0.0849609375 0.05859375
1 0.35546875 0.76953125 0.0849609375 0.056640625
1 0.5263671875 0.8310546875 0.064453125 0.0673828125
1 0.15625 0.689453125 0.056640625 0.0595703125
1 0.853515625 0.802734375 0.111328125 0.064453125
1 0.9296875 0.849609375 0.0673828125 0.0791015625
1 0.9443359375 0.94140625 0.0810546875 0.0869140625
1 0.4970703125 0.7763671875 0.0625 0.0517578125
1 0.2255859375 0.8134765625 0.0546875 0.0654296875
1 0.658203125 0.916015625 0.064453125 0.0869140625
1 0.4892578125 0.9013671875 0.0947265625 0.126953125
