1 0.048828125 0.0859375 0.0751953125 0.0986328125
1 0.228515625 0.0234375 0.0732421875 0.046875
1 0.1259765625 0.07421875 0.064453125 0.0556640625
1 0.1162109375 0.5283203125 0.0546875 0.0830078125
1 0.0361328125 0.578125 0.0732421875 0.07421875
1 0.1240234375 0.779296875 0.0869140625 0.07421875
1 0.013671875 0.81640625 0.0283203125 0.0625
1 0.115234375 0.8662109375 0.08984375 0.0869140625
1 0.2705078125 0.8583984375 0.083984375 0.0751953125
1 0.263671875 0.740234375 0.08203125 0.087890625
1 0.3486328125 0.7685546875 0.06640625 0.1142578125
1 0.2880859375 0.44140625 0.1103515625 0.0966796875
1 0.16015625 0.3369140625 0.0888671875 0.0810546875
1 0.3310546875 0.572265625 0.068359375 0.123046875
1 0.279296875 0.5810546875 0.0498046875 0.1337890625
1 0.2666015625 0.20703125 0.1064453125 0.076171875
1 0.48046875 0.013671875 0.0595703125 0.0283203125
1 0.45703125 0.076171875 0.0771484375 0.0673828125
1 0.431640625 0.1328125 0.0517578125 0.0546875
1 0.4072265625 0.248046875 0.0908203125 0.0947265625
1 0.49609375 0.349609375 0.068359375 0.0849609375
1 0.7041015625 0.220703125 0.08203125 0.0849609375
1 0.6572265625 0.1083984375 0.0751953125 0.0751953125
1 0.79296875 0.2041015625 0.0556640625 0.091796875
1 0.958984375 0.0830078125 0.08203125 0.0751953125
1 0.9326171875 0.01171875 0.080078125 0.0244140625
1 0.9384765625 0.267578125 0.0791015625 0.0693359375
1 0.8046875 0.345703125 0.0751953125 0.099609375
1 0.6962890625 0.3623046875 0.056640625 0.0849609375
1 0.693359375 0.49609375 0.0625 0.099609375
1 0.669921875 0.6201171875 0.072265625 0.10546875
1 0.923828125 0.49609375 0.080078125 0.1123046875
1 0.984375 0.41796875 0.03125 0.0849609375
1 0.9248046875 0.6953125 0.0654296875 0.091796875
1 0.9248046875 0.78125 0.0595703125 0.0673828125
1 0.8017578125 0.77734375 0.0576171875 0.0859375
1 0.9677734375 0.896484375 0.064453125 0.0830078125
1 0.97265625 0.94921875 0.0537109375 0.0556640625
1 0.595703125 0.9296875 0.0849609375 0.0634765625
1 0.7392578125 0.978515625 0.056640625 0.0419921875
1 0.4912109375 0.5361328125 0.05859375 0.0625
