1 0.873046875 0.1767578125 0.1123046875 0.115234375
1 0.0830078125 0.1552734375 0.134765625 0.1220703125
1 0.7119140625 0.5771484375 0.0849609375 0.10546875
1 0.70703125 0.2255859375 0.07421875 0.1376953125
1 0.8564453125 0.0615234375 0.1591796875 0.10546875
1 0.8193359375 0.4091796875 0.150390625 0.115234375
1 0.970703125 0.3876953125 0.05859375 0.095703125
1 0.064453125 0.3056640625 0.125 0.087890625
1 0.03125 0.0009765625 0.0625 0.001953125
1 0.8271484375 0.49609375 0.095703125 0.0625
1 0.748046875 0.70703125 0.1025390625 0.109375
1 0.599609375 0.087890625 0.0703125 0.0732421875
1 0.7841796875 0.2138671875 0.0654296875 0.0849609375
1 0.6953125 0.337890625 0.1533203125 0.1279296875
1 0.666015625 0.4306640625 0.0771484375 0.1142578125
1 0.94921875 0.2451171875 0.08984375 0.0771484375
1 0.068359375 0.349609375 0.08203125 0.080078125
1 0.03515625 0.689453125 0.0703125 0.0751953125
1 0.953125 0.654296875 0.0927734375 0.0751953125
1 0.7724609375 0.5771484375 0.0927734375 0.099609375
1 0.95703125 0.181640625 0.0859375 0.1201171875
1 0.876953125 0.6025390625 0.0830078125 0.087890625
1 0.7294921875 0.4609375 0.078125 0.1064453125
