1 0.1796875 0.109375 0.0361328125 0.025390625
1 0.275390625 0.125 0.0498046875 0.0322265625
1 0.4091796875 0.1142578125 0.0380859375 0.03515625
1 0.5087890625 0.193359375 0.0810546875 0.029296875
1 0.556640625 0.0517578125 0.0458984375 0.0419921875
1 0.5146484375 0.0341796875 0.076171875 0.029296875
1 0.6708984375 0.0947265625 0.0615234375 0.048828125
1 0.9287109375 0.0625 0.0546875 0.0517578125
1 0.8017578125 0.169921875 0.048828125 0.052734375
1 0.88671875 0.1552734375 0.0302734375 0.0302734375
1 0.908203125 0.5966796875 0.087890625 0.0390625
1 0.8232421875 0.4052734375 0.0390625 0.0546875
1 0.9541015625 0.216796875 0.064453125 0.037109375
1 0.75 0.337890625 0.0478515625 0.0634765625
1 0.6875 0.4462890625 0.037109375 0.0546875
1 0.6162109375 0.3505859375 0.0732421875 0.04296875
1 0.482421875 0.32421875 0.06640625 0.056640625
1 0.408203125 0.267578125 0.029296875 0.0283203125
1 0.38671875 0.3720703125 0.05859375 0.0341796875
1 0.4287109375 0.4130859375 0.041015625 0.03125
1 0.373046875 0.4267578125 0.046875 0.041015625
1 0.3623046875 0.5 0.0625 0.046875
1 0.4287109375 0.603515625 0.064453125 0.0673828125
1 0.5078125 0.6181640625 0.0390625 0.056640625
1 0.2568359375 0.52734375 0.0537109375 0.037109375
1 0.1767578125 0.482421875 0.0498046875 0.03515625
1 0.1533203125 0.3583984375 0.021484375 0.03515625
1 0.078125 0.212890625 0.0390625 0.0400390625
1 0.06640625 0.23046875 0.0498046875 0.029296875
1 0.046875 0.3193359375 0.0380859375 0.0478515625
1 0.044921875 0.484375 0.0341796875 0.0302734375
1 0.2119140625 0.5947265625 0.0380859375 0.04296875
1 0.0771484375 0.8115234375 0.046875 0.0771484375
1 0.1328125 0.8583984375 0.041015625 0.0595703125
1 0.2431640625 0.8828125 0.044921875 0.0546875
1 0.3095703125 0.654296875 0.03125 0.041015625
1 0.36328125 0.79296875 0.0234375 0.0400390625
1 0.4091796875 0.8671875 0.0458984375 0.044921875
1 0.509765625 0.818359375 0.06640625 0.064453125
1 0.5908203125 0.8671875 0.05078125 0.068359375
1 0.7275390625 0.970703125 0.0478515625 0.052734375
1 0.9580078125 0.7158203125 0.0751953125 0.1240234375
1 0.9521484375 0.8876953125 0.048828125 0.041015625
1 0.60546875 0.076171875 0.0546875 0.033203125
1 0.017578125 0.552734375 0.0283203125 0.0576171875
