1 0.03515625 0.40234375 0.0712890625 0.0751953125
1 0.1005859375 0.42578125 0.0576171875 0.076171875
1 0.2099609375 0.478515625 0.09765625 0.0537109375
1 0.4111328125 0.474609375 0.095703125 0.07421875
1 0.400390625 0.4072265625 0.0810546875 0.068359375
1 0.4619140625 0.3828125 0.068359375 0.1162109375
1 0.64453125 0.345703125 0.076171875 0.1474609375
1 0.673828125 0.44140625 0.0712890625 0.0859375
1 0.5986328125 0.5224609375 0.0654296875 0.0556640625
1 0.2421875 0.01953125 0.1015625 0.0400390625
1 0.3662109375 0.140625 0.11328125 0.0791015625
1 0.5205078125 0.1259765625 0.130859375 0.0869140625
1 0.6083984375 0.16796875 0.1669921875 0.087890625
1 0.884765625 0.333984375 0.11328125 0.181640625
1 0.0458984375 0.5068359375 0.091796875 0.087890625
1 0.03515625 0.5703125 0.0712890625 0.0703125
1 0.21484375 0.6416015625 0.1474609375 0.0576171875
1 0.46875 0.5947265625 0.1630859375 0.0576171875
1 0.5029296875 0.6435546875 0.109375 0.0703125
1 0.60546875 0.6064453125 0.064453125 0.0634765625
1 0.66796875 0.736328125 0.11328125 0.1552734375
1 0.8271484375 0.849609375 0.1826171875 0.06640625
1 0.7412109375 0.8896484375 0.0908203125 0.0869140625
1 0.9609375 0.1865234375 0.0771484375 0.083984375
1 0.9482421875 0.3232421875 0.1025390625 0.08984375
1 0.951171875 0.2568359375 0.0966796875 0.1005859375
1 0.9765625 0.3896484375 0.0458984375 0.0537109375
1 0.8837890625 0.455078125 0.08984375 0.103515625
1 0.927734375 0.544921875 0.1298828125 0.12890625
1 0.7763671875 0.4423828125 0.1005859375 0.1875
1 0.7900390625 0.353515625 0.0546875 0.123046875
1 0.6708984375 0.0625 0.123046875 0.0556640625
1 0.599609375 0.0224609375 0.0673828125 0.0458984375
1 0.47265625 0.0458984375 0.1376953125 0.0546875
1 0.8369140625 0.0283203125 0.12890625 0.056640625
1 0.609375 0.9716796875 0.0673828125 0.0556640625
1 0.3857421875 0.9453125 0.1044921875 0.109375
1 0.34765625 0.8056640625 0.0966796875 0.1259765625
1 0.26171875 0.7978515625 0.0732421875 0.0673828125
1 0.1123046875 0.7392578125 0.146484375 0.087890625
1 0.0595703125 0.828125 0.1201171875 0.1103515625
1 0.166015625 0.966796875 0.091796875 0.0654296875
1 0.1064453125 0.666015625 0.0478515625 0.0498046875
1 0.2021484375 0.6220703125 0.11328125 0.0625
