1 0.904296875 0.43359375 0.19140625 0.142578125
1 0.9130859375 0.1103515625 0.1279296875 0.220703125
1 0.1943359375 0.4013671875 0.162109375 0.0947265625
1 0.7158203125 0.5703125 0.0986328125 0.0849609375
1 0.3955078125 0.0517578125 0.330078125 0.0830078125
1 0.3408203125 0.1240234375 0.248046875 0.103515625
1 0.7431640625 0.4423828125 0.1455078125 0.0849609375
1 0.4228515625 0.2080078125 0.1044921875 0.09375
1 0.6875 0.021484375 0.2001953125 0.0439453125
1 0.4541015625 0.9189453125 0.2763671875 0.095703125
1 0.5478515625 0.8642578125 0.21484375 0.09765625
1 0.7734375 0.88671875 0.14453125 0.1171875
1 0.6982421875 0.7236328125 0.1494140625 0.0966796875
1 0.810546875 0.7705078125 0.15234375 0.0498046875
1 0.23046875 0.5361328125 0.0986328125 0.1240234375
1 0.0546875 0.3486328125 0.1083984375 0.0869140625
1 0.046875 0.412109375 0.09375 0.0634765625
1 0.060546875 0.220703125 0.11328125 0.0673828125
1 0.0439453125 0.083984375 0.0888671875 0.072265625
1 0.6142578125 0.4853515625 0.05859375 0.12890625
1 0.8466796875 0.1669921875 0.296875 0.169921875
1 0.71875 0.134765625 0.212890625 0.08203125
1 0.7197265625 0.177734375 0.1201171875 0.060546875
1 0.474609375 0.9619140625 0.0673828125 0.0751953125
