1 0.216796875 0.04296875 0.0986328125 0.0859375
1 0.0615234375 0.4326171875 0.078125 0.0830078125
1 0.7236328125 0.734375 0.103515625 0.095703125
1 0.716796875 0.5654296875 0.0654296875 0.056640625
1 0.0849609375 0.2900390625 0.138671875 0.064453125
1 0.3251953125 0.791015625 0.091796875 0.0458984375
1 0.974609375 0.1962890625 0.05078125 0.08984375
1 0.828125 0.9287109375 0.1123046875 0.044921875
1 0.26953125 0.7314453125 0.12890625 0.0576171875
1 0.8212890625 0.650390625 0.1318359375 0.1015625
1 0.01171875 0.546875 0.0234375 0.0478515625
1 0.65234375 0.521484375 0.1064453125 0.0478515625
1 0.5244140625 0.525390625 0.0751953125 0.0439453125
1 0.4990234375 0.62890625 0.083984375 0.123046875
1 0.6943359375 0.810546875 0.1259765625 0.0498046875
1 0.396484375 0.3359375 0.025390625 0.1103515625
1 0.0732421875 0.865234375 0.0654296875 0.0517578125
1 0.1728515625 0.927734375 0.125 0.056640625
1 0.3154296875 0.8427734375 0.0908203125 0.0322265625
1 0.9404296875 0.080078125 0.046875 0.1416015625
1 0.478515625 0.822265625 0.0712890625 0.0439453125
1 0.275390625 0.4541015625 0.07421875 0.0439453125
1 0.744140625 0.2158203125 0.1044921875 0.0380859375
1 0.8466796875 0.8671875 0.0908203125 0.041015625
1 0.7578125 0.3984375 0.05078125 0.025390625
1 0.5146484375 0.15625 0.048828125 0.083984375
1 0.064453125 0.193359375 0.1005859375 0.02734375
1 0.0810546875 0.0205078125 0.0947265625 0.021484375
1 0.0224609375 0.12890625 0.044921875 0.103515625
1 0.8818359375 0.4833984375 0.09765625 0.0546875
1 0.2587890625 0.2041015625 0.068359375 0.01953125
1 0.6484375 0.8720703125 0.06640625 0.0400390625
1 0.955078125 0.603515625 0.0859375 0.0634765625
1 0.0537109375 0.7158203125 0.107421875 0.10546875
1 0.2451171875 0.5185546875 0.201171875 0.087890625
1 0.0546875 0.9580078125 0.1103515625 0.0400390625
1 0.560546875 0.0244140625 0.0556640625 0.0205078125
1 0.78515625 0.275390625 0.13671875 0.0419921875
1 0.412109375 0.5673828125 0.056640625 0.0361328125
1 0.4697265625 0.9833984375 0.033203125 0.0322265625
1 0.009765625 0.212890625 0.0205078125 0.0205078125
1 0.130859375 0.5751953125 0.0546875 0.037109375
1 0.1982421875 0.5263671875 0.2138671875 0.0625
1 0.509765625 0.1396484375 0.171875 0.087890625
1 0.71484375 0.025390625 0.123046875 0.033203125
1 0.8095703125 0.751953125 0.0859375 0.03515625
1 0.4072265625 0.2646484375 0.0341796875 0.05859375
1 0.4599609375 0.9287109375 0.08984375 0.0185546875
1 0.16015625 0.9912109375 0.0546875 0.017578125
1 0.33984375 0.0283203125 0.0732421875 0.046875
1 0.546875 0.9775390625 0.056640625 0.0400390625
1 0.9765625 0.521484375 0.046875 0.0185546875
1 0.634765625 0.142578125 0.0400390625 0.05859375
1 0.1005859375 0.591796875 0.0341796875 0.0576171875
1 0.1630859375 0.630859375 0.0341796875 0.048828125
1 0.9755859375 0.9375 0.0439453125 0.0546875
1 0.494140625 0.0205078125 0.140625 0.041015625
1 0.8017578125 0.0390625 0.0830078125 0.0703125
1 0.3515625 0.3271484375 0.0654296875 0.0185546875
1 0.150390625 0.19140625 0.0712890625 0.052734375
1 0.677734375 0.2265625 0.189453125 0.099609375
1 0.291015625 0.5166015625 0.087890625 0.0791015625
1 0.33984375 0.474609375 0.0693359375 0.02734375
1 0.6220703125 0.5771484375 0.125 0.044921875
1 0.9287109375 0.5283203125 0.044921875 0.0439453125
1 0.9013671875 0.4892578125 0.1484375 0.05078125
1 0.548828125 0.2626953125 0.056640625 0.044921875
1 0.3896484375 0.0078125 0.0546875 0.015625
1 0.75 0.900390625 0.0556640625 0.044921875
1 0.083984375 0.15625 0.05859375 0.0458984375
