1 0.0849609375 0.9658203125 0.06640625 0.0673828125
1 0.0302734375 0.9482421875 0.0615234375 0.0830078125
1 0.02734375 0.12890625 0.0546875 0.08203125
1 0.091796875 0.2763671875 0.072265625 0.078125
1 0.142578125 0.0830078125 0.08984375 0.1005859375
1 0.115234375 0.0234375 0.0673828125 0.046875
1 0.4111328125 0.041015625 0.048828125 0.0615234375
1 0.2587890625 0.1181640625 0.0537109375 0.060546875
1 0.4970703125 0.0498046875 0.060546875 0.0517578125
1 0.556640625 0.0439453125 0.125 0.087890625
1 0.5263671875 0.1103515625 0.0966796875 0.0712890625
1 0.7080078125 0.2294921875 0.08203125 0.0810546875
1 0.716796875 0.0546875 0.0595703125 0.06640625
1 0.8037109375 0.044921875 0.060546875 0.064453125
1 0.94921875 0.015625 0.0693359375 0.03125
1 0.9453125 0.0576171875 0.0537109375 0.052734375
1 0.888671875 0.126953125 0.056640625 0.0478515625
1 0.9228515625 0.8349609375 0.0849609375 0.0830078125
1 0.8740234375 0.970703125 0.0654296875 0.0576171875
1 0.31640625 0.9638671875 0.0791015625 0.0712890625
1 0.486328125 0.9287109375 0.0595703125 0.0634765625
1 0.3876953125 0.8212890625 0.111328125 0.109375
1 0.46484375 0.8544921875 0.0478515625 0.0546875
1 0.2099609375 0.818359375 0.0615234375 0.0556640625
1 0.216796875 0.7314453125 0.0712890625 0.0859375
1 0.3447265625 0.7236328125 0.0654296875 0.080078125
1 0.3173828125 0.681640625 0.0986328125 0.1103515625
1 0.26171875 0.6005859375 0.0859375 0.07421875
1 0.3095703125 0.556640625 0.0849609375 0.0859375
1 0.384765625 0.4951171875 0.068359375 0.0556640625
1 0.45703125 0.58203125 0.0546875 0.0546875
1 0.494140625 0.6328125 0.0908203125 0.0908203125
1 0.6201171875 0.5986328125 0.0654296875 0.0986328125
1 0.7451171875 0.5830078125 0.0478515625 0.0712890625
1 0.78515625 0.64453125 0.0830078125 0.1328125
1 0.6982421875 0.4853515625 0.0927734375 0.0703125
1 0.5185546875 0.478515625 0.083984375 0.056640625
1 0.58984375 0.4619140625 0.0712890625 0.0810546875
1 0.7314453125 0.400390625 0.08203125 0.0615234375
1 0.828125 0.41015625 0.0478515625 0.060546875
1 0.908203125 0.4765625 0.0595703125 0.0712890625
1 0.9619140625 0.4345703125 0.0751953125 0.056640625
1 0.982421875 0.38671875 0.0341796875 0.0712890625
1 0.478515625 0.3935546875 0.0869140625 0.08203125
1 0.4248046875 0.4013671875 0.0615234375 0.056640625
1 0.3251953125 0.4111328125 0.0751953125 0.0732421875
1 0.2451171875 0.4033203125 0.091796875 0.0712890625
1 0.205078125 0.4599609375 0.0654296875 0.0673828125
1 0.0712890625 0.45703125 0.0751953125 0.072265625
1 0.677734375 0.58203125 0.0537109375 0.0693359375
1 0.0185546875 0.990234375 0.037109375 0.01953125
1 0.5966796875 0.990234375 0.056640625 0.01953125
1 0.9365234375 0.9921875 0.072265625 0.0146484375
1 0.51171875 0.8134765625 0.07421875 0.05859375
1 0.984375 0.486328125 0.0302734375 0.064453125
1 0.650390625 0.416015625 0.0986328125 0.087890625
1 0.16015625 0.025390625 0.0654296875 0.0517578125
1 0.5537109375 0.0166015625 0.056640625 0.0341796875
