1 0.0185546875 0.8701171875 0.037109375 0.140625
1 0.123046875 0.9208984375 0.1171875 0.056640625
1 0.0869140625 0.5712890625 0.072265625 0.1162109375
1 0.1044921875 0.0908203125 0.130859375 0.1162109375
1 0.142578125 0.1884765625 0.138671875 0.087890625
1 0.2548828125 0.2080078125 0.1376953125 0.05859375
1 0.2001953125 0.0439453125 0.0751953125 0.087890625
1 0.2314453125 0.01953125 0.048828125 0.0390625
1 0.5517578125 0.044921875 0.0927734375 0.0673828125
1 0.443359375 0.06640625 0.1201171875 0.109375
1 0.4130859375 0.2421875 0.0537109375 0.0703125
1 0.48828125 0.3046875 0.095703125 0.0654296875
1 0.8134765625 0.1904296875 0.1162109375 0.0966796875
1 0.7421875 0.109375 0.07421875 0.0615234375
1 0.95703125 0.0361328125 0.0791015625 0.072265625
1 0.5634765625 0.4169921875 0.076171875 0.078125
1 0.6767578125 0.431640625 0.091796875 0.1494140625
1 0.759765625 0.4091796875 0.05859375 0.0771484375
1 0.939453125 0.2939453125 0.0771484375 0.091796875
1 0.927734375 0.58984375 0.099609375 0.0712890625
1 0.1201171875 0.466796875 0.1015625 0.0791015625
1 0.1708984375 0.3603515625 0.1171875 0.0673828125
1 0.287109375 0.5126953125 0.0751953125 0.0859375
1 0.294921875 0.599609375 0.05859375 0.099609375
1 0.2119140625 0.705078125 0.0693359375 0.158203125
1 0.265625 0.7001953125 0.1044921875 0.166015625
1 0.3779296875 0.6796875 0.0791015625 0.1142578125
1 0.4921875 0.638671875 0.0810546875 0.109375
1 0.4560546875 0.4765625 0.1025390625 0.1455078125
1 0.5986328125 0.5693359375 0.0546875 0.109375
1 0.6787109375 0.55078125 0.072265625 0.107421875
1 0.72265625 0.6865234375 0.1650390625 0.1142578125
1 0.8837890625 0.826171875 0.0771484375 0.275390625
1 0.7880859375 0.84765625 0.0908203125 0.2392578125
1 0.47265625 0.90625 0.0517578125 0.0556640625
1 0.333984375 0.93359375 0.0732421875 0.087890625
1 0.044921875 0.853515625 0.078125 0.0576171875
1 0.48046875 0.5126953125 0.1064453125 0.0693359375
1 0.4599609375 0.6796875 0.07421875 0.064453125
1 0.5361328125 0.6708984375 0.1494140625 0.2021484375
1 0.244140625 0.8720703125 0.095703125 0.189453125
