1 0.9345703125 0.876953125 0.130859375 0.10546875
1 0.7333984375 0.013671875 0.1328125 0.02734375
1 0.287109375 0.310546875 0.09765625 0.0947265625
1 0.9697265625 0.03125 0.060546875 0.0625
1 0.6005859375 0.947265625 0.107421875 0.10546875
1 0.208984375 0.1630859375 0.1142578125 0.09765625
1 0.4375 0.212890625 0.1298828125 0.09765625
1 0.8359375 0.25 0.1171875 0.0771484375
1 0.9658203125 0.7802734375 0.068359375 0.0927734375
1 0.8994140625 0.7314453125 0.109375 0.0654296875
1 0.66015625 0.6279296875 0.0576171875 0.072265625
1 0.595703125 0.751953125 0.107421875 0.109375
1 0.1455078125 0.658203125 0.1123046875 0.1025390625
1 0.931640625 0.5029296875 0.0751953125 0.0869140625
1 0.09765625 0.208984375 0.0673828125 0.0654296875
1 0.654296875 0.396484375 0.115234375 0.0947265625
1 0.2177734375 0.8076171875 0.0830078125 0.0869140625
1 0.6865234375 0.552734375 0.0791015625 0.0771484375
1 0.71875 0.455078125 0.0751953125 0.0830078125
1 0.51953125 0.6640625 0.0859375 0.0947265625
1 0.708984375 0.1142578125 0.0849609375 0.099609375
1 0.0771484375 0.578125 0.0703125 0.0576171875
1 0.818359375 0.404296875 0.091796875 0.0849609375
1 0.23046875 0.0400390625 0.0869140625 0.0771484375
1 0.2841796875 0.076171875 0.0849609375 0.0625
1 0.037109375 0.1064453125 0.0703125 0.0595703125
1 0.1943359375 0.359375 0.064453125 0.064453125
1 0.7978515625 0.1806640625 0.0927734375 0.142578125
1 0.890625 0.1376953125 0.08203125 0.1279296875
