1 0.5224609375 0.4296875 0.130859375 0.1162109375
1 0.4345703125 0.2333984375 0.099609375 0.123046875
1 0.4072265625 0.02734375 0.15625 0.0556640625
1 0.654296875 0.16015625 0.0849609375 0.0869140625
1 0.9560546875 0.5244140625 0.087890625 0.1298828125
1 0.951171875 0.84765625 0.09765625 0.1376953125
1 0.3203125 0.1845703125 0.1474609375 0.115234375
1 0.4091796875 0.759765625 0.12890625 0.205078125
1 0.591796875 0.1103515625 0.0849609375 0.0869140625
1 0.943359375 0.2568359375 0.0947265625 0.1396484375
1 0.318359375 0.685546875 0.15234375 0.1279296875
1 0.34375 0.943359375 0.146484375 0.1123046875
1 0.669921875 0.0830078125 0.1025390625 0.0673828125
1 0.453125 0.970703125 0.0869140625 0.0537109375
