1 0.0556640625 0.25390625 0.0673828125 0.0751953125
1 0.484375 0.3544921875 0.1328125 0.0546875
1 0.3388671875 0.5693359375 0.07421875 0.0625
1 0.361328125 0.513671875 0.0439453125 0.083984375
1 0.716796875 0.1865234375 0.09375 0.0576171875
1 0.8369140625 0.953125 0.138671875 0.0712890625
1 0.953125 0.1474609375 0.0712890625 0.0810546875
1 0.9814453125 0.9755859375 0.037109375 0.0458984375
1 0.8291015625 0.3076171875 0.11328125 0.037109375
1 0.2890625 0.8251953125 0.0732421875 0.0498046875
1 0.3359375 0.1201171875 0.05078125 0.083984375
1 0.4150390625 0.4755859375 0.10546875 0.09375
1 0.27734375 0.619140625 0.068359375 0.0537109375
1 0.7255859375 0.291015625 0.0703125 0.0615234375
1 0.1396484375 0.1806640625 0.119140625 0.087890625
1 0.9384765625 0.427734375 0.0869140625 0.04296875
1 0.0693359375 0.4365234375 0.087890625 0.0634765625
1 0.3515625 0.796875 0.15234375 0.0673828125
1 0.255859375 0.3046875 0.109375 0.0810546875
1 0.8349609375 0.068359375 0.056640625 0.0595703125
1 0.5205078125 0.2333984375 0.1015625 0.056640625
1 0.21484375 0.453125 0.0859375 0.0537109375
1 0.2001953125 0.52734375 0.1328125 0.0908203125
1 0.8720703125 0.5224609375 0.12109375 0.05078125
1 0.298828125 0.4853515625 0.087890625 0.05078125
1 0.173828125 0.14453125 0.146484375 0.0634765625
1 0.2421875 0.228515625 0.115234375 0.1123046875
1 0.6611328125 0.234375 0.083984375 0.05859375
1 0.185546875 0.97265625 0.091796875 0.0400390625
1 0.9609375 0.1240234375 0.072265625 0.0634765625
1 0.044921875 0.1220703125 0.0673828125 0.0693359375
1 0.9765625 0.39453125 0.0458984375 0.0283203125
1 0.2998046875 0.369140625 0.119140625 0.0478515625
1 0.634765625 0.4931640625 0.0751953125 0.0595703125
1 0.4775390625 0.0185546875 0.046875 0.0361328125
1 0.9150390625 0.798828125 0.0673828125 0.046875
1 0.9482421875 0.21484375 0.083984375 0.0439453125
1 0.4912109375 0.6396484375 0.146484375 0.0732421875
1 0.5498046875 0.7275390625 0.087890625 0.0537109375
1 0.603515625 0.185546875 0.1826171875 0.0439453125
1 0.7119140625 0.7109375 0.08203125 0.0615234375
1 0.0439453125 0.6142578125 0.0888671875 0.044921875
1 0.84375 0.2763671875 0.11328125 0.04296875
1 0.6494140625 0.712890625 0.056640625 0.0361328125
1 0.7646484375 0.4677734375 0.0693359375 0.037109375
1 0.525390625 0.28515625 0.0703125 0.0380859375
1 0.1767578125 0.3046875 0.0888671875 0.0234375
1 0.9326171875 0.240234375 0.0791015625 0.0478515625
1 0.1748046875 0.248046875 0.1201171875 0.03125
1 0.7041015625 0.955078125 0.0634765625 0.0888671875
1 0.6103515625 0.640625 0.0498046875 0.03515625
1 0.0166015625 0.3818359375 0.033203125 0.0771484375
1 0.1201171875 0.7099609375 0.076171875 0.041015625
1 0.1416015625 0.03515625 0.0986328125 0.0693359375
1 0.9384765625 0.9716796875 0.0546875 0.056640625
1 0.9404296875 0.939453125 0.056640625 0.0537109375
1 0.7470703125 0.0849609375 0.041015625 0.0419921875
1 0.0478515625 0.01171875 0.0673828125 0.0244140625
1 0.7529296875 0.2392578125 0.05859375 0.02734375
1 0.7275390625 0.1435546875 0.146484375 0.0380859375
1 0.8857421875 0.458984375 0.0498046875 0.0478515625
1 0.369140625 0.9013671875 0.099609375 0.044921875
1 0.2431640625 0.5107421875 0.1337890625 0.0751953125
1 0.3984375 0.8740234375 0.091796875 0.041015625
1 0.9248046875 0.201171875 0.0859375 0.05078125
1 0.6103515625 0.142578125 0.06640625 0.0361328125
1 0.087890625 0.5771484375 0.0546875 0.0380859375
1 0.1142578125 0.5458984375 0.1181640625 0.0419921875
1 0.2451171875 0.82421875 0.1162109375 0.087890625
1 0.0244140625 0.6845703125 0.048828125 0.0537109375
1 0.77734375 0.611328125 0.0576171875 0.0517578125
