1 0.83984375 0.4248046875 0.06640625 0.072265625
1 0.1318359375 0.841796875 0.1044921875 0.0625
1 0.9921875 0.21875 0.015625 0.0654296875
1 0.43359375 0.8095703125 0.078125 0.052734375
1 0.51171875 0.541015625 0.1015625 0.0654296875
1 0.6318359375 0.765625 0.076171875 0.0849609375
1 0.8369140625 0.5771484375 0.12109375 0.0498046875
1 0.5576171875 0.5185546875 0.0830078125 0.0380859375
1 0.3115234375 0.7060546875 0.0947265625 0.048828125
1 0.4931640625 0.6875 0.0869140625 0.0439453125
1 0.7705078125 0.7734375 0.0712890625 0.0478515625
1 0.154296875 0.0966796875 0.0791015625 0.0478515625
1 0.97265625 0.6591796875 0.0546875 0.033203125
1 0.0712890625 0.6669921875 0.1201171875 0.060546875
1 0.9853515625 0.58203125 0.0283203125 0.06640625
1 0.212890625 0.56640625 0.0791015625 0.0419921875
1 0.8212890625 0.23046875 0.13671875 0.04296875
1 0.84765625 0.677734375 0.0673828125 0.0390625
1 0.0830078125 0.8720703125 0.0986328125 0.0517578125
1 0.939453125 0.3076171875 0.06640625 0.0361328125
1 0.751953125 0.388671875 0.080078125 0.037109375
1 0.078125 0.2060546875 0.0986328125 0.052734375
1 0.4453125 0.5302734375 0.091796875 0.0595703125
1 0.5322265625 0.1552734375 0.064453125 0.0439453125
1 0.603515625 0.9208984375 0.1162109375 0.0498046875
1 0.4736328125 0.9619140625 0.1044921875 0.0537109375
1 0.4521484375 0.103515625 0.0869140625 0.052734375
1 0.3642578125 0.9072265625 0.0849609375 0.0517578125
1 0.1455078125 0.576171875 0.09765625 0.03515625
1 0.8037109375 0.6943359375 0.0595703125 0.0341796875
1 0.4619140625 0.8994140625 0.115234375 0.0439453125
1 0.90234375 0.5302734375 0.080078125 0.037109375
1 0.6484375 0.208984375 0.068359375 0.095703125
1 0.65234375 0.7197265625 0.12890625 0.0546875
1 0.3095703125 0.1591796875 0.0771484375 0.046875
1 0.3740234375 0.5498046875 0.0693359375 0.0400390625
1 0.677734375 0.51171875 0.1025390625 0.05859375
1 0.953125 0.8916015625 0.0673828125 0.0458984375
1 0.47265625 0.3779296875 0.0986328125 0.041015625
1 0.7724609375 0.587890625 0.0732421875 0.025390625
1 0.55859375 0.6669921875 0.12890625 0.056640625
1 0.763671875 0.3291015625 0.087890625 0.0224609375
1 0.8515625 0.5498046875 0.05859375 0.05078125
1 0.0888671875 0.3193359375 0.08984375 0.037109375
1 0.1357421875 0.5498046875 0.103515625 0.044921875
1 0.345703125 0.517578125 0.1044921875 0.0341796875
1 0.0263671875 0.8779296875 0.0537109375 0.0419921875
1 0.962890625 0.986328125 0.0537109375 0.02734375
1 0.5927734375 0.2177734375 0.048828125 0.0390625
1 0.966796875 0.048828125 0.0654296875 0.0361328125
1 0.3232421875 0.01953125 0.0634765625 0.037109375
1 0.359375 0.0126953125 0.0517578125 0.0263671875
1 0.6708984375 0.580078125 0.134765625 0.0400390625
1 0.341796875 0.5048828125 0.0986328125 0.0302734375
1 0.845703125 0.3447265625 0.0791015625 0.021484375
1 0.1025390625 0.8642578125 0.068359375 0.0263671875
1 0.0732421875 0.1728515625 0.0888671875 0.078125
1 0.201171875 0.8896484375 0.0869140625 0.041015625
1 0.4794921875 0.9755859375 0.095703125 0.0380859375
1 0.7841796875 0.7060546875 0.0625 0.0224609375
1 0.09375 0.267578125 0.138671875 0.06640625
1 0.7294921875 0.9609375 0.0693359375 0.0556640625
1 0.5458984375 0.490234375 0.1142578125 0.046875
1 0.6328125 0.4853515625 0.103515625 0.052734375
