1 0.185546875 0.0517578125 0.111328125 0.1044921875
1 0.447265625 0.0205078125 0.09765625 0.041015625
1 0.9375 0.0234375 0.0830078125 0.0478515625
1 0.9462890625 0.1669921875 0.095703125 0.150390625
1 0.7841796875 0.15625 0.119140625 0.2001953125
1 0.5400390625 0.0625 0.1220703125 0.125
1 0.458984375 0.1376953125 0.0771484375 0.091796875
1 0.2939453125 0.17578125 0.1494140625 0.1064453125
1 0.96875 0.6943359375 0.0625 0.1064453125
1 0.9501953125 0.5458984375 0.099609375 0.1171875
1 0.876953125 0.779296875 0.0625 0.087890625
1 0.4443359375 0.603515625 0.087890625 0.189453125
1 0.4091796875 0.7294921875 0.0771484375 0.1142578125
1 0.2939453125 0.630859375 0.134765625 0.11328125
1 0.14453125 0.619140625 0.1103515625 0.095703125
1 0.1806640625 0.431640625 0.1162109375 0.083984375
1 0.0712890625 0.4326171875 0.1435546875 0.1201171875
1 0.6376953125 0.794921875 0.099609375 0.177734375
1 0.4931640625 0.861328125 0.1416015625 0.21484375
1 0.322265625 0.794921875 0.0869140625 0.109375
1 0.099609375 0.130859375 0.05859375 0.076171875
1 0.2958984375 0.1416015625 0.1591796875 0.0771484375
1 0.0634765625 0.5419921875 0.060546875 0.0830078125
1 0.6953125 0.775390625 0.1044921875 0.13671875
