1 0.01171875 0.6064453125 0.0244140625 0.060546875
1 0.0380859375 0.587890625 0.0771484375 0.0625
1 0.0634765625 0.2705078125 0.115234375 0.0947265625
1 0.1787109375 0.51171875 0.1064453125 0.13671875
1 0.09765625 0.654296875 0.0966796875 0.1015625
1 0.0205078125 0.88671875 0.041015625 0.0810546875
1 0.08984375 0.84765625 0.1171875 0.0615234375
1 0.0087890625 0.970703125 0.0185546875 0.0498046875
1 0.251953125 0.9482421875 0.0693359375 0.0634765625
1 0.3291015625 0.888671875 0.05859375 0.0615234375
1 0.2314453125 0.576171875 0.0517578125 0.0927734375
1 0.298828125 0.6298828125 0.0634765625 0.103515625
1 0.33984375 0.5126953125 0.06640625 0.095703125
1 0.3271484375 0.392578125 0.044921875 0.0556640625
1 0.310546875 0.326171875 0.0673828125 0.05859375
1 0.4091796875 0.9345703125 0.1025390625 0.0849609375
1 0.5322265625 0.94140625 0.1044921875 0.1162109375
1 0.619140625 0.90625 0.078125 0.0615234375
1 0.65625 0.79296875 0.0673828125 0.076171875
1 0.6669921875 0.6416015625 0.08203125 0.0732421875
1 0.5693359375 0.552734375 0.072265625 0.0849609375
1 0.431640625 0.4853515625 0.103515625 0.115234375
1 0.396484375 0.546875 0.05859375 0.0986328125
1 0.41796875 0.6279296875 0.056640625 0.068359375
1 0.59375 0.4482421875 0.0625 0.0654296875
1 0.5087890625 0.4208984375 0.0634765625 0.060546875
1 0.3935546875 0.3193359375 0.0703125 0.091796875
1 0.4423828125 0.203125 0.0693359375 0.087890625
1 0.6318359375 0.365234375 0.0771484375 0.0712890625
1 0.705078125 0.283203125 0.0859375 0.0712890625
1 0.8515625 0.2314453125 0.0703125 0.0673828125
1 0.8994140625 0.2900390625 0.06640625 0.0595703125
1 0.802734375 0.310546875 0.0537109375 0.0791015625
1 0.7705078125 0.388671875 0.044921875 0.0791015625
1 0.8515625 0.4169921875 0.0869140625 0.083984375
1 0.8876953125 0.380859375 0.0595703125 0.0673828125
1 0.9609375 0.412109375 0.078125 0.078125
1 0.7236328125 0.50390625 0.095703125 0.0712890625
1 0.6416015625 0.5029296875 0.0712890625 0.0751953125
1 0.8798828125 0.548828125 0.060546875 0.056640625
1 0.8056640625 0.580078125 0.0654296875 0.111328125
1 0.884765625 0.64453125 0.08203125 0.078125
1 0.9443359375 0.6123046875 0.0537109375 0.1171875
1 0.83203125 0.7724609375 0.068359375 0.0791015625
1 0.84375 0.8466796875 0.0673828125 0.083984375
1 0.76171875 0.931640625 0.052734375 0.0673828125
1 0.984375 0.81640625 0.03125 0.072265625
1 0.953125 0.8740234375 0.0859375 0.0771484375
1 0.97265625 0.9775390625 0.0439453125 0.044921875
1 0.6162109375 0.03515625 0.0859375 0.0703125
