1 0.046875 0.8310546875 0.0673828125 0.0810546875
1 0.2861328125 0.9365234375 0.0849609375 0.0654296875
1 0.5322265625 0.9228515625 0.1396484375 0.08203125
1 0.41796875 0.9755859375 0.0810546875 0.048828125
1 0.6376953125 0.8642578125 0.0849609375 0.080078125
1 0.7021484375 0.9326171875 0.07421875 0.083984375
1 0.927734375 0.84765625 0.1181640625 0.0849609375
1 0.966796875 0.94921875 0.0654296875 0.0537109375
1 0.7763671875 0.7685546875 0.087890625 0.0703125
1 0.7421875 0.6796875 0.068359375 0.0634765625
1 0.83203125 0.623046875 0.064453125 0.0712890625
1 0.90625 0.5654296875 0.1337890625 0.07421875
1 0.9462890625 0.5283203125 0.107421875 0.0830078125
1 0.90234375 0.7021484375 0.0849609375 0.056640625
1 0.958984375 0.7646484375 0.0810546875 0.0654296875
1 0.185546875 0.82421875 0.06640625 0.080078125
1 0.142578125 0.7314453125 0.0849609375 0.0947265625
1 0.3310546875 0.7490234375 0.1083984375 0.060546875
1 0.037109375 0.451171875 0.0712890625 0.05078125
1 0.2119140625 0.3984375 0.0693359375 0.0693359375
1 0.2734375 0.37109375 0.0869140625 0.087890625
1 0.294921875 0.318359375 0.0810546875 0.0693359375
1 0.396484375 0.3486328125 0.0576171875 0.0517578125
1 0.5380859375 0.34375 0.078125 0.068359375
1 0.443359375 0.2294921875 0.0703125 0.0693359375
1 0.134765625 0.0771484375 0.087890625 0.10546875
1 0.25 0.2001953125 0.0625 0.1064453125
1 0.5087890625 0.5537109375 0.107421875 0.0869140625
1 0.525390625 0.6806640625 0.109375 0.078125
1 0.6044921875 0.7548828125 0.09375 0.0654296875
1 0.7392578125 0.4775390625 0.09765625 0.0654296875
1 0.5458984375 0.4716796875 0.083984375 0.0498046875
1 0.7373046875 0.29296875 0.0732421875 0.0751953125
1 0.845703125 0.25390625 0.0791015625 0.0947265625
1 0.9716796875 0.365234375 0.0556640625 0.0966796875
1 0.1162109375 0.2666015625 0.08984375 0.05859375
1 0.033203125 0.2802734375 0.06640625 0.052734375
1 0.076171875 0.1689453125 0.0888671875 0.0703125
1 0.2490234375 0.021484375 0.0751953125 0.0439453125
1 0.0458984375 0.482421875 0.0849609375 0.0439453125
1 0.708984375 0.0205078125 0.0966796875 0.041015625
1 0.8857421875 0.0244140625 0.0888671875 0.0498046875
1 0.91015625 0.0771484375 0.0849609375 0.087890625
1 0.56640625 0.19921875 0.0712890625 0.0576171875
1 0.63671875 0.2529296875 0.0693359375 0.0693359375
1 0.34765625 0.203125 0.0908203125 0.0869140625
1 0.4052734375 0.1455078125 0.0986328125 0.060546875
1 0.1572265625 0.8740234375 0.056640625 0.0537109375
1 0.6015625 0.6640625 0.064453125 0.103515625
1 0.845703125 0.724609375 0.07421875 0.0615234375
1 0.8564453125 0.36328125 0.1025390625 0.044921875
1 0.876953125 0.8623046875 0.0654296875 0.052734375
1 0.6162109375 0.0458984375 0.046875 0.0478515625
1 0.4873046875 0.1904296875 0.1005859375 0.072265625
1 0.7080078125 0.8671875 0.0859375 0.0625
1 0.1884765625 0.3115234375 0.068359375 0.0546875
1 0.3408203125 0.3486328125 0.056640625 0.0556640625
