1 0.357421875 0.8212890625 0.1376953125 0.1103515625
1 0.240234375 0.23828125 0.1181640625 0.0625
1 0.626953125 0.609375 0.07421875 0.064453125
1 0.771484375 0.81640625 0.0654296875 0.1044921875
1 0.68359375 0.2275390625 0.107421875 0.0771484375
1 0.216796875 0.8583984375 0.0654296875 0.08203125
1 0.8740234375 0.0380859375 0.0849609375 0.0771484375
1 0.4990234375 0.529296875 0.0693359375 0.0703125
1 0.44921875 0.0771484375 0.134765625 0.109375
1 0.9560546875 0.88671875 0.087890625 0.125
1 0.470703125 0.806640625 0.08203125 0.080078125
1 0.685546875 0.0615234375 0.08203125 0.0791015625
1 0.3505859375 0.4296875 0.0771484375 0.0703125
1 0.76953125 0.0166015625 0.0859375 0.033203125
1 0.8515625 0.1015625 0.0595703125 0.0595703125
1 0.23046875 0.5927734375 0.0576171875 0.1181640625
1 0.19140625 0.4140625 0.0693359375 0.0654296875
1 0.146484375 0.583984375 0.0947265625 0.0849609375
1 0.298828125 0.765625 0.0751953125 0.072265625
1 0.7158203125 0.287109375 0.072265625 0.07421875
1 0.658203125 0.841796875 0.072265625 0.0947265625
1 0.5166015625 0.4111328125 0.0556640625 0.052734375
1 0.4140625 0.14453125 0.0654296875 0.064453125
1 0.826171875 0.8671875 0.107421875 0.064453125
1 0.8974609375 0.4306640625 0.08984375 0.0849609375
1 0.40625 0.2529296875 0.0849609375 0.072265625
1 0.486328125 0.9375 0.1201171875 0.125
1 0.0771484375 0.1103515625 0.080078125 0.07421875
1 0.3359375 0.365234375 0.0625 0.0576171875
1 0.6484375 0.9140625 0.037109375 0.0849609375
1 0.1328125 0.36328125 0.0576171875 0.091796875
1 0.1591796875 0.6826171875 0.0654296875 0.1220703125
1 0.9267578125 0.517578125 0.115234375 0.0576171875
1 0.1103515625 0.802734375 0.0625 0.1669921875
1 0.841796875 0.0009765625 0.0849609375 0.001953125
1 0.1787109375 0.3525390625 0.0849609375 0.0771484375
1 0.947265625 0.62890625 0.0703125 0.0556640625
1 0.3115234375 0.099609375 0.0849609375 0.080078125
1 0.0263671875 0.23046875 0.0498046875 0.052734375
1 0.0390625 0.8564453125 0.0791015625 0.1015625
1 0.025390625 0.365234375 0.0517578125 0.109375
1 0.4482421875 0.2763671875 0.0625 0.0654296875
1 0.9365234375 0.51953125 0.126953125 0.162109375
1 0.0283203125 0.1220703125 0.056640625 0.072265625
1 0.029296875 0.064453125 0.0595703125 0.0576171875
1 0.6806640625 0.9208984375 0.0595703125 0.08203125
1 0.7490234375 0.8603515625 0.0556640625 0.0625
1 0.8662109375 0.98046875 0.0625 0.0380859375
1 0.556640625 0.2705078125 0.044921875 0.0625
