1 0.0458984375 0.033203125 0.0556640625 0.0673828125
1 0.388671875 0.203125 0.0654296875 0.0673828125
1 0.935546875 0.7490234375 0.087890625 0.0576171875
1 0.650390625 0.0830078125 0.0791015625 0.076171875
1 0.0693359375 0.4501953125 0.078125 0.1005859375
1 0.46875 0.3779296875 0.05859375 0.142578125
1 0.2822265625 0.607421875 0.1689453125 0.06640625
1 0.548828125 0.5029296875 0.09375 0.0947265625
1 0.705078125 0.08984375 0.0556640625 0.0859375
1 0.7568359375 0.0576171875 0.0390625 0.052734375
1 0.2431640625 0.3583984375 0.044921875 0.11328125
1 0.71875 0.77734375 0.0576171875 0.0908203125
1 0.62890625 0.3623046875 0.1357421875 0.162109375
1 0.50390625 0.8701171875 0.0556640625 0.0439453125
1 0.173828125 0.3681640625 0.07421875 0.125
1 0.6455078125 0.70703125 0.05078125 0.083984375
1 0.27734375 0.1611328125 0.087890625 0.0703125
1 0.7392578125 0.685546875 0.087890625 0.0546875
1 0.59375 0.078125 0.0283203125 0.0771484375
1 0.4736328125 0.853515625 0.06640625 0.029296875
1 0.66015625 0.91796875 0.05078125 0.0654296875
1 0.23828125 0.498046875 0.1240234375 0.1181640625
1 0.8349609375 0.0302734375 0.1015625 0.05859375
1 0.8720703125 0.8369140625 0.05078125 0.1201171875
1 0.0771484375 0.6474609375 0.154296875 0.0400390625
1 0.3720703125 0.4697265625 0.0771484375 0.1298828125
1 0.5703125 0.24609375 0.0712890625 0.0703125
1 0.029296875 0.1572265625 0.0595703125 0.095703125
1 0.3662109375 0.0234375 0.0458984375 0.0458984375
1 0.97265625 0.634765625 0.037109375 0.0654296875
1 0.123046875 0.5693359375 0.1787109375 0.046875
1 0.5341796875 0.70703125 0.177734375 0.0625
1 0.787109375 0.677734375 0.0380859375 0.0556640625
1 0.751953125 0.1611328125 0.1484375 0.0439453125
1 0.25390625 0.353515625 0.125 0.060546875
1 0.62109375 0.9775390625 0.029296875 0.04296875
1 0.08984375 0.3056640625 0.0478515625 0.0771484375
1 0.814453125 0.8515625 0.0546875 0.0546875
1 0.8330078125 0.19140625 0.166015625 0.08203125
1 0.498046875 0.3251953125 0.0771484375 0.2099609375
1 0.578125 0.06640625 0.025390625 0.076171875
1 0.02734375 0.5224609375 0.0556640625 0.0654296875
1 0.1787109375 0.6123046875 0.0625 0.0634765625
1 0.3154296875 0.92578125 0.0947265625 0.0966796875
1 0.0791015625 0.6005859375 0.0634765625 0.0283203125
1 0.0703125 0.7373046875 0.140625 0.107421875
1 0.482421875 0.9609375 0.2080078125 0.078125
1 0.783203125 0.8037109375 0.0673828125 0.03515625
1 0.4326171875 0.5498046875 0.05859375 0.056640625
1 0.9775390625 0.869140625 0.044921875 0.1806640625
1 0.9462890625 0.876953125 0.0615234375 0.044921875
1 0.1748046875 0.32421875 0.1123046875 0.0634765625
1 0.1044921875 0.1953125 0.1103515625 0.0419921875
1 0.5390625 0.3359375 0.05859375 0.0380859375
1 0.5419921875 0.2236328125 0.0947265625 0.041015625
1 0.525390625 0.4423828125 0.0458984375 0.0556640625
1 0.751953125 0.0185546875 0.0322265625 0.0380859375
1 0.5986328125 0.009765625 0.0556640625 0.01953125
1 0.9853515625 0.4248046875 0.029296875 0.048828125
