1 0.16015625 0.150390625 0.072265625 0.1005859375
1 0.11328125 0.2451171875 0.0771484375 0.1123046875
1 0.1943359375 0.2783203125 0.0869140625 0.0634765625
1 0.2373046875 0.1982421875 0.06640625 0.0732421875
1 0.294921875 0.1904296875 0.05078125 0.0595703125
1 0.447265625 0.0458984375 0.1162109375 0.078125
1 0.4716796875 0.28515625 0.0537109375 0.0625
1 0.23046875 0.3486328125 0.09375 0.0625
1 0.1630859375 0.3515625 0.0615234375 0.0703125
1 0.150390625 0.42578125 0.091796875 0.0517578125
1 0.0400390625 0.306640625 0.056640625 0.06640625
1 0.0634765625 0.529296875 0.0615234375 0.0693359375
1 0.2431640625 0.53125 0.072265625 0.0771484375
1 0.3955078125 0.490234375 0.0595703125 0.0595703125
1 0.4501953125 0.3642578125 0.0869140625 0.0791015625
1 0.560546875 0.2685546875 0.05078125 0.0732421875
1 0.6044921875 0.29296875 0.06640625 0.07421875
1 0.5771484375 0.3662109375 0.0947265625 0.083984375
1 0.3544921875 0.0986328125 0.06640625 0.072265625
1 0.705078125 0.1298828125 0.060546875 0.0888671875
1 0.697265625 0.3037109375 0.064453125 0.0751953125
1 0.732421875 0.341796875 0.0732421875 0.0625
1 0.669921875 0.4140625 0.087890625 0.0712890625
1 0.53515625 0.4638671875 0.1015625 0.060546875
1 0.6142578125 0.4892578125 0.0693359375 0.0673828125
1 0.6796875 0.509765625 0.0517578125 0.0966796875
1 0.533203125 0.5390625 0.0625 0.08203125
1 0.24609375 0.69140625 0.0927734375 0.0859375
1 0.2138671875 0.75 0.10546875 0.072265625
1 0.169921875 0.8095703125 0.0888671875 0.0712890625
1 0.0751953125 0.82421875 0.0703125 0.0625
1 0.3017578125 0.857421875 0.0712890625 0.0751953125
1 0.4951171875 0.84765625 0.0517578125 0.09375
1 0.4091796875 0.876953125 0.1083984375 0.05859375
1 0.4052734375 0.939453125 0.0810546875 0.0654296875
1 0.1240234375 0.9443359375 0.0634765625 0.0693359375
1 0.7158203125 0.970703125 0.0634765625 0.0576171875
1 0.6513671875 0.986328125 0.0576171875 0.0263671875
1 0.6962890625 0.62890625 0.0595703125 0.060546875
1 0.7255859375 0.6923828125 0.0654296875 0.0576171875
1 0.556640625 0.7001953125 0.0625 0.0654296875
1 0.666015625 0.8701171875 0.068359375 0.06640625
1 0.7998046875 0.8955078125 0.068359375 0.068359375
1 0.927734375 0.8916015625 0.072265625 0.07421875
1 0.8798828125 0.525390625 0.095703125 0.0732421875
1 0.974609375 0.5185546875 0.05078125 0.0751953125
1 0.9228515625 0.4443359375 0.0556640625 0.0556640625
1 0.9033203125 0.3828125 0.0654296875 0.0654296875
1 0.9716796875 0.4560546875 0.0556640625 0.060546875
1 0.798828125 0.40234375 0.0859375 0.0625
1 0.7666015625 0.57421875 0.0751953125 0.0625
1 0.8623046875 0.2421875 0.0654296875 0.078125
1 0.818359375 0.1240234375 0.060546875 0.11328125
1 0.7978515625 0.0517578125 0.07421875 0.083984375
1 0.8642578125 0.048828125 0.09375 0.09765625
1 0.94921875 0.1083984375 0.0732421875 0.0634765625
1 0.9814453125 0.08203125 0.037109375 0.05859375
1 0.830078125 0.794921875 0.05859375 0.0576171875
1 0.06640625 0.0654296875 0.0732421875 0.0615234375
1 0.16015625 0.0244140625 0.103515625 0.044921875
1 0.0771484375 0.0283203125 0.080078125 0.056640625
1 0.025390625 0.365234375 0.0498046875 0.09765625
1 0.013671875 0.9111328125 0.0283203125 0.041015625
1 0.0263671875 0.677734375 0.048828125 0.056640625
1 0.4775390625 0.4912109375 0.052734375 0.0595703125
1 0.5673828125 0.01171875 0.0546875 0.0234375
1 0.08984375 0.9677734375 0.060546875 0.048828125
1 0.0322265625 0.9541015625 0.0654296875 0.056640625
