1 0.703125 0.2080078125 0.078125 0.09765625
1 0.8818359375 0.26953125 0.0849609375 0.08984375
1 0.25 0.4482421875 0.0673828125 0.1025390625
1 0.8740234375 0.8544921875 0.1455078125 0.07421875
1 0.611328125 0.2919921875 0.0654296875 0.0849609375
1 0.935546875 0.7548828125 0.08203125 0.0673828125
1 0.1044921875 0.9033203125 0.080078125 0.091796875
1 0.69921875 0.37109375 0.134765625 0.09765625
1 0.8017578125 0.57421875 0.0849609375 0.0595703125
1 0.0908203125 0.244140625 0.08203125 0.1552734375
1 0.6845703125 0.568359375 0.07421875 0.072265625
1 0.828125 0.7138671875 0.072265625 0.0595703125
1 0.5009765625 0.21875 0.0625 0.0849609375
1 0.44140625 0.6923828125 0.0751953125 0.0673828125
1 0.6728515625 0.880859375 0.0830078125 0.087890625
1 0.5263671875 0.9501953125 0.0732421875 0.0791015625
1 0.7646484375 0.767578125 0.0703125 0.0673828125
1 0.51171875 0.0869140625 0.0498046875 0.08984375
1 0.1630859375 0.1611328125 0.072265625 0.107421875
1 0.6337890625 0.7646484375 0.0654296875 0.109375
1 0.7216796875 0.65234375 0.0693359375 0.0546875
1 0.71875 0.82421875 0.0625 0.0595703125
1 0.208984375 0.8251953125 0.0654296875 0.0478515625
1 0.90234375 0.4970703125 0.169921875 0.060546875
1 0.998046875 0.5390625 0.0029296875 0.0791015625
1 0.44921875 0.5390625 0.0595703125 0.1044921875
1 0.9306640625 0.13671875 0.1376953125 0.0849609375
1 0.7890625 0.0576171875 0.0654296875 0.1025390625
1 0.2861328125 0.291015625 0.072265625 0.087890625
1 0.501953125 0.5517578125 0.064453125 0.0703125
1 0.0546875 0.109375 0.080078125 0.0703125
1 0.2080078125 0.09765625 0.0673828125 0.08203125
1 0.9755859375 0.326171875 0.0478515625 0.0625
1 0.5419921875 0.78125 0.115234375 0.0849609375
1 0.416015625 0.05078125 0.08203125 0.09765625
1 0.8642578125 0.7890625 0.080078125 0.0693359375
1 0.4990234375 0.310546875 0.0595703125 0.09765625
1 0.310546875 0.7509765625 0.0771484375 0.0625
1 0.58203125 0.3818359375 0.064453125 0.0546875
1 0.40625 0.234375 0.0849609375 0.2001953125
1 0.1640625 0.2900390625 0.0791015625 0.0673828125
1 0.5107421875 0.8251953125 0.068359375 0.1123046875
1 0.978515625 0.15625 0.0400390625 0.08203125
1 0.8115234375 0.431640625 0.0458984375 0.1005859375
1 0.3232421875 0.4453125 0.04296875 0.0673828125
1 0.533203125 0.65625 0.0576171875 0.0498046875
1 0.0322265625 0.560546875 0.060546875 0.0771484375
1 0.2919921875 0.021484375 0.099609375 0.0400390625
1 0.57421875 0.0244140625 0.08984375 0.044921875
1 0.400390625 0.9736328125 0.0947265625 0.0439453125
1 0.421875 0.3115234375 0.048828125 0.0576171875
1 0.1591796875 0.0537109375 0.080078125 0.0947265625
1 0.6259765625 0.064453125 0.15234375 0.080078125
1 0.4228515625 0.115234375 0.0478515625 0.0927734375
1 0.0400390625 0.8779296875 0.0439453125 0.0419921875
