1 0.744140625 0.236328125 0.169921875 0.0849609375
1 0.541015625 0.8388671875 0.087890625 0.0947265625
1 0.0361328125 0.0556640625 0.072265625 0.107421875
1 0.140625 0.5390625 0.087890625 0.0791015625
1 0.3935546875 0.5146484375 0.087890625 0.095703125
1 0.2470703125 0.8408203125 0.08984375 0.091796875
1 0.146484375 0.9443359375 0.0908203125 0.064453125
1 0.2080078125 0.5751953125 0.072265625 0.0927734375
1 0.8974609375 0.2373046875 0.1376953125 0.0703125
1 0.259765625 0.224609375 0.115234375 0.064453125
1 0.041015625 0.2177734375 0.07421875 0.10546875
1 0.6982421875 0.8203125 0.203125 0.0927734375
1 0.7529296875 0.984375 0.0771484375 0.0302734375
1 0.8671875 0.513671875 0.080078125 0.142578125
1 0.5634765625 0.5703125 0.123046875 0.0673828125
1 0.6845703125 0.462890625 0.134765625 0.1025390625
1 0.8505859375 0.8740234375 0.0673828125 0.0595703125
1 0.3115234375 0.4560546875 0.0947265625 0.09765625
1 0.0283203125 0.970703125 0.056640625 0.0576171875
1 0.5712890625 0.7275390625 0.1748046875 0.0927734375
1 0.4814453125 0.4169921875 0.0693359375 0.064453125
1 0.861328125 0.3701171875 0.2099609375 0.0771484375
1 0.2333984375 0.4736328125 0.091796875 0.1298828125
1 0.1533203125 0.193359375 0.107421875 0.20703125
1 0.244140625 0.3388671875 0.1103515625 0.0849609375
1 0.8583984375 0.8017578125 0.142578125 0.0751953125
1 0.439453125 0.6123046875 0.115234375 0.0703125
1 0.734375 0.1689453125 0.0751953125 0.0595703125
1 0.412109375 0.0576171875 0.08984375 0.1123046875
1 0.302734375 0.3115234375 0.0830078125 0.0595703125
1 0.84765625 0.3095703125 0.1826171875 0.064453125
1 0.5703125 0.208984375 0.1083984375 0.1650390625
1 0.29296875 0.626953125 0.1572265625 0.140625
1 0.8193359375 0.9345703125 0.064453125 0.044921875
1 0.099609375 0.662109375 0.064453125 0.064453125
1 0.7177734375 0.75390625 0.1083984375 0.0654296875
1 0.2041015625 0.6669921875 0.2197265625 0.080078125
1 0.9345703125 0.8056640625 0.0703125 0.0625
1 0.876953125 0.1806640625 0.080078125 0.052734375
1 0.6357421875 0.859375 0.078125 0.064453125
1 0.1630859375 0.015625 0.0927734375 0.02734375
1 0.955078125 0.4658203125 0.0830078125 0.142578125
1 0.15234375 0.9873046875 0.0703125 0.025390625
1 0.2841796875 0.9794921875 0.0751953125 0.0400390625
1 0.0029296875 0.998046875 0.0068359375 0.0029296875
1 0.3916015625 0.4365234375 0.125 0.0751953125
1 0.412109375 0.380859375 0.099609375 0.052734375
1 0.8330078125 0.48046875 0.0830078125 0.1328125
1 0.6611328125 0.6455078125 0.0625 0.0478515625
1 0.3955078125 0.1142578125 0.107421875 0.0751953125
1 0.962890625 0.17578125 0.0732421875 0.068359375
1 0.966796875 0.095703125 0.0654296875 0.0673828125
1 0.974609375 0.60546875 0.05078125 0.0869140625
