1 0.052734375 0.0390625 0.1025390625 0.0791015625
1 0.1181640625 0.3837890625 0.09765625 0.126953125
1 0.9599609375 0.0703125 0.0791015625 0.0732421875
1 0.8466796875 0.4765625 0.1025390625 0.05859375
1 0.1240234375 0.642578125 0.0869140625 0.078125
1 0.037109375 0.7939453125 0.07421875 0.1142578125
1 0.1611328125 0.8603515625 0.14453125 0.1162109375
1 0.8154296875 0.919921875 0.1279296875 0.080078125
1 0.19921875 0.521484375 0.0927734375 0.056640625
1 0.2275390625 0.419921875 0.119140625 0.09375
1 0.9599609375 0.5771484375 0.080078125 0.080078125
1 0.8642578125 0.4375 0.1171875 0.0634765625
1 0.9306640625 0.9345703125 0.1044921875 0.1025390625
1 0.1953125 0.0234375 0.119140625 0.0439453125
1 0.921875 0.4150390625 0.109375 0.0888671875
1 0.0234375 0.6298828125 0.046875 0.0693359375
1 0.134765625 0.541015625 0.095703125 0.0888671875
