1 0.9638671875 0.0498046875 0.072265625 0.0732421875
1 0.912109375 0.095703125 0.06640625 0.0693359375
1 0.83203125 0.06640625 0.0654296875 0.0498046875
1 0.845703125 0.1142578125 0.05078125 0.0615234375
1 0.7158203125 0.15625 0.046875 0.0712890625
1 0.8056640625 0.23828125 0.06640625 0.0693359375
1 0.8466796875 0.197265625 0.0693359375 0.064453125
1 0.875 0.263671875 0.07421875 0.0625
1 0.921875 0.2275390625 0.0654296875 0.060546875
1 0.6484375 0.2705078125 0.125 0.0634765625
1 0.6982421875 0.2470703125 0.12109375 0.07421875
1 0.59375 0.08203125 0.0654296875 0.0986328125
1 0.505859375 0.16015625 0.09765625 0.0595703125
1 0.427734375 0.1064453125 0.0751953125 0.0625
1 0.3564453125 0.04296875 0.0576171875 0.0869140625
1 0.3056640625 0.048828125 0.06640625 0.060546875
1 0.3115234375 0.1982421875 0.08984375 0.10546875
1 0.5 0.2646484375 0.072265625 0.068359375
1 0.5478515625 0.2841796875 0.0625 0.0673828125
1 0.220703125 0.2900390625 0.0615234375 0.0703125
1 0.1279296875 0.1708984375 0.0537109375 0.0673828125
1 0.0888671875 0.12109375 0.068359375 0.068359375
1 0.0419921875 0.2109375 0.076171875 0.05859375
1 0.4521484375 0.5244140625 0.13671875 0.0654296875
1 0.9462890625 0.6953125 0.0673828125 0.107421875
1 0.1943359375 0.69140625 0.0966796875 0.0693359375
1 0.1064453125 0.6904296875 0.0849609375 0.05859375
1 0.0390625 0.642578125 0.0791015625 0.064453125
1 0.0302734375 0.853515625 0.060546875 0.0478515625
1 0.2939453125 0.7548828125 0.12109375 0.0517578125
1 0.490234375 0.7802734375 0.0615234375 0.0654296875
1 0.5595703125 0.720703125 0.0712890625 0.0654296875
1 0.638671875 0.7099609375 0.052734375 0.0546875
1 0.654296875 0.6630859375 0.1064453125 0.072265625
1 0.71484375 0.7177734375 0.0859375 0.0595703125
1 0.79296875 0.765625 0.11328125 0.0654296875
1 0.8056640625 0.8603515625 0.05859375 0.0654296875
1 0.654296875 0.8701171875 0.0927734375 0.08984375
1 0.6962890625 0.87109375 0.05859375 0.064453125
1 0.5927734375 0.9033203125 0.0693359375 0.0654296875
1 0.5126953125 0.81640625 0.0693359375 0.0546875
1 0.4716796875 0.7001953125 0.060546875 0.08203125
1 0.4130859375 0.6591796875 0.0615234375 0.080078125
1 0.4501953125 0.626953125 0.064453125 0.064453125
1 0.3251953125 0.677734375 0.083984375 0.0654296875
1 0.3427734375 0.8857421875 0.056640625 0.0517578125
1 0.330078125 0.8134765625 0.0693359375 0.05078125
1 0.9091796875 0.8759765625 0.05859375 0.0556640625
1 0.9482421875 0.8837890625 0.0576171875 0.0751953125
1 0.9638671875 0.357421875 0.0556640625 0.056640625
1 0.748046875 0.103515625 0.0498046875 0.0537109375
1 0.1640625 0.755859375 0.056640625 0.0537109375
1 0.4208984375 0.7685546875 0.05078125 0.0537109375
1 0.9736328125 0.75390625 0.052734375 0.056640625
