1 0.0341796875 0.1064453125 0.068359375 0.1015625
1 0.3486328125 0.0400390625 0.125 0.080078125
1 0.3671875 0.1728515625 0.0751953125 0.083984375
1 0.328125 0.1943359375 0.0625 0.0751953125
1 0.5595703125 0.15625 0.1162109375 0.072265625
1 0.5849609375 0.0927734375 0.0908203125 0.08203125
1 0.53515625 0.203125 0.0634765625 0.080078125
1 0.5791015625 0.271484375 0.091796875 0.0859375
1 0.0908203125 0.330078125 0.1455078125 0.0751953125
1 0.0927734375 0.3857421875 0.1005859375 0.056640625
1 0.2412109375 0.3681640625 0.0927734375 0.068359375
1 0.1806640625 0.462890625 0.08984375 0.1005859375
1 0.173828125 0.5224609375 0.10546875 0.1572265625
1 0.2216796875 0.7265625 0.123046875 0.0732421875
1 0.0244140625 0.3798828125 0.0498046875 0.10546875
1 0.03125 0.4765625 0.0625 0.0703125
1 0.423828125 0.3466796875 0.1025390625 0.052734375
1 0.37109375 0.3408203125 0.1376953125 0.0888671875
1 0.51953125 0.345703125 0.0986328125 0.060546875
1 0.59375 0.3994140625 0.0498046875 0.046875
1 0.5576171875 0.4287109375 0.0625 0.0654296875
1 0.447265625 0.48828125 0.078125 0.111328125
1 0.3857421875 0.5087890625 0.064453125 0.0517578125
1 0.6962890625 0.3662109375 0.107421875 0.041015625
1 0.751953125 0.3095703125 0.115234375 0.0693359375
1 0.79296875 0.2822265625 0.0791015625 0.115234375
1 0.9072265625 0.2880859375 0.0888671875 0.076171875
1 0.8955078125 0.365234375 0.07421875 0.0595703125
1 0.798828125 0.443359375 0.0966796875 0.1025390625
1 0.7177734375 0.42578125 0.0771484375 0.0859375
1 0.9130859375 0.1826171875 0.0859375 0.091796875
1 0.9658203125 0.2041015625 0.0673828125 0.0576171875
1 0.9755859375 0.244140625 0.0478515625 0.0673828125
1 0.97265625 0.3505859375 0.0537109375 0.05859375
1 0.955078125 0.4921875 0.072265625 0.12890625
1 0.98828125 0.4990234375 0.0224609375 0.076171875
1 0.552734375 0.810546875 0.1181640625 0.080078125
1 0.625 0.8583984375 0.0595703125 0.0791015625
1 0.701171875 0.822265625 0.0654296875 0.0625
1 0.837890625 0.7724609375 0.087890625 0.0498046875
1 0.8701171875 0.814453125 0.080078125 0.05859375
1 0.7685546875 0.875 0.0546875 0.0673828125
1 0.654296875 0.9423828125 0.0732421875 0.0498046875
1 0.158203125 0.861328125 0.15625 0.083984375
1 0.341796875 0.9013671875 0.1201171875 0.08984375
1 0.3203125 0.966796875 0.13671875 0.06640625
1 0.396484375 0.9736328125 0.0673828125 0.052734375
1 0.4619140625 0.9892578125 0.119140625 0.021484375
1 0.712890625 0.9853515625 0.091796875 0.0283203125
1 0.81640625 0.970703125 0.1005859375 0.0576171875
1 0.8671875 0.943359375 0.08203125 0.0546875
1 0.9267578125 0.9150390625 0.107421875 0.1162109375
1 0.931640625 0.8212890625 0.0634765625 0.0908203125
1 0.970703125 0.8134765625 0.0576171875 0.0732421875
1 0.994140625 0.986328125 0.01171875 0.02734375
1 0.0439453125 0.296875 0.0458984375 0.099609375
1 0.5498046875 0.3173828125 0.1005859375 0.0830078125
1 0.67578125 0.5625 0.068359375 0.0693359375
