1 0.119140625 0.142578125 0.1162109375 0.046875
1 0.4892578125 0.5087890625 0.0810546875 0.0673828125
1 0.302734375 0.8447265625 0.1171875 0.048828125
1 0.2529296875 0.478515625 0.083984375 0.091796875
1 0.2216796875 0.5 0.15625 0.05078125
1 0.2666015625 0.1806640625 0.123046875 0.0673828125
1 0.5078125 0.98046875 0.0966796875 0.03515625
1 0.6083984375 0.1923828125 0.0849609375 0.0751953125
1 0.6796875 0.01953125 0.1025390625 0.0390625
1 0.0654296875 0.28515625 0.1318359375 0.06640625
1 0.939453125 0.25390625 0.068359375 0.0498046875
1 0.947265625 0.8212890625 0.1044921875 0.0576171875
1 0.46875 0.41796875 0.0986328125 0.1337890625
1 0.556640625 0.650390625 0.07421875 0.03125
1 0.4287109375 0.9326171875 0.083984375 0.076171875
1 0.705078125 0.1533203125 0.060546875 0.0556640625
1 0.318359375 0.6015625 0.1083984375 0.048828125
1 0.7587890625 0.2109375 0.1923828125 0.0556640625
1 0.24609375 0.7939453125 0.0634765625 0.041015625
1 0.9365234375 0.9599609375 0.0751953125 0.0458984375
1 0.916015625 0.8447265625 0.06640625 0.052734375
1 0.306640625 0.142578125 0.0751953125 0.083984375
1 0.494140625 0.8974609375 0.169921875 0.056640625
1 0.8642578125 0.1796875 0.0859375 0.0625
1 0.564453125 0.8232421875 0.0927734375 0.0361328125
1 0.6904296875 0.8134765625 0.0419921875 0.107421875
1 0.310546875 0.279296875 0.1005859375 0.0390625
1 0.322265625 0.6318359375 0.1025390625 0.0361328125
1 0.76953125 0.16015625 0.0576171875 0.033203125
1 0.3935546875 0.3720703125 0.1044921875 0.078125
1 0.2421875 0.2490234375 0.07421875 0.05078125
1 0.673828125 0.5576171875 0.0791015625 0.0615234375
1 0.55859375 0.35546875 0.0830078125 0.037109375
1 0.0419921875 0.4541015625 0.08203125 0.048828125
1 0.24609375 0.939453125 0.0888671875 0.0654296875
1 0.7236328125 0.5078125 0.0966796875 0.0537109375
1 0.4931640625 0.876953125 0.1201171875 0.033203125
1 0.9208984375 0.1904296875 0.115234375 0.0966796875
1 0.6015625 0.8740234375 0.12109375 0.0400390625
1 0.2841796875 0.9775390625 0.216796875 0.044921875
1 0.09375 0.541015625 0.1875 0.0830078125
1 0.0126953125 0.5400390625 0.0244140625 0.0302734375
1 0.5673828125 0.626953125 0.0888671875 0.04296875
1 0.9130859375 0.783203125 0.1005859375 0.0517578125
1 0.1572265625 0.3505859375 0.0517578125 0.0966796875
1 0.8583984375 0.2451171875 0.052734375 0.0390625
1 0.556640625 0.841796875 0.083984375 0.029296875
1 0.328125 0.0146484375 0.0478515625 0.0283203125
1 0.7587890625 0.8623046875 0.0771484375 0.0439453125
1 0.09765625 0.501953125 0.1181640625 0.0693359375
1 0.6220703125 0.61328125 0.1552734375 0.0439453125
1 0.3671875 0.796875 0.08203125 0.044921875
1 0.021484375 0.484375 0.0439453125 0.033203125
1 0.3408203125 0.11328125 0.1708984375 0.087890625
1 0.9775390625 0.888671875 0.0400390625 0.0439453125
1 0.623046875 0.08203125 0.1064453125 0.0537109375
