1 0.48046875 0.025390625 0.1376953125 0.0517578125
1 0.9423828125 0.3203125 0.115234375 0.0966796875
1 0.6220703125 0.177734375 0.1796875 0.0732421875
1 0.396484375 0.32421875 0.1357421875 0.1103515625
1 0.2275390625 0.7041015625 0.1025390625 0.080078125
1 0.8251953125 0.0576171875 0.15625 0.115234375
1 0.126953125 0.537109375 0.115234375 0.0703125
1 0.2890625 0.85546875 0.125 0.0830078125
1 0.4619140625 0.876953125 0.154296875 0.1650390625
1 0.029296875 0.2314453125 0.0595703125 0.1005859375
1 0.3251953125 0.02734375 0.1025390625 0.0546875
1 0.4677734375 0.619140625 0.1474609375 0.0693359375
