1 0.9658203125 0.0810546875 0.0673828125 0.078125
1 0.123046875 0.0283203125 0.0908203125 0.0576171875
1 0.5380859375 0.5654296875 0.068359375 0.0546875
1 0.4033203125 0.765625 0.083984375 0.083984375
1 0.8271484375 0.14453125 0.0712890625 0.1142578125
1 0.701171875 0.4326171875 0.0947265625 0.0712890625
1 0.3232421875 0.5673828125 0.0888671875 0.0791015625
1 0.32421875 0.232421875 0.0908203125 0.111328125
1 0.3583984375 0.4931640625 0.083984375 0.07421875
1 0.5712890625 0.0859375 0.12890625 0.1015625
1 0.0419921875 0.625 0.0849609375 0.0654296875
1 0.16796875 0.2421875 0.0703125 0.0654296875
1 0.466796875 0.6982421875 0.08203125 0.0908203125
1 0.603515625 0.5068359375 0.0966796875 0.1201171875
1 0.306640625 0.30078125 0.087890625 0.0908203125
1 0.1611328125 0.2158203125 0.125 0.08984375
1 0.1982421875 0.03515625 0.0966796875 0.0703125
1 0.3701171875 0.1484375 0.064453125 0.06640625
1 0.330078125 0.6611328125 0.0908203125 0.078125
1 0.3984375 0.0419921875 0.09765625 0.0849609375
1 0.4384765625 0.15625 0.076171875 0.0810546875
1 0.265625 0.8076171875 0.1142578125 0.0791015625
1 0.3125 0.9501953125 0.0869140625 0.099609375
1 0.025390625 0.765625 0.05078125 0.0908203125
1 0.126953125 0.796875 0.103515625 0.09375
1 0.0498046875 0.6025390625 0.09765625 0.07421875
1 0.7958984375 0.3994140625 0.083984375 0.099609375
1 0.9580078125 0.201171875 0.0810546875 0.068359375
1 0.9833984375 0.3974609375 0.033203125 0.095703125
1 0.587890625 0.14453125 0.12890625 0.0625
1 0.1123046875 0.322265625 0.134765625 0.080078125
1 0.216796875 0.37890625 0.060546875 0.0947265625
1 0.1484375 0.3798828125 0.0966796875 0.072265625
1 0.3212890625 0.1396484375 0.0703125 0.0712890625
1 0.271484375 0.1123046875 0.095703125 0.078125
