1 0.0810546875 0.0576171875 0.068359375 0.115234375
1 0.1328125 0.0400390625 0.0390625 0.080078125
1 0.2890625 0.1103515625 0.095703125 0.1064453125
1 0.3125 0.0234375 0.1201171875 0.046875
1 0.26171875 0.2470703125 0.1064453125 0.0712890625
1 0.1845703125 0.2509765625 0.072265625 0.119140625
1 0.0751953125 0.2587890625 0.12109375 0.1376953125
1 0.57421875 0.2294921875 0.236328125 0.0634765625
1 0.6005859375 0.287109375 0.0703125 0.0673828125
1 0.8095703125 0.26953125 0.1708984375 0.0703125
1 0.7578125 0.146484375 0.158203125 0.0947265625
1 0.8857421875 0.169921875 0.0927734375 0.123046875
1 0.77734375 0.0361328125 0.0712890625 0.0732421875
1 0.6767578125 0.3857421875 0.146484375 0.06640625
1 0.5771484375 0.359375 0.052734375 0.0625
1 0.5654296875 0.578125 0.0615234375 0.0546875
1 0.4619140625 0.5830078125 0.0869140625 0.1181640625
1 0.234375 0.7275390625 0.0849609375 0.1572265625
1 0.1865234375 0.5966796875 0.08984375 0.150390625
1 0.0654296875 0.658203125 0.095703125 0.1787109375
1 0.1376953125 0.45703125 0.080078125 0.087890625
1 0.0693359375 0.3935546875 0.056640625 0.056640625
1 0.8583984375 0.3955078125 0.0634765625 0.1376953125
1 0.921875 0.3125 0.05859375 0.0654296875
1 0.974609375 0.3583984375 0.05078125 0.1650390625
1 0.841796875 0.595703125 0.0751953125 0.076171875
1 0.7412109375 0.56640625 0.078125 0.109375
1 0.6806640625 0.630859375 0.056640625 0.1083984375
1 0.7392578125 0.6962890625 0.0908203125 0.0634765625
1 0.669921875 0.771484375 0.0498046875 0.11328125
1 0.462890625 0.7568359375 0.12109375 0.125
1 0.408203125 0.8154296875 0.1005859375 0.2001953125
1 0.8916015625 0.7373046875 0.087890625 0.0712890625
1 0.947265625 0.703125 0.0537109375 0.060546875
1 0.9921875 0.6015625 0.0146484375 0.09375
1 0.98046875 0.8095703125 0.0380859375 0.0986328125
1 0.8212890625 0.8427734375 0.12109375 0.1171875
1 0.8330078125 0.955078125 0.0751953125 0.0517578125
1 0.8984375 0.97265625 0.0859375 0.0537109375
1 0.3798828125 0.9931640625 0.064453125 0.013671875
1 0.7705078125 0.9453125 0.044921875 0.0458984375
1 0.275390625 0.5205078125 0.05859375 0.0361328125
