1 0.63671875 0.236328125 0.0849609375 0.0849609375
1 0.5 0.2333984375 0.1025390625 0.0751953125
1 0.7099609375 0.4462890625 0.083984375 0.126953125
1 0.859375 0.01953125 0.16796875 0.0400390625
1 0.806640625 0.1728515625 0.1201171875 0.0771484375
1 0.6923828125 0.1591796875 0.1025390625 0.0849609375
1 0.6435546875 0.09765625 0.09765625 0.0673828125
1 0.900390625 0.4345703125 0.0927734375 0.060546875
1 0.966796875 0.9365234375 0.0654296875 0.1005859375
1 0.79296875 0.2412109375 0.0830078125 0.0625
1 0.8681640625 0.80859375 0.0712890625 0.0986328125
1 0.919921875 0.8701171875 0.0830078125 0.076171875
