1 0.4345703125 0.7568359375 0.095703125 0.099609375
1 0.435546875 0.61328125 0.0927734375 0.11328125
1 0.912109375 0.4501953125 0.134765625 0.0830078125
1 0.6328125 0.79296875 0.0927734375 0.0927734375
1 0.060546875 0.087890625 0.1123046875 0.1728515625
1 0.7509765625 0.4873046875 0.123046875 0.115234375
1 0.50390625 0.3955078125 0.1044921875 0.0625
1 0.501953125 0.8681640625 0.125 0.123046875
1 0.6015625 0.06640625 0.0908203125 0.1298828125
1 0.4921875 0.14453125 0.140625 0.07421875
1 0.875 0.658203125 0.1474609375 0.078125
1 0.1630859375 0.5693359375 0.0771484375 0.0703125
1 0.056640625 0.533203125 0.0693359375 0.09765625
1 0.185546875 0.833984375 0.0927734375 0.0595703125
1 0.083984375 0.8330078125 0.1103515625 0.0927734375
1 0.0361328125 0.4453125 0.072265625 0.1220703125
1 0.2744140625 0.978515625 0.14453125 0.04296875
1 0.1640625 0.404296875 0.0849609375 0.1201171875
1 0.0419921875 0.6494140625 0.0849609375 0.095703125
1 0.89453125 0.2373046875 0.064453125 0.125
1 0.646484375 0.150390625 0.1103515625 0.0673828125
1 0.62109375 0.6318359375 0.0849609375 0.060546875
1 0.943359375 0.8095703125 0.08203125 0.080078125
1 0.5478515625 0.4990234375 0.1376953125 0.1455078125
1 0.2529296875 0.49609375 0.232421875 0.09765625
1 0.09375 0.96484375 0.1875 0.0703125
1 0.3388671875 0.421875 0.0849609375 0.080078125
1 0.11328125 0.3037109375 0.072265625 0.08203125
1 0.1708984375 0.724609375 0.09765625 0.07421875
1 0.0107421875 0.697265625 0.0224609375 0.08984375
1 0.787109375 0.0380859375 0.185546875 0.072265625
1 0.529296875 0.3154296875 0.0498046875 0.052734375
1 0.7529296875 0.4169921875 0.1181640625 0.05078125
1 0.7265625 0.2587890625 0.1201171875 0.0595703125
1 0.58203125 0.8896484375 0.0859375 0.08984375
1 0.646484375 0.45703125 0.0947265625 0.07421875
1 0.7939453125 0.953125 0.2001953125 0.0927734375
1 0.1787109375 0.177734375 0.0849609375 0.0771484375
1 0.17578125 0.9384765625 0.09765625 0.087890625
1 0.2314453125 0.021484375 0.1142578125 0.0400390625
1 0.0537109375 0.283203125 0.0673828125 0.0771484375
1 0.4052734375 0.482421875 0.0966796875 0.0673828125
1 0.6650390625 0.703125 0.0771484375 0.072265625
1 0.939453125 0.0595703125 0.1201171875 0.064453125
1 0.2109375 0.7958984375 0.072265625 0.052734375
1 0.126953125 0.998046875 0.095703125 0.0029296875
1 0.783203125 0.6328125 0.087890625 0.0625
1 0.9677734375 0.2392578125 0.0634765625 0.0654296875
1 0.0732421875 0.4482421875 0.072265625 0.08203125
1 0.59765625 0.4267578125 0.1123046875 0.080078125
1 0.0302734375 0.20703125 0.060546875 0.1640625
1 0.1416015625 0.111328125 0.0751953125 0.1201171875
1 0.787109375 0.0693359375 0.189453125 0.08984375
1 0.9599609375 0.017578125 0.080078125 0.0361328125
1 0.4794921875 0.0166015625 0.0546875 0.0302734375
