1 0.025390625 0.0498046875 0.05078125 0.0390625
1 0.86328125 0.044921875 0.0419921875 0.0556640625
1 0.9169921875 0.0498046875 0.0458984375 0.0322265625
1 0.76953125 0.185546875 0.0625 0.033203125
1 0.68359375 0.1357421875 0.041015625 0.0302734375
1 0.7451171875 0.0400390625 0.0380859375 0.041015625
1 0.4228515625 0.0224609375 0.076171875 0.0458984375
1 0.1630859375 0.1513671875 0.0595703125 0.05078125
1 0.1103515625 0.205078125 0.0478515625 0.044921875
1 0.953125 0.396484375 0.0361328125 0.0283203125
1 0.966796875 0.4296875 0.0380859375 0.0283203125
1 0.8642578125 0.4638671875 0.044921875 0.0673828125
1 0.89453125 0.314453125 0.0283203125 0.029296875
1 0.765625 0.4814453125 0.0498046875 0.0654296875
1 0.6904296875 0.4169921875 0.0439453125 0.0478515625
1 0.765625 0.2646484375 0.048828125 0.04296875
1 0.6025390625 0.2373046875 0.0654296875 0.037109375
1 0.49609375 0.32421875 0.0986328125 0.056640625
1 0.328125 0.2685546875 0.1181640625 0.056640625
1 0.3193359375 0.537109375 0.0517578125 0.04296875
1 0.5791015625 0.626953125 0.0712890625 0.03515625
1 0.025390625 0.2939453125 0.05078125 0.0478515625
1 0.0341796875 0.3125 0.052734375 0.01953125
1 0.0703125 0.3154296875 0.056640625 0.041015625
1 0.08203125 0.4970703125 0.08984375 0.044921875
1 0.021484375 0.6025390625 0.04296875 0.0595703125
1 0.0634765625 0.6611328125 0.08984375 0.04296875
1 0.046875 0.779296875 0.0390625 0.046875
1 0.14453125 0.7919921875 0.04296875 0.080078125
1 0.224609375 0.7734375 0.0693359375 0.0458984375
1 0.2880859375 0.79296875 0.0693359375 0.1044921875
1 0.0546875 0.9052734375 0.0712890625 0.052734375
1 0.125 0.95703125 0.1181640625 0.0859375
1 0.33984375 0.947265625 0.06640625 0.04296875
1 0.51953125 0.94140625 0.0537109375 0.09375
1 0.4541015625 0.9560546875 0.064453125 0.0419921875
1 0.4140625 0.8310546875 0.0498046875 0.0283203125
1 0.3720703125 0.7392578125 0.0498046875 0.0498046875
1 0.5 0.7080078125 0.0634765625 0.052734375
1 0.6064453125 0.732421875 0.064453125 0.0380859375
1 0.7041015625 0.740234375 0.048828125 0.0380859375
1 0.6796875 0.8662109375 0.0361328125 0.046875
1 0.5966796875 0.814453125 0.033203125 0.02734375
1 0.84765625 0.7197265625 0.0478515625 0.05078125
1 0.7890625 0.9775390625 0.052734375 0.0439453125
1 0.8681640625 0.8408203125 0.0498046875 0.107421875
1 0.951171875 0.927734375 0.03125 0.0419921875
1 0.66015625 0.70703125 0.0390625 0.0322265625
