1 0.966796875 0.5126953125 0.0654296875 0.0927734375
1 0.568359375 0.6494140625 0.08203125 0.10546875
1 0.4599609375 0.4677734375 0.109375 0.0830078125
1 0.7431640625 0.1875 0.177734375 0.0927734375
1 0.6630859375 0.8515625 0.0771484375 0.0791015625
1 0.9169921875 0.6162109375 0.0703125 0.0751953125
1 0.431640625 0.3740234375 0.0751953125 0.0693359375
1 0.283203125 0.611328125 0.1025390625 0.1044921875
1 0.30078125 0.9755859375 0.091796875 0.0478515625
1 0.6806640625 0.9482421875 0.0576171875 0.0625
1 0.5234375 0.0703125 0.0712890625 0.1044921875
1 0.4345703125 0.9599609375 0.07421875 0.080078125
1 0.314453125 0.8330078125 0.115234375 0.2080078125
1 0.3017578125 0.3642578125 0.0947265625 0.1552734375
1 0.7783203125 0.6884765625 0.072265625 0.08203125
1 0.1416015625 0.1484375 0.0908203125 0.09765625
1 0.978515625 0.951171875 0.04296875 0.0498046875
1 0.2333984375 0.6865234375 0.123046875 0.1044921875
1 0.75 0.3125 0.0771484375 0.1123046875
1 0.845703125 0.9736328125 0.0625 0.052734375
1 0.716796875 0.4775390625 0.10546875 0.1279296875
1 0.833984375 0.29296875 0.0908203125 0.072265625
1 0.501953125 0.3125 0.07421875 0.0771484375
1 0.2119140625 0.4697265625 0.115234375 0.125
1 0.8115234375 0.4228515625 0.0693359375 0.0732421875
1 0.3955078125 0.65234375 0.087890625 0.1796875
1 0.0751953125 0.458984375 0.0732421875 0.1103515625
1 0.5234375 0.1884765625 0.09765625 0.1328125
1 0.7529296875 0.9580078125 0.0927734375 0.0830078125
1 0.865234375 0.4580078125 0.0673828125 0.1328125
1 0.525390625 0.8544921875 0.0927734375 0.150390625
1 0.1611328125 0.341796875 0.177734375 0.150390625
1 0.296875 0.0869140625 0.115234375 0.169921875
1 0.8642578125 0.748046875 0.0703125 0.0673828125
1 0.5126953125 0.7431640625 0.0830078125 0.08203125
1 0.046875 0.775390625 0.0498046875 0.0673828125
1 0.3154296875 0.5322265625 0.072265625 0.10546875
1 0.865234375 0.9091796875 0.1279296875 0.080078125
1 0.94921875 0.7421875 0.095703125 0.1123046875
1 0.3671875 0.1953125 0.134765625 0.1826171875
1 0.0693359375 0.970703125 0.0439453125 0.056640625
1 0.837890625 0.802734375 0.0771484375 0.0732421875
1 0.5869140625 0.783203125 0.095703125 0.087890625
1 0.9619140625 0.8671875 0.048828125 0.1181640625
1 0.60546875 0.904296875 0.0576171875 0.080078125
1 0.89453125 0.279296875 0.07421875 0.0947265625
1 0.4482421875 0.7421875 0.056640625 0.080078125
1 0.7412109375 0.1162109375 0.14453125 0.10546875
1 0.0478515625 0.0439453125 0.0927734375 0.0849609375
1 0.7099609375 0.1044921875 0.080078125 0.109375
1 0.109375 0.3515625 0.080078125 0.1396484375
1 0.4609375 0.0771484375 0.08203125 0.060546875
1 0.83203125 0.5888671875 0.0703125 0.0595703125
1 0.0166015625 0.6904296875 0.029296875 0.0712890625
1 0.029296875 0.30078125 0.0546875 0.08203125
1 0.189453125 0.0458984375 0.0849609375 0.087890625
1 0.6826171875 0.560546875 0.0478515625 0.0576171875
1 0.404296875 0.861328125 0.0654296875 0.1103515625
1 0.3486328125 0.810546875 0.052734375 0.1025390625
1 0.564453125 0.3779296875 0.064453125 0.052734375
1 0.3115234375 0.2568359375 0.0654296875 0.080078125
1 0.01953125 0.595703125 0.03515625 0.037109375
1 0.4052734375 0.09765625 0.0673828125 0.0927734375
