1 0.0283203125 0.9736328125 0.0478515625 0.0517578125
1 0.033203125 0.8466796875 0.0576171875 0.05859375
1 0.2109375 0.8828125 0.130859375 0.091796875
1 0.1865234375 0.9658203125 0.048828125 0.0673828125
1 0.0234375 0.4091796875 0.0478515625 0.14453125
1 0.123046875 0.4345703125 0.064453125 0.0654296875
1 0.1708984375 0.3828125 0.0927734375 0.0654296875
1 0.0458984375 0.3193359375 0.0693359375 0.0654296875
1 0.146484375 0.3095703125 0.0888671875 0.0732421875
1 0.1748046875 0.2099609375 0.0771484375 0.09375
1 0.08203125 0.205078125 0.0908203125 0.1083984375
1 0.0166015625 0.18359375 0.0341796875 0.1025390625
1 0.2294921875 0.3974609375 0.0546875 0.0537109375
1 0.2783203125 0.0380859375 0.08984375 0.076171875
1 0.626953125 0.05859375 0.080078125 0.08984375
1 0.71484375 0.0302734375 0.119140625 0.060546875
1 0.693359375 0.111328125 0.171875 0.0791015625
1 0.818359375 0.142578125 0.083984375 0.1171875
1 0.724609375 0.1875 0.09375 0.056640625
1 0.2392578125 0.267578125 0.0615234375 0.078125
1 0.333984375 0.337890625 0.125 0.08984375
1 0.302734375 0.41015625 0.125 0.0810546875
1 0.330078125 0.4892578125 0.07421875 0.0625
1 0.5 0.5380859375 0.1416015625 0.140625
1 0.5078125 0.4716796875 0.0751953125 0.080078125
1 0.5302734375 0.4287109375 0.078125 0.064453125
1 0.4375 0.27734375 0.1298828125 0.0791015625
1 0.6513671875 0.326171875 0.0927734375 0.0654296875
1 0.7158203125 0.291015625 0.0498046875 0.0478515625
1 0.787109375 0.2578125 0.1064453125 0.0537109375
1 0.873046875 0.240234375 0.06640625 0.0400390625
1 0.9169921875 0.28125 0.103515625 0.0830078125
1 0.7353515625 0.361328125 0.060546875 0.0498046875
1 0.7900390625 0.419921875 0.080078125 0.0810546875
1 0.6611328125 0.611328125 0.0888671875 0.140625
1 0.6201171875 0.673828125 0.0556640625 0.056640625
1 0.5859375 0.76171875 0.0869140625 0.0576171875
1 0.4873046875 0.6865234375 0.1171875 0.0693359375
1 0.4189453125 0.6513671875 0.09765625 0.1376953125
1 0.30859375 0.8447265625 0.087890625 0.0771484375
1 0.421875 0.7666015625 0.0771484375 0.09765625
1 0.4482421875 0.8427734375 0.078125 0.060546875
1 0.5302734375 0.853515625 0.0859375 0.0654296875
1 0.6142578125 0.8056640625 0.1025390625 0.0693359375
1 0.642578125 0.873046875 0.11328125 0.060546875
1 0.7802734375 0.8955078125 0.150390625 0.0576171875
1 0.669921875 0.9326171875 0.1201171875 0.091796875
1 0.7177734375 0.982421875 0.1494140625 0.0341796875
1 0.5751953125 0.9365234375 0.0751953125 0.0927734375
1 0.466796875 0.9365234375 0.126953125 0.0703125
1 0.3642578125 0.96875 0.0673828125 0.0615234375
1 0.9716796875 0.7109375 0.0556640625 0.0703125
1 0.72265625 0.650390625 0.0810546875 0.048828125
1 0.1767578125 0.013671875 0.083984375 0.02734375
1 0.9189453125 0.44921875 0.1240234375 0.0703125
1 0.5751953125 0.1640625 0.052734375 0.09375
1 0.4951171875 0.251953125 0.130859375 0.0869140625
