1 0.044921875 0.376953125 0.0537109375 0.076171875
1 0.0537109375 0.3232421875 0.05859375 0.0546875
1 0.01953125 0.103515625 0.0390625 0.0625
1 0.1435546875 0.4228515625 0.060546875 0.060546875
1 0.177734375 0.3408203125 0.0634765625 0.0693359375
1 0.1240234375 0.3447265625 0.056640625 0.056640625
1 0.12890625 0.1455078125 0.068359375 0.0791015625
1 0.1318359375 0.623046875 0.083984375 0.07421875
1 0.1103515625 0.6796875 0.0537109375 0.068359375
1 0.0458984375 0.6865234375 0.087890625 0.06640625
1 0.0107421875 0.9921875 0.0224609375 0.015625
1 0.0595703125 0.8291015625 0.048828125 0.0634765625
1 0.189453125 0.9052734375 0.0986328125 0.087890625
1 0.11328125 0.9638671875 0.0654296875 0.0546875
1 0.314453125 0.880859375 0.05859375 0.052734375
1 0.310546875 0.8330078125 0.06640625 0.0498046875
1 0.267578125 0.72265625 0.0556640625 0.05078125
1 0.4814453125 0.8623046875 0.0654296875 0.046875
1 0.44921875 0.8876953125 0.0751953125 0.0595703125
1 0.3583984375 0.9404296875 0.0673828125 0.0576171875
1 0.3212890625 0.96875 0.0439453125 0.048828125
1 0.4716796875 0.95703125 0.0791015625 0.0615234375
1 0.2412109375 0.5869140625 0.046875 0.0439453125
1 0.3173828125 0.599609375 0.0771484375 0.0478515625
1 0.3564453125 0.666015625 0.072265625 0.068359375
1 0.3681640625 0.716796875 0.1025390625 0.068359375
1 0.5107421875 0.6884765625 0.0859375 0.1083984375
1 0.4033203125 0.53125 0.0693359375 0.05859375
1 0.166015625 0.4853515625 0.08984375 0.0576171875
1 0.29296875 0.4326171875 0.0693359375 0.0810546875
1 0.2822265625 0.48828125 0.052734375 0.0576171875
1 0.3349609375 0.39453125 0.044921875 0.0556640625
1 0.4228515625 0.369140625 0.080078125 0.0546875
1 0.296875 0.263671875 0.0615234375 0.0478515625
1 0.34375 0.240234375 0.0634765625 0.05859375
1 0.2119140625 0.1630859375 0.0546875 0.0869140625
1 0.267578125 0.20703125 0.0712890625 0.0751953125
1 0.5205078125 0.376953125 0.0576171875 0.056640625
1 0.5771484375 0.294921875 0.0830078125 0.0654296875
1 0.5859375 0.3408203125 0.0693359375 0.052734375
1 0.48046875 0.1787109375 0.080078125 0.064453125
1 0.521484375 0.2255859375 0.0791015625 0.0595703125
1 0.4072265625 0.0146484375 0.0517578125 0.0302734375
1 0.515625 0.0546875 0.078125 0.109375
1 0.6064453125 0.09375 0.0478515625 0.0869140625
1 0.6123046875 0.1396484375 0.0595703125 0.068359375
1 0.921875 0.115234375 0.05859375 0.0703125
1 0.669921875 0.2744140625 0.0810546875 0.0537109375
1 0.8779296875 0.1865234375 0.1025390625 0.0458984375
1 0.9033203125 0.2109375 0.0771484375 0.0419921875
1 0.970703125 0.1533203125 0.05859375 0.0517578125
1 0.5400390625 0.453125 0.080078125 0.0546875
1 0.6005859375 0.46875 0.0654296875 0.078125
1 0.673828125 0.7451171875 0.0712890625 0.0625
1 0.548828125 0.8046875 0.08984375 0.0693359375
1 0.6025390625 0.7978515625 0.0830078125 0.05078125
1 0.7646484375 0.859375 0.1396484375 0.0908203125
1 0.7939453125 0.8251953125 0.1083984375 0.0478515625
1 0.912109375 0.7412109375 0.0859375 0.0556640625
1 0.78515625 0.642578125 0.0849609375 0.0634765625
1 0.6513671875 0.5634765625 0.099609375 0.0615234375
1 0.7587890625 0.537109375 0.107421875 0.076171875
1 0.798828125 0.34375 0.080078125 0.0556640625
1 0.8525390625 0.98046875 0.06640625 0.0380859375
1 0.921875 0.9638671875 0.060546875 0.0712890625
1 0.6396484375 0.927734375 0.0673828125 0.0546875
1 0.5908203125 0.87109375 0.052734375 0.0458984375
1 0.9716796875 0.71875 0.0556640625 0.0986328125
1 0.7568359375 0.40625 0.0908203125 0.0615234375
1 0.8759765625 0.57421875 0.06640625 0.078125
1 0.9111328125 0.5234375 0.072265625 0.0654296875
1 0.9560546875 0.5654296875 0.08203125 0.08203125
1 0.8525390625 0.390625 0.0869140625 0.095703125
1 0.9248046875 0.4091796875 0.08984375 0.080078125
1 0.22265625 0.408203125 0.0322265625 0.0400390625
1 0.791015625 0.513671875 0.072265625 0.0419921875
1 0.7412109375 0.9248046875 0.052734375 0.0546875
1 0.9453125 0.78125 0.07421875 0.041015625
1 0.4462890625 0.5302734375 0.052734375 0.072265625
1 0.3251953125 0.779296875 0.0498046875 0.048828125
1 0.2236328125 0.66015625 0.06640625 0.0478515625
1 0.0859375 0.7197265625 0.0478515625 0.046875
1 0.853515625 0.3037109375 0.0615234375 0.0439453125
1 0.865234375 0.0791015625 0.048828125 0.08203125
1 0.9453125 0.3212890625 0.06640625 0.0478515625
1 0.9365234375 0.447265625 0.0732421875 0.0908203125
1 0.5078125 0.3115234375 0.052734375 0.052734375
1 0.400390625 0.3056640625 0.05859375 0.0498046875
1 0.2724609375 0.1640625 0.0908203125 0.076171875
