1 0.1953125 0.12109375 0.0751953125 0.0673828125
1 0.3583984375 0.0849609375 0.080078125 0.0908203125
1 0.318359375 0.158203125 0.1064453125 0.0576171875
1 0.2041015625 0.2021484375 0.1416015625 0.0888671875
1 0.048828125 0.2880859375 0.09765625 0.0859375
1 0.076171875 0.4296875 0.06640625 0.107421875
1 0.1279296875 0.3974609375 0.0732421875 0.0673828125
1 0.4287109375 0.408203125 0.0615234375 0.05859375
1 0.4599609375 0.36328125 0.0625 0.06640625
1 0.5419921875 0.21484375 0.076171875 0.0732421875
1 0.7109375 0.234375 0.0732421875 0.0703125
1 0.931640625 0.185546875 0.0751953125 0.0615234375
1 0.984375 0.1201171875 0.0302734375 0.06640625
1 0.931640625 0.275390625 0.0732421875 0.0673828125
1 0.1123046875 0.763671875 0.044921875 0.0625
1 0.4130859375 0.73828125 0.0791015625 0.0732421875
1 0.490234375 0.6845703125 0.052734375 0.0556640625
1 0.5634765625 0.7783203125 0.1728515625 0.078125
1 0.634765625 0.837890625 0.0576171875 0.0595703125
1 0.7275390625 0.8232421875 0.09765625 0.0810546875
