1 0.1376953125 0.423828125 0.083984375 0.10546875
1 0.5068359375 0.2724609375 0.0947265625 0.11328125
1 0.078125 0.84765625 0.1064453125 0.0712890625
1 0.744140625 0.8046875 0.1181640625 0.0634765625
1 0.044921875 0.095703125 0.07421875 0.1220703125
1 0.0224609375 0.4921875 0.044921875 0.134765625
1 0.4296875 0.546875 0.08984375 0.0947265625
1 0.640625 0.5556640625 0.1611328125 0.0927734375
1 0.873046875 0.2724609375 0.1005859375 0.0947265625
1 0.4853515625 0.4580078125 0.0732421875 0.09765625
1 0.232421875 0.69140625 0.08984375 0.0751953125
1 0.2880859375 0.5107421875 0.123046875 0.08203125
1 0.6259765625 0.6494140625 0.10546875 0.0625
1 0.40234375 0.2919921875 0.07421875 0.115234375
1 0.59765625 0.8984375 0.1181640625 0.068359375
1 0.486328125 0.7060546875 0.072265625 0.08984375
1 0.962890625 0.4130859375 0.07421875 0.0966796875
1 0.4873046875 0.8525390625 0.1025390625 0.078125
1 0.3828125 0.4560546875 0.087890625 0.08203125
1 0.037109375 0.2763671875 0.07421875 0.0947265625
1 0.1416015625 0.0380859375 0.0751953125 0.072265625
1 0.8291015625 0.7802734375 0.1044921875 0.0576171875
1 0.255859375 0.392578125 0.0595703125 0.099609375
