1 0.7490234375 0.6328125 0.12109375 0.0859375
1 0.806640625 0.2939453125 0.1201171875 0.0947265625
1 0.5615234375 0.5234375 0.0908203125 0.078125
1 0.7578125 0.1025390625 0.1220703125 0.0927734375
1 0.9052734375 0.7080078125 0.1083984375 0.0771484375
1 0.41796875 0.515625 0.09765625 0.0927734375
1 0.30078125 0.1650390625 0.072265625 0.1025390625
1 0.4560546875 0.15625 0.09765625 0.0849609375
1 0.232421875 0.3203125 0.08984375 0.0625
1 0.9677734375 0.05859375 0.064453125 0.0771484375
1 0.044921875 0.70703125 0.08984375 0.1025390625
1 0.34765625 0.763671875 0.1123046875 0.0498046875
1 0.6103515625 0.048828125 0.107421875 0.0849609375
1 0.1005859375 0.3896484375 0.087890625 0.099609375
1 0.078125 0.9814453125 0.052734375 0.037109375
1 0.1923828125 0.173828125 0.080078125 0.0849609375
1 0.197265625 0.2265625 0.08984375 0.0791015625
1 0.587890625 0.2529296875 0.0830078125 0.0771484375
1 0.822265625 0.9697265625 0.0849609375 0.060546875
1 0.349609375 0.431640625 0.0654296875 0.046875
1 0.2158203125 0.6015625 0.056640625 0.0556640625
1 0.19921875 0.9482421875 0.080078125 0.08203125
1 0.2578125 0.650390625 0.0732421875 0.0673828125
1 0.212890625 0.48046875 0.0625 0.107421875
1 0.0693359375 0.494140625 0.0703125 0.0693359375
1 0.478515625 0.0224609375 0.072265625 0.044921875
1 0.1396484375 0.9755859375 0.0751953125 0.0478515625
1 0.2841796875 0.919921875 0.0693359375 0.0673828125
1 0.412109375 0.796875 0.095703125 0.0703125
1 0.173828125 0.7451171875 0.0654296875 0.0703125
1 0.2939453125 0.2802734375 0.0849609375 0.1279296875
1 0.95703125 0.216796875 0.07421875 0.10546875
1 0.763671875 0.06640625 0.1201171875 0.0751953125
1 0.533203125 0.16796875 0.11328125 0.052734375
1 0.4853515625 0.1103515625 0.1025390625 0.0673828125
1 0.5859375 0.11328125 0.107421875 0.0625
1 0.2197265625 0.04296875 0.0947265625 0.0859375
