1 0.6220703125 0.6025390625 0.10546875 0.103515625
1 0.25390625 0.859375 0.14453125 0.1328125
1 0.732421875 0.7822265625 0.1220703125 0.1357421875
1 0.6474609375 0.33203125 0.119140625 0.091796875
1 0.125 0.5478515625 0.1826171875 0.1728515625
1 0.3232421875 0.685546875 0.169921875 0.1142578125
1 0.78515625 0.931640625 0.1181640625 0.1201171875
1 0.90625 0.3486328125 0.185546875 0.140625
1 0.8955078125 0.138671875 0.107421875 0.1083984375
1 0.92578125 0.755859375 0.099609375 0.140625
1 0.1357421875 0.3369140625 0.162109375 0.1298828125
1 0.5244140625 0.876953125 0.08984375 0.0732421875
1 0.8828125 0.02734375 0.1826171875 0.0546875
1 0.0556640625 0.037109375 0.107421875 0.07421875
1 0.708984375 0.380859375 0.0595703125 0.0625
1 0.619140625 0.9521484375 0.09765625 0.0732421875
1 0.060546875 0.4248046875 0.1181640625 0.0859375
1 0.669921875 0.8828125 0.08984375 0.0625
1 0.560546875 0.6591796875 0.072265625 0.0751953125
1 0.546875 0.916015625 0.095703125 0.0703125
1 0.2880859375 0.1875 0.0419921875 0.029296875
