1 0.7451171875 0.681640625 0.0771484375 0.080078125
1 0.7890625 0.1669921875 0.0947265625 0.064453125
1 0.7158203125 0.1044921875 0.087890625 0.060546875
1 0.943359375 0.345703125 0.078125 0.1025390625
1 0.5947265625 0.3837890625 0.099609375 0.0654296875
1 0.689453125 0.841796875 0.0703125 0.0849609375
1 0.921875 0.7568359375 0.109375 0.169921875
1 0.7275390625 0.2919921875 0.0771484375 0.0849609375
1 0.814453125 0.916015625 0.0703125 0.09765625
1 0.84765625 0.4189453125 0.1572265625 0.0751953125
1 0.8251953125 0.7421875 0.0673828125 0.14453125
1 0.9599609375 0.9033203125 0.080078125 0.126953125
1 0.9296875 0.11328125 0.140625 0.126953125
1 0.7734375 0.0283203125 0.08203125 0.056640625
1 0.9619140625 0.1767578125 0.076171875 0.0771484375
1 0.943359375 0.54296875 0.11328125 0.072265625
1 0.8505859375 0.0234375 0.07421875 0.0478515625
1 0.04296875 0.15625 0.0849609375 0.0439453125
1 0.5859375 0.7744140625 0.0625 0.044921875
1 0.96484375 0.703125 0.0703125 0.072265625
1 0.884765625 0.5595703125 0.080078125 0.08984375
1 0.8369140625 0.4892578125 0.08984375 0.0546875
1 0.8779296875 0.0888671875 0.072265625 0.0849609375
1 0.9755859375 0.046875 0.0478515625 0.0751953125
1 0.7548828125 0.82421875 0.0546875 0.1142578125
1 0.9736328125 0.4775390625 0.052734375 0.0673828125
1 0.87890625 0.755859375 0.1044921875 0.107421875
1 0.9189453125 0.9580078125 0.0849609375 0.0830078125
1 0.578125 0.5078125 0.0556640625 0.08203125
