1 0.5654296875 0.8544921875 0.0830078125 0.07421875
1 0.7783203125 0.07421875 0.0751953125 0.0751953125
1 0.787109375 0.244140625 0.080078125 0.0556640625
1 0.9599609375 0.0234375 0.080078125 0.046875
1 0.669921875 0.095703125 0.1123046875 0.078125
1 0.822265625 0.208984375 0.080078125 0.0595703125
1 0.73046875 0.7978515625 0.08984375 0.0810546875
1 0.58203125 0.8955078125 0.10546875 0.0673828125
1 0.40234375 0.97265625 0.099609375 0.0546875
1 0.5732421875 0.9609375 0.09375 0.078125
1 0.7822265625 0.921875 0.0576171875 0.0859375
