1 0.43359375 0.431640625 0.0791015625 0.0908203125
1 0.373046875 0.314453125 0.0908203125 0.1201171875
1 0.5712890625 0.4130859375 0.1025390625 0.0703125
1 0.5341796875 0.357421875 0.046875 0.05859375
1 0.67578125 0.18359375 0.05078125 0.0751953125
1 0.7998046875 0.154296875 0.0966796875 0.1142578125
1 0.740234375 0.29296875 0.1005859375 0.1220703125
1 0.8369140625 0.33203125 0.0859375 0.08203125
1 0.8681640625 0.283203125 0.0439453125 0.05859375
1 0.89453125 0.40234375 0.05859375 0.0693359375
1 0.9375 0.224609375 0.0517578125 0.046875
1 0.7490234375 0.0830078125 0.044921875 0.0400390625
1 0.755859375 0.02734375 0.0751953125 0.0537109375
1 0.5615234375 0.046875 0.0693359375 0.0947265625
1 0.6240234375 0.08984375 0.1015625 0.14453125
1 0.361328125 0.0263671875 0.0869140625 0.0537109375
1 0.1611328125 0.103515625 0.0625 0.0634765625
1 0.251953125 0.1943359375 0.0732421875 0.0830078125
1 0.3291015625 0.2119140625 0.0986328125 0.06640625
1 0.271484375 0.328125 0.07421875 0.064453125
1 0.1318359375 0.3642578125 0.0751953125 0.05859375
1 0.630859375 0.6162109375 0.052734375 0.0791015625
1 0.6259765625 0.537109375 0.0625 0.0703125
1 0.7255859375 0.541015625 0.05859375 0.0986328125
1 0.6630859375 0.4423828125 0.044921875 0.0556640625
1 0.8837890625 0.7763671875 0.0703125 0.080078125
1 0.6376953125 0.716796875 0.07421875 0.0849609375
1 0.4482421875 0.7216796875 0.06640625 0.0595703125
1 0.4326171875 0.8876953125 0.068359375 0.0849609375
1 0.7080078125 0.9228515625 0.1171875 0.064453125
1 0.818359375 0.9052734375 0.1064453125 0.0556640625
1 0.8681640625 0.9375 0.0810546875 0.0380859375
1 0.8955078125 0.8515625 0.083984375 0.0673828125
1 0.962890625 0.8095703125 0.07421875 0.0576171875
1 0.3486328125 0.482421875 0.048828125 0.0556640625
1 0.3134765625 0.6767578125 0.0810546875 0.078125
1 0.24609375 0.697265625 0.0625 0.064453125
1 0.271484375 0.7626953125 0.091796875 0.05859375
1 0.2490234375 0.873046875 0.08984375 0.1044921875
1 0.1923828125 0.95703125 0.05859375 0.0849609375
1 0.0283203125 0.955078125 0.0576171875 0.0595703125
1 0.1396484375 0.861328125 0.0712890625 0.06640625
1 0.1767578125 0.7646484375 0.0556640625 0.0625
1 0.177734375 0.6689453125 0.0595703125 0.0458984375
1 0.1220703125 0.720703125 0.0732421875 0.060546875
1 0.125 0.5244140625 0.068359375 0.080078125
1 0.0771484375 0.5146484375 0.0908203125 0.130859375
1 0.0693359375 0.15625 0.044921875 0.0712890625
1 0.1376953125 0.20703125 0.072265625 0.05078125
1 0.6875 0.6416015625 0.0537109375 0.0517578125
1 0.7314453125 0.8427734375 0.0693359375 0.052734375
1 0.3955078125 0.2587890625 0.0517578125 0.0634765625
1 0.435546875 0.328125 0.0732421875 0.0517578125
1 0.064453125 0.3515625 0.0537109375 0.0498046875
1 0.8359375 0.0380859375 0.0869140625 0.068359375
