1 0.083984375 0.0341796875 0.1064453125 0.068359375
1 0.0166015625 0.1328125 0.0341796875 0.107421875
1 0.2158203125 0.291015625 0.1337890625 0.0908203125
1 0.19921875 0.392578125 0.16015625 0.087890625
1 0.0458984375 0.287109375 0.0927734375 0.0634765625
1 0.4326171875 0.1220703125 0.15625 0.2353515625
1 0.599609375 0.18359375 0.1494140625 0.11328125
1 0.7177734375 0.0693359375 0.201171875 0.103515625
1 0.9619140625 0.1328125 0.076171875 0.1611328125
1 0.9326171875 0.6220703125 0.0771484375 0.150390625
1 0.828125 0.55859375 0.076171875 0.0751953125
1 0.7587890625 0.5771484375 0.1201171875 0.185546875
1 0.580078125 0.552734375 0.095703125 0.16796875
1 0.5703125 0.63671875 0.0732421875 0.1083984375
1 0.45703125 0.587890625 0.0849609375 0.099609375
1 0.517578125 0.7080078125 0.0810546875 0.0986328125
1 0.7265625 0.7578125 0.1103515625 0.1181640625
1 0.7978515625 0.7607421875 0.07421875 0.0556640625
1 0.46484375 0.826171875 0.1015625 0.06640625
1 0.7578125 0.9267578125 0.1943359375 0.1279296875
1 0.310546875 0.8603515625 0.0966796875 0.0791015625
1 0.1708984375 0.9580078125 0.24609375 0.0830078125
1 0.2236328125 0.96484375 0.2216796875 0.0693359375
1 0.140625 0.857421875 0.1728515625 0.1005859375
1 0.0322265625 0.77734375 0.046875 0.12109375
1 0.6064453125 0.4150390625 0.09375 0.2021484375
1 0.408203125 0.408203125 0.255859375 0.1953125
1 0.8662109375 0.2373046875 0.0654296875 0.060546875
1 0.6494140625 0.9130859375 0.0703125 0.1201171875
1 0.9521484375 0.4765625 0.0390625 0.06640625
1 0.978515625 0.455078125 0.0419921875 0.0419921875
