1 0.2763671875 0.1337890625 0.087890625 0.0849609375
1 0.1962890625 0.181640625 0.0830078125 0.0693359375
1 0.423828125 0.181640625 0.12890625 0.0966796875
1 0.5224609375 0.0966796875 0.146484375 0.08203125
1 0.8076171875 0.1220703125 0.1025390625 0.1005859375
1 0.6904296875 0.263671875 0.0830078125 0.0859375
1 0.5283203125 0.2431640625 0.0634765625 0.0654296875
1 0.4697265625 0.3935546875 0.072265625 0.076171875
1 0.4375 0.482421875 0.09375 0.103515625
1 0.55078125 0.48046875 0.09765625 0.0751953125
1 0.478515625 0.5771484375 0.0908203125 0.0712890625
1 0.6865234375 0.6669921875 0.1162109375 0.130859375
1 0.810546875 0.720703125 0.0810546875 0.095703125
1 0.9208984375 0.470703125 0.080078125 0.083984375
1 0.8232421875 0.40234375 0.0673828125 0.1171875
1 0.853515625 0.365234375 0.0546875 0.0947265625
1 0.935546875 0.3544921875 0.0888671875 0.09765625
1 0.982421875 0.189453125 0.03515625 0.0810546875
1 0.9453125 0.03515625 0.0859375 0.0703125
1 0.28125 0.60546875 0.1328125 0.150390625
1 0.166015625 0.5205078125 0.1064453125 0.087890625
1 0.0302734375 0.5322265625 0.060546875 0.06640625
1 0.0283203125 0.400390625 0.056640625 0.0888671875
1 0.1318359375 0.767578125 0.1181640625 0.1357421875
1 0.2158203125 0.990234375 0.08203125 0.01953125
1 0.4208984375 0.8642578125 0.0986328125 0.0810546875
1 0.640625 0.8193359375 0.08984375 0.0830078125
1 0.7001953125 0.9306640625 0.0751953125 0.0712890625
1 0.8779296875 0.9052734375 0.0615234375 0.095703125
1 0.9794921875 0.8857421875 0.041015625 0.0615234375
1 0.923828125 0.98828125 0.0693359375 0.0234375
1 0.2021484375 0.03515625 0.11328125 0.041015625
1 0.451171875 0.775390625 0.107421875 0.0830078125
1 0.7294921875 0.609375 0.109375 0.05078125
