1 0.5859375 0.376953125 0.126953125 0.0703125
1 0.3798828125 0.044921875 0.16796875 0.08984375
1 0.671875 0.001953125 0.115234375 0.0048828125
1 0.8486328125 0.625 0.177734375 0.1376953125
1 0.810546875 0.4033203125 0.1220703125 0.126953125
1 0.8857421875 0.1796875 0.087890625 0.0703125
1 0.7001953125 0.828125 0.1630859375 0.16796875
1 0.7119140625 0.3603515625 0.08984375 0.0771484375
1 0.615234375 0.767578125 0.0869140625 0.0830078125
1 0.1357421875 0.2080078125 0.091796875 0.1025390625
1 0.7333984375 0.3466796875 0.1328125 0.115234375
1 0.9306640625 0.962890625 0.1005859375 0.072265625
1 0.0302734375 0.1376953125 0.0615234375 0.0654296875
1 0.025390625 0.8017578125 0.0517578125 0.0849609375
