1 0.84765625 0.05859375 0.1005859375 0.1171875
1 0.2275390625 0.7255859375 0.0888671875 0.1884765625
1 0.65625 0.0576171875 0.1142578125 0.1025390625
1 0.8603515625 0.66015625 0.0947265625 0.095703125
1 0.96484375 0.671875 0.0703125 0.0966796875
1 0.97265625 0.232421875 0.052734375 0.0673828125
1 0.4345703125 0.8857421875 0.115234375 0.087890625
1 0.7333984375 0.078125 0.0869140625 0.0966796875
1 0.3251953125 0.68359375 0.0576171875 0.0625
1 0.8447265625 0.568359375 0.08984375 0.0771484375
1 0.1376953125 0.134765625 0.1201171875 0.1142578125
1 0.814453125 0.390625 0.109375 0.072265625
1 0.2265625 0.244140625 0.1298828125 0.08984375
1 0.8203125 0.3076171875 0.1220703125 0.1025390625
1 0.2060546875 0.353515625 0.1513671875 0.09375
1 0.2041015625 0.181640625 0.08984375 0.1103515625
1 0.1376953125 0.96484375 0.09765625 0.0693359375
1 0.884765625 0.361328125 0.0810546875 0.0712890625
1 0.9033203125 0.955078125 0.087890625 0.0830078125
1 0.369140625 0.9609375 0.060546875 0.07421875
1 0.140625 0.3818359375 0.1923828125 0.150390625
1 0.283203125 0.2841796875 0.0830078125 0.0771484375
1 0.029296875 0.6884765625 0.0546875 0.162109375
1 0.025390625 0.435546875 0.0478515625 0.09765625
1 0.5146484375 0.908203125 0.0625 0.0625
1 0.0732421875 0.703125 0.0810546875 0.087890625
1 0.1201171875 0.0673828125 0.1064453125 0.0654296875
1 0.2255859375 0.962890625 0.099609375 0.0732421875
1 0.7431640625 0.1591796875 0.076171875 0.0673828125
