1 0.6005859375 0.224609375 0.0615234375 0.0908203125
1 0.2626953125 0.3603515625 0.107421875 0.0615234375
1 0.28515625 0.7333984375 0.1201171875 0.06640625
1 0.8359375 0.0419921875 0.091796875 0.0830078125
1 0.4482421875 0.8466796875 0.0478515625 0.076171875
1 0.037109375 0.1484375 0.0751953125 0.0556640625
1 0.1513671875 0.705078125 0.1015625 0.05859375
1 0.818359375 0.794921875 0.0888671875 0.048828125
1 0.37109375 0.4501953125 0.109375 0.0712890625
1 0.9091796875 0.1357421875 0.125 0.060546875
1 0.0107421875 0.0693359375 0.0224609375 0.046875
1 0.5556640625 0.4697265625 0.1318359375 0.068359375
1 0.287109375 0.876953125 0.046875 0.07421875
1 0.1943359375 0.6494140625 0.0458984375 0.0859375
1 0.0810546875 0.970703125 0.1240234375 0.0576171875
1 0.11328125 0.2978515625 0.1357421875 0.064453125
1 0.3408203125 0.791015625 0.12890625 0.0419921875
1 0.4404296875 0.1181640625 0.14453125 0.1083984375
1 0.62109375 0.025390625 0.1025390625 0.0380859375
1 0.7177734375 0.7255859375 0.05859375 0.0693359375
1 0.2275390625 0.21484375 0.0712890625 0.046875
1 0.1005859375 0.5751953125 0.0947265625 0.1123046875
1 0.5576171875 0.4990234375 0.068359375 0.0419921875
1 0.9580078125 0.6103515625 0.0830078125 0.052734375
1 0.7578125 0.9013671875 0.0537109375 0.041015625
1 0.01953125 0.9853515625 0.0400390625 0.029296875
1 0.11328125 0.740234375 0.1923828125 0.1171875
1 0.708984375 0.369140625 0.0888671875 0.0439453125
1 0.1689453125 0.0400390625 0.1142578125 0.0498046875
1 0.71875 0.53125 0.1767578125 0.0947265625
1 0.04296875 0.19921875 0.0859375 0.0341796875
1 0.6630859375 0.6279296875 0.0966796875 0.025390625
1 0.8232421875 0.54296875 0.041015625 0.060546875
1 0.7919921875 0.4443359375 0.048828125 0.0556640625
1 0.0166015625 0.8984375 0.033203125 0.0712890625
1 0.3125 0.6455078125 0.1123046875 0.0341796875
1 0.7041015625 0.3974609375 0.091796875 0.0732421875
1 0.3056640625 0.44140625 0.177734375 0.048828125
1 0.7998046875 0.7333984375 0.1455078125 0.056640625
1 0.267578125 0.9814453125 0.1044921875 0.0341796875
1 0.9326171875 0.8037109375 0.064453125 0.0517578125
1 0.0400390625 0.380859375 0.0810546875 0.125
1 0.462890625 0.4853515625 0.0927734375 0.0361328125
1 0.0078125 0.7607421875 0.0166015625 0.0185546875
1 0.224609375 0.1318359375 0.2333984375 0.0791015625
1 0.0263671875 0.623046875 0.052734375 0.0322265625
1 0.298828125 0.6796875 0.08203125 0.0380859375
1 0.8896484375 0.2705078125 0.0615234375 0.076171875
1 0.19140625 0.25390625 0.16796875 0.037109375
1 0.677734375 0.5595703125 0.0693359375 0.0439453125
1 0.4365234375 0.5087890625 0.10546875 0.03515625
1 0.7275390625 0.009765625 0.060546875 0.01953125
1 0.65234375 0.58984375 0.1357421875 0.0537109375
1 0.9638671875 0.9091796875 0.0712890625 0.0390625
1 0.7451171875 0.5078125 0.05078125 0.0419921875
1 0.9384765625 0.876953125 0.1025390625 0.0458984375
1 0.015625 0.849609375 0.0322265625 0.0390625
1 0.9619140625 0.9326171875 0.076171875 0.0224609375
1 0.94921875 0.7509765625 0.064453125 0.0361328125
1 0.8046875 0.4423828125 0.0400390625 0.044921875
1 0.9287109375 0.20703125 0.1416015625 0.08203125
1 0.2216796875 0.287109375 0.12890625 0.068359375
1 0.4619140625 0.990234375 0.033203125 0.01953125
1 0.966796875 0.5830078125 0.0654296875 0.025390625
1 0.6318359375 0.3330078125 0.0810546875 0.0732421875
1 0.6767578125 0.3740234375 0.1396484375 0.1162109375
1 0.9599609375 0.244140625 0.080078125 0.041015625
1 0.08203125 0.865234375 0.1474609375 0.0458984375
1 0.4716796875 0.8193359375 0.02734375 0.083984375
1 0.482421875 0.9375 0.0517578125 0.0390625
1 0.548828125 0.978515625 0.1298828125 0.025390625
1 0.5927734375 0.9599609375 0.060546875 0.029296875
1 0.9814453125 0.345703125 0.037109375 0.1396484375
1 0.2724609375 0.021484375 0.08203125 0.0361328125
1 0.3076171875 0.408203125 0.1123046875 0.048828125
1 0.59765625 0.0107421875 0.095703125 0.021484375
1 0.978515625 0.5634765625 0.04296875 0.0322265625
1 0.236328125 0.7880859375 0.125 0.0595703125
1 0.9658203125 0.7802734375 0.048828125 0.0400390625
