1 0.1962890625 0.412109375 0.12890625 0.0546875
1 0.2587890625 0.2275390625 0.068359375 0.0830078125
1 0.115234375 0.1455078125 0.1025390625 0.0615234375
1 0.3193359375 0.1650390625 0.0654296875 0.04296875
1 0.142578125 0.2529296875 0.0732421875 0.0361328125
1 0.2578125 0.1728515625 0.076171875 0.04296875
1 0.2744140625 0.5947265625 0.1025390625 0.0546875
1 0.9580078125 0.2939453125 0.0830078125 0.0703125
1 0.7626953125 0.2509765625 0.0810546875 0.0419921875
1 0.580078125 0.18359375 0.1025390625 0.048828125
1 0.0439453125 0.9462890625 0.0703125 0.037109375
1 0.08984375 0.484375 0.1044921875 0.0380859375
1 0.1025390625 0.583984375 0.09765625 0.0458984375
1 0.2353515625 0.1220703125 0.087890625 0.0458984375
1 0.7392578125 0.0888671875 0.0546875 0.052734375
1 0.396484375 0.6650390625 0.0615234375 0.044921875
1 0.1513671875 0.861328125 0.0986328125 0.0615234375
1 0.10546875 0.3017578125 0.07421875 0.0419921875
1 0.189453125 0.89453125 0.07421875 0.060546875
1 0.5146484375 0.13671875 0.080078125 0.052734375
1 0.236328125 0.53125 0.0859375 0.0478515625
1 0.91015625 0.4990234375 0.09375 0.0478515625
1 0.9423828125 0.9404296875 0.080078125 0.052734375
1 0.072265625 0.8369140625 0.0830078125 0.0693359375
1 0.685546875 0.33984375 0.056640625 0.033203125
1 0.068359375 0.107421875 0.078125 0.0673828125
1 0.8544921875 0.2431640625 0.1015625 0.052734375
1 0.3701171875 0.458984375 0.06640625 0.02734375
1 0.9638671875 0.0556640625 0.0595703125 0.0439453125
1 0.6767578125 0.1533203125 0.0654296875 0.0517578125
1 0.69921875 0.4931640625 0.0556640625 0.0517578125
1 0.705078125 0.1318359375 0.080078125 0.0361328125
1 0.37109375 0.3193359375 0.087890625 0.0380859375
1 0.3310546875 0.28515625 0.072265625 0.0390625
1 0.1484375 0.8134765625 0.095703125 0.041015625
1 0.375 0.4921875 0.0771484375 0.0400390625
1 0.9189453125 0.9091796875 0.09765625 0.0576171875
1 0.34765625 0.947265625 0.0673828125 0.0244140625
1 0.712890625 0.0322265625 0.052734375 0.0322265625
1 0.470703125 0.81640625 0.0673828125 0.0478515625
1 0.765625 0.984375 0.0703125 0.0302734375
1 0.54296875 0.5634765625 0.068359375 0.0537109375
1 0.7763671875 0.8818359375 0.0869140625 0.0390625
1 0.1728515625 0.6865234375 0.05859375 0.0205078125
1 0.736328125 0.162109375 0.0625 0.0302734375
1 0.7333984375 0.619140625 0.0908203125 0.0458984375
1 0.35546875 0.87109375 0.091796875 0.0458984375
1 0.5703125 0.330078125 0.0849609375 0.0400390625
1 0.94140625 0.7080078125 0.0625 0.0400390625
1 0.205078125 0.7900390625 0.09765625 0.0390625
1 0.3798828125 0.6015625 0.08984375 0.037109375
1 0.2353515625 0.951171875 0.0869140625 0.0283203125
1 0.4755859375 0.9267578125 0.0830078125 0.04296875
1 0.1005859375 0.9765625 0.0859375 0.0361328125
1 0.916015625 0.5400390625 0.0869140625 0.0498046875
1 0.28125 0.6240234375 0.0517578125 0.033203125
1 0.833984375 0.20703125 0.05078125 0.0458984375
1 0.7216796875 0.9033203125 0.091796875 0.052734375
1 0.4912109375 0.78515625 0.0830078125 0.0341796875
1 0.138671875 0.5263671875 0.078125 0.025390625
1 0.951171875 0.638671875 0.0595703125 0.033203125
1 0.6015625 0.2958984375 0.0751953125 0.0205078125
1 0.4580078125 0.279296875 0.0771484375 0.046875
1 0.53125 0.306640625 0.0830078125 0.0439453125
1 0.5849609375 0.6318359375 0.0791015625 0.0478515625
1 0.3076171875 0.8701171875 0.0634765625 0.0478515625
1 0.62109375 0.9208984375 0.060546875 0.0419921875
1 0.951171875 0.248046875 0.0712890625 0.046875
1 0.4345703125 0.873046875 0.07421875 0.0458984375
1 0.7333984375 0.4423828125 0.0751953125 0.0419921875
1 0.8251953125 0.1318359375 0.068359375 0.05078125
1 0.736328125 0.654296875 0.080078125 0.048828125
1 0.900390625 0.8564453125 0.0712890625 0.0400390625
1 0.84375 0.8505859375 0.0830078125 0.0439453125
1 0.1796875 0.9443359375 0.126953125 0.0478515625
1 0.3447265625 0.931640625 0.1025390625 0.021484375
1 0.7138671875 0.4609375 0.0615234375 0.0556640625
1 0.984375 0.365234375 0.0302734375 0.0439453125
1 0.0234375 0.8720703125 0.046875 0.0244140625
