1 0.8017578125 0.8515625 0.0947265625 0.0849609375
1 0.6376953125 0.7255859375 0.1123046875 0.0927734375
1 0.9853515625 0.5126953125 0.0283203125 0.0869140625
1 0.7939453125 0.712890625 0.0849609375 0.1123046875
1 0.615234375 0.5 0.0771484375 0.0771484375
1 0.7392578125 0.1533203125 0.080078125 0.072265625
1 0.98046875 0.1904296875 0.0380859375 0.072265625
1 0.1083984375 0.76171875 0.0625 0.1298828125
1 0.8076171875 0.5966796875 0.1123046875 0.134765625
1 0.978515625 0.2802734375 0.04296875 0.0673828125
1 0.9169921875 0.3505859375 0.0703125 0.0771484375
1 0.7685546875 0.4267578125 0.0869140625 0.08203125
1 0.75 0.3505859375 0.0771484375 0.0673828125
1 0.8857421875 0.2734375 0.091796875 0.08203125
1 0.9755859375 0.3857421875 0.0478515625 0.056640625
1 0.0283203125 0.154296875 0.0576171875 0.1240234375
1 0.015625 0.748046875 0.03125 0.0888671875
