1 0.30078125 0.90625 0.076171875 0.109375
1 0.4267578125 0.943359375 0.0595703125 0.0859375
1 0.9423828125 0.859375 0.07421875 0.0625
1 0.775390625 0.9541015625 0.0673828125 0.080078125
1 0.7177734375 0.9775390625 0.0537109375 0.044921875
1 0.6826171875 0.9619140625 0.0546875 0.0478515625
1 0.603515625 0.837890625 0.0791015625 0.07421875
1 0.7109375 0.7666015625 0.0712890625 0.080078125
1 0.771484375 0.78515625 0.068359375 0.0771484375
1 0.8408203125 0.7392578125 0.0654296875 0.06640625
1 0.4033203125 0.7568359375 0.0712890625 0.0693359375
1 0.3310546875 0.6865234375 0.099609375 0.0595703125
1 0.751953125 0.603515625 0.0625 0.068359375
1 0.603515625 0.6015625 0.0634765625 0.0625
1 0.65234375 0.634765625 0.08984375 0.078125
1 0.595703125 0.6640625 0.044921875 0.078125
1 0.71875 0.5380859375 0.056640625 0.0791015625
1 0.361328125 0.5791015625 0.1513671875 0.07421875
1 0.544921875 0.494140625 0.06640625 0.1181640625
1 0.6142578125 0.4736328125 0.072265625 0.07421875
1 0.3837890625 0.4677734375 0.0703125 0.0595703125
1 0.826171875 0.5 0.0732421875 0.087890625
1 0.845703125 0.5703125 0.0595703125 0.0576171875
1 0.919921875 0.548828125 0.068359375 0.060546875
1 0.876953125 0.505859375 0.0556640625 0.0703125
1 0.75 0.3701171875 0.07421875 0.0859375
1 0.9599609375 0.328125 0.064453125 0.171875
1 0.96875 0.2109375 0.0615234375 0.0751953125
1 0.8076171875 0.1943359375 0.0634765625 0.060546875
1 0.8603515625 0.1630859375 0.0615234375 0.07421875
1 0.96875 0.078125 0.0615234375 0.0830078125
1 0.625 0.193359375 0.07421875 0.068359375
1 0.5703125 0.15234375 0.056640625 0.06640625
1 0.578125 0.0517578125 0.07421875 0.06640625
1 0.498046875 0.0458984375 0.048828125 0.064453125
1 0.3701171875 0.033203125 0.068359375 0.0673828125
1 0.3056640625 0.11328125 0.09765625 0.091796875
1 0.265625 0.0458984375 0.1240234375 0.091796875
1 0.3046875 0.0205078125 0.0712890625 0.041015625
1 0.1142578125 0.1728515625 0.08984375 0.1064453125
1 0.08984375 0.0869140625 0.0771484375 0.0888671875
1 0.2958984375 0.3203125 0.07421875 0.0771484375
1 0.1884765625 0.4765625 0.0859375 0.0810546875
1 0.140625 0.4443359375 0.0595703125 0.056640625
1 0.439453125 0.40234375 0.0556640625 0.0751953125
1 0.48828125 0.37890625 0.06640625 0.103515625
1 0.0400390625 0.734375 0.080078125 0.068359375
1 0.1220703125 0.72265625 0.064453125 0.091796875
1 0.4677734375 0.84375 0.0771484375 0.0771484375
1 0.6455078125 0.4248046875 0.046875 0.04296875
1 0.388671875 0.8369140625 0.0400390625 0.03125
