1 0.7431640625 0.009765625 0.09375 0.0205078125
1 0.740234375 0.076171875 0.080078125 0.14453125
1 0.8798828125 0.12890625 0.0615234375 0.0810546875
1 0.87109375 0.2099609375 0.0595703125 0.0869140625
1 0.7802734375 0.2880859375 0.07421875 0.1484375
1 0.814453125 0.2978515625 0.0458984375 0.12109375
1 0.9638671875 0.9306640625 0.0712890625 0.138671875
1 0.859375 0.7314453125 0.1181640625 0.0791015625
1 0.796875 0.548828125 0.115234375 0.0615234375
1 0.8525390625 0.4775390625 0.05859375 0.064453125
1 0.7744140625 0.6435546875 0.0751953125 0.1298828125
1 0.5341796875 0.3857421875 0.08984375 0.1240234375
1 0.58203125 0.333984375 0.0517578125 0.0556640625
1 0.453125 0.193359375 0.060546875 0.0625
1 0.2978515625 0.0791015625 0.1025390625 0.0732421875
1 0.0673828125 0.126953125 0.1357421875 0.1767578125
1 0.17578125 0.193359375 0.1875 0.103515625
1 0.3515625 0.1689453125 0.0732421875 0.0654296875
1 0.33203125 0.2568359375 0.1123046875 0.1162109375
1 0.1337890625 0.4013671875 0.12109375 0.0693359375
1 0.0576171875 0.4599609375 0.115234375 0.087890625
1 0.232421875 0.5849609375 0.109375 0.1591796875
1 0.328125 0.62890625 0.154296875 0.0986328125
1 0.048828125 0.7392578125 0.09765625 0.0595703125
1 0.029296875 0.6435546875 0.0595703125 0.091796875
1 0.12890625 0.8740234375 0.1162109375 0.125
1 0.033203125 0.857421875 0.0673828125 0.08984375
1 0.576171875 0.97265625 0.0869140625 0.0537109375
1 0.76171875 0.978515625 0.0595703125 0.04296875
1 0.9638671875 0.2099609375 0.0712890625 0.0693359375
1 0.390625 0.833984375 0.0859375 0.07421875
