1 0.4755859375 0.0234375 0.087890625 0.046875
1 0.1943359375 0.060546875 0.0712890625 0.0830078125
1 0.3017578125 0.1005859375 0.087890625 0.0654296875
1 0.2548828125 0.16796875 0.0751953125 0.0859375
1 0.1298828125 0.283203125 0.111328125 0.0751953125
1 0.3525390625 0.31640625 0.0732421875 0.1123046875
1 0.296875 0.3681640625 0.0654296875 0.09375
1 0.4189453125 0.3486328125 0.080078125 0.0810546875
1 0.455078125 0.2626953125 0.0673828125 0.0654296875
1 0.77734375 0.1259765625 0.126953125 0.0849609375
1 0.5869140625 0.0302734375 0.0703125 0.0615234375
1 0.5576171875 0.349609375 0.0654296875 0.078125
1 0.6904296875 0.19921875 0.060546875 0.0625
1 0.8623046875 0.4541015625 0.080078125 0.0791015625
1 0.712890625 0.48046875 0.0634765625 0.08203125
1 0.625 0.4765625 0.064453125 0.0673828125
1 0.6298828125 0.53515625 0.0859375 0.076171875
1 0.517578125 0.533203125 0.078125 0.083984375
1 0.3505859375 0.505859375 0.080078125 0.07421875
1 0.298828125 0.5341796875 0.07421875 0.0810546875
1 0.173828125 0.5234375 0.0634765625 0.0703125
1 0.09375 0.5634765625 0.1025390625 0.0625
1 0.056640625 0.6376953125 0.1064453125 0.06640625
1 0.064453125 0.6962890625 0.11328125 0.0791015625
1 0.2177734375 0.724609375 0.0888671875 0.0595703125
1 0.296875 0.703125 0.0771484375 0.1064453125
1 0.05859375 0.873046875 0.091796875 0.095703125
1 0.248046875 0.8984375 0.0888671875 0.080078125
1 0.1005859375 0.966796875 0.0908203125 0.06640625
1 0.5029296875 0.951171875 0.068359375 0.08203125
1 0.7119140625 0.9521484375 0.12109375 0.07421875
1 0.8603515625 0.962890625 0.09765625 0.07421875
1 0.93359375 0.9833984375 0.068359375 0.033203125
1 0.939453125 0.927734375 0.060546875 0.06640625
1 0.7939453125 0.8525390625 0.0498046875 0.0830078125
1 0.611328125 0.630859375 0.05078125 0.05859375
1 0.650390625 0.66796875 0.0625 0.0517578125
1 0.6689453125 0.7041015625 0.078125 0.0654296875
1 0.7470703125 0.6298828125 0.068359375 0.072265625
1 0.9609375 0.4658203125 0.0771484375 0.0751953125
1 0.9765625 0.5458984375 0.0458984375 0.0634765625
1 0.96875 0.1015625 0.0615234375 0.08203125
1 0.0830078125 0.5234375 0.0771484375 0.0693359375
1 0.259765625 0.35546875 0.064453125 0.076171875
1 0.66796875 0.455078125 0.0703125 0.0732421875
1 0.9072265625 0.6337890625 0.0712890625 0.064453125
1 0.7744140625 0.9794921875 0.0537109375 0.0400390625
1 0.0146484375 0.5380859375 0.029296875 0.07421875
1 0.0185546875 0.4677734375 0.037109375 0.0478515625
1 0.3837890625 0.015625 0.0419921875 0.0322265625
1 0.4970703125 0.45703125 0.0673828125 0.0419921875
