1 0.6240234375 0.3837890625 0.0908203125 0.1103515625
1 0.40625 0.4111328125 0.1552734375 0.0849609375
1 0.490234375 0.96875 0.150390625 0.0615234375
1 0.7919921875 0.9755859375 0.169921875 0.0478515625
1 0.5078125 0.6650390625 0.2021484375 0.0771484375
1 0.2265625 0.1923828125 0.1298828125 0.08984375
1 0.3740234375 0.625 0.1806640625 0.0927734375
1 0.2578125 0.634765625 0.0830078125 0.08984375
1 0.5556640625 0.5595703125 0.1376953125 0.115234375
1 0.1552734375 0.6943359375 0.0576171875 0.0849609375
1 0.3916015625 0.7841796875 0.1142578125 0.0751953125
1 0.552734375 0.8203125 0.0966796875 0.0576171875
1 0.3662109375 0.26171875 0.1298828125 0.080078125
1 0.1455078125 0.365234375 0.232421875 0.0830078125
1 0.091796875 0.8701171875 0.0703125 0.0673828125
1 0.0322265625 0.5390625 0.064453125 0.0791015625
1 0.9716796875 0.1337890625 0.0556640625 0.056640625
1 0.26953125 0.8349609375 0.16015625 0.1123046875
1 0.0966796875 0.5166015625 0.080078125 0.0595703125
1 0.49609375 0.521484375 0.142578125 0.0556640625
1 0.119140625 0.443359375 0.1396484375 0.091796875
1 0.130859375 0.208984375 0.08203125 0.0693359375
1 0.3515625 0.8828125 0.0791015625 0.0966796875
1 0.5830078125 0.1884765625 0.107421875 0.0625
1 0.8330078125 0.4072265625 0.1669921875 0.115234375
1 0.0751953125 0.634765625 0.0830078125 0.0703125
1 0.783203125 0.8427734375 0.107421875 0.0576171875
1 0.6123046875 0.734375 0.080078125 0.080078125
1 0.890625 0.8525390625 0.177734375 0.1123046875
1 0.0224609375 0.4501953125 0.044921875 0.0830078125
1 0.154296875 0.0556640625 0.16015625 0.09765625
1 0.607421875 0.0615234375 0.13671875 0.119140625
1 0.8408203125 0.1552734375 0.1171875 0.1025390625
1 0.943359375 0.0341796875 0.11328125 0.0654296875
1 0.62890625 0.10546875 0.1650390625 0.072265625
1 0.203125 0.1015625 0.078125 0.1298828125
1 0.4755859375 0.232421875 0.1328125 0.1474609375
1 0.458984375 0.1455078125 0.1806640625 0.107421875
1 0.9443359375 0.880859375 0.1103515625 0.052734375
1 0.8154296875 0.1044921875 0.1572265625 0.0703125
1 0.0283203125 0.158203125 0.056640625 0.08203125
1 0.1181640625 0.9287109375 0.052734375 0.0625
1 0.748046875 0.048828125 0.1474609375 0.09765625
1 0.904296875 0.7841796875 0.1904296875 0.0654296875
1 0.9541015625 0.658203125 0.0849609375 0.09765625
1 0.9375 0.740234375 0.125 0.0732421875
1 0.2744140625 0.8984375 0.0498046875 0.0625
1 0.4716796875 0.78515625 0.0751953125 0.0576171875
1 0.87890625 0.6875 0.1904296875 0.1025390625
1 0.9443359375 0.2080078125 0.1103515625 0.0478515625
1 0.9658203125 0.5205078125 0.068359375 0.0830078125
1 0.7607421875 0.5361328125 0.078125 0.1298828125
1 0.9599609375 0.431640625 0.080078125 0.0849609375
1 0.2587890625 0.333984375 0.0595703125 0.0498046875
1 0.982421875 0.275390625 0.03515625 0.0576171875
1 0.96875 0.615234375 0.0625 0.044921875
1 0.744140625 0.10546875 0.0751953125 0.09765625
1 0.8974609375 0.1767578125 0.1376953125 0.0498046875
1 0.0556640625 0.0625 0.0673828125 0.0478515625
1 0.9697265625 0.6953125 0.060546875 0.0419921875
1 0.88671875 0.4169921875 0.1650390625 0.0546875
1 0.833984375 0.451171875 0.0908203125 0.2001953125
