1 0.759765625 0.27734375 0.05859375 0.0869140625
1 0.4013671875 0.1875 0.068359375 0.0869140625
1 0.80859375 0.9169921875 0.07421875 0.1015625
1 0.2900390625 0.224609375 0.130859375 0.0556640625
1 0.79296875 0.1767578125 0.0888671875 0.0576171875
1 0.7509765625 0.9072265625 0.0703125 0.087890625
1 0.646484375 0.322265625 0.06640625 0.08203125
1 0.0166015625 0.3359375 0.033203125 0.0654296875
1 0.0478515625 0.3134765625 0.095703125 0.052734375
1 0.865234375 0.8876953125 0.0595703125 0.087890625
1 0.052734375 0.9833984375 0.1064453125 0.0283203125
1 0.56640625 0.689453125 0.080078125 0.052734375
1 0.0234375 0.40625 0.0478515625 0.0751953125
1 0.4990234375 0.8466796875 0.0625 0.0576171875
1 0.490234375 0.232421875 0.08203125 0.0380859375
1 0.1318359375 0.318359375 0.10546875 0.044921875
1 0.0927734375 0.451171875 0.0888671875 0.0634765625
1 0.4541015625 0.4873046875 0.0947265625 0.044921875
1 0.4609375 0.1806640625 0.123046875 0.0771484375
1 0.7939453125 0.9873046875 0.0615234375 0.0244140625
1 0.67578125 0.625 0.0458984375 0.0361328125
1 0.958984375 0.1171875 0.0380859375 0.0576171875
1 0.4306640625 0.9716796875 0.076171875 0.0400390625
1 0.435546875 0.8779296875 0.08984375 0.044921875
1 0.791015625 0.6513671875 0.0302734375 0.0771484375
1 0.1533203125 0.7421875 0.0888671875 0.0478515625
1 0.23828125 0.58984375 0.1103515625 0.0458984375
1 0.4892578125 0.4296875 0.0625 0.0263671875
1 0.6875 0.83203125 0.0517578125 0.048828125
1 0.18359375 0.2509765625 0.0869140625 0.056640625
1 0.5009765625 0.6416015625 0.0439453125 0.025390625
1 0.8115234375 0.517578125 0.0302734375 0.060546875
1 0.4931640625 0.7041015625 0.0595703125 0.025390625
1 0.9462890625 0.984375 0.037109375 0.0302734375
1 0.6455078125 0.0087890625 0.08984375 0.0185546875
1 0.146484375 0.2548828125 0.0576171875 0.041015625
1 0.9521484375 0.65625 0.048828125 0.078125
1 0.08203125 0.607421875 0.05859375 0.0439453125
1 0.326171875 0.853515625 0.05859375 0.0390625
1 0.25390625 0.9169921875 0.087890625 0.0302734375
1 0.43359375 0.931640625 0.0751953125 0.0419921875
1 0.3974609375 0.8369140625 0.056640625 0.052734375
1 0.6904296875 0.9912109375 0.0380859375 0.017578125
1 0.5634765625 0.720703125 0.068359375 0.037109375
1 0.267578125 0.0185546875 0.064453125 0.0380859375
1 0.8759765625 0.02734375 0.0732421875 0.03515625
1 0.8447265625 0.177734375 0.052734375 0.05859375
1 0.28125 0.875 0.099609375 0.0634765625
1 0.6376953125 0.8349609375 0.0419921875 0.0341796875
1 0.556640625 0.4033203125 0.06640625 0.0322265625
1 0.1171875 0.3818359375 0.0849609375 0.029296875
1 0.095703125 0.2783203125 0.083984375 0.0419921875
1 0.5625 0.3759765625 0.08203125 0.0341796875
1 0.650390625 0.8447265625 0.0439453125 0.02734375
1 0.5576171875 0.650390625 0.0400390625 0.0419921875
1 0.046875 0.943359375 0.0947265625 0.05078125
1 0.77734375 0.3994140625 0.0908203125 0.056640625
1 0.9677734375 0.8857421875 0.056640625 0.0390625
1 0.2958984375 0.7109375 0.05078125 0.017578125
1 0.9111328125 0.654296875 0.1064453125 0.064453125
1 0.974609375 0.4443359375 0.0498046875 0.0576171875
1 0.5556640625 0.3076171875 0.078125 0.04296875
1 0.65234375 0.28125 0.0595703125 0.052734375
1 0.08984375 0.6904296875 0.0478515625 0.037109375
1 0.232421875 0.3310546875 0.0595703125 0.0263671875
1 0.201171875 0.3154296875 0.078125 0.03515625
1 0.244140625 0.26953125 0.068359375 0.044921875
1 0.4638671875 0.404296875 0.04296875 0.0478515625
1 0.4453125 0.93359375 0.0517578125 0.0439453125
