1 0.130859375 0.654296875 0.0693359375 0.1005859375
1 0.5537109375 0.205078125 0.0546875 0.083984375
1 0.3486328125 0.7119140625 0.0478515625 0.0986328125
1 0.73828125 0.1806640625 0.052734375 0.087890625
1 0.783203125 0.96484375 0.0615234375 0.0693359375
1 0.076171875 0.4150390625 0.056640625 0.107421875
1 0.04296875 0.1767578125 0.056640625 0.0810546875
1 0.9599609375 0.46484375 0.0517578125 0.107421875
1 0.794921875 0.625 0.0458984375 0.0927734375
1 0.2041015625 0.5546875 0.076171875 0.0615234375
1 0.767578125 0.515625 0.05078125 0.1025390625
1 0.65625 0.888671875 0.0703125 0.0615234375
1 0.408203125 0.6884765625 0.0908203125 0.11328125
1 0.9736328125 0.7041015625 0.0244140625 0.09765625
1 0.3623046875 0.3388671875 0.03515625 0.076171875
1 0.4501953125 0.44140625 0.072265625 0.0830078125
1 0.8203125 0.337890625 0.0302734375 0.10546875
1 0.1845703125 0.884765625 0.080078125 0.056640625
1 0.267578125 0.0869140625 0.0576171875 0.0751953125
1 0.0498046875 0.0888671875 0.033203125 0.1240234375
1 0.0419921875 0.8193359375 0.029296875 0.0615234375
1 0.9091796875 0.5703125 0.0576171875 0.0673828125
1 0.6142578125 0.0390625 0.04296875 0.078125
1 0.4033203125 0.447265625 0.02734375 0.0888671875
1 0.7255859375 0.9658203125 0.0341796875 0.068359375
1 0.1416015625 0.025390625 0.0478515625 0.0517578125
1 0.013671875 0.095703125 0.02734375 0.0869140625
1 0.6376953125 0.7353515625 0.041015625 0.080078125
1 0.76953125 0.6865234375 0.046875 0.1259765625
1 0.486328125 0.3671875 0.08203125 0.1181640625
1 0.3974609375 0.1416015625 0.025390625 0.0625
1 0.4169921875 0.1064453125 0.0341796875 0.087890625
1 0.4560546875 0.6689453125 0.0556640625 0.1162109375
1 0.2333984375 0.89453125 0.0400390625 0.0625
1 0.5849609375 0.6162109375 0.0361328125 0.083984375
1 0.66015625 0.0703125 0.1337890625 0.09375
1 0.1376953125 0.9697265625 0.0322265625 0.0595703125
1 0.2080078125 0.1455078125 0.0703125 0.0859375
1 0.8583984375 0.0927734375 0.029296875 0.0732421875
1 0.6376953125 0.552734375 0.078125 0.1533203125
1 0.67578125 0.6181640625 0.029296875 0.0693359375
1 0.4169921875 0.060546875 0.0595703125 0.0771484375
1 0.4462890625 0.5185546875 0.064453125 0.0517578125
1 0.8076171875 0.8173828125 0.0751953125 0.0693359375
1 0.201171875 0.84375 0.033203125 0.080078125
1 0.4365234375 0.9775390625 0.048828125 0.0439453125
1 0.5205078125 0.26953125 0.0400390625 0.056640625
1 0.8037109375 0.4677734375 0.06640625 0.0810546875
1 0.6669921875 0.1806640625 0.0400390625 0.0849609375
1 0.68359375 0.740234375 0.0283203125 0.0771484375
1 0.87109375 0.427734375 0.0390625 0.0947265625
1 0.580078125 0.97265625 0.0244140625 0.0546875
1 0.3671875 0.44140625 0.0458984375 0.076171875
1 0.224609375 0.3759765625 0.0556640625 0.0703125
1 0.794921875 0.8662109375 0.0322265625 0.052734375
1 0.58984375 0.87109375 0.076171875 0.041015625
1 0.9248046875 0.7001953125 0.044921875 0.060546875
1 0.080078125 0.9189453125 0.02734375 0.0537109375
1 0.6689453125 0.4697265625 0.037109375 0.08984375
1 0.36328125 0.517578125 0.052734375 0.123046875
1 0.2265625 0.1142578125 0.0546875 0.0810546875
1 0.40625 0.6298828125 0.029296875 0.072265625
1 0.9755859375 0.9169921875 0.0439453125 0.05078125
1 0.544921875 0.02734375 0.02734375 0.0556640625
1 0.26953125 0.1396484375 0.044921875 0.072265625
1 0.982421875 0.82421875 0.03515625 0.041015625
1 0.0224609375 0.423828125 0.0458984375 0.0380859375
1 0.8740234375 0.455078125 0.0322265625 0.1064453125
1 0.830078125 0.4921875 0.05078125 0.0703125
1 0.12822265625 0.75859375 0.06884765625000001 0.06806640625000004
1 0.2607421875 0.4501953125 0.0439453125 0.044921875
1 0.02734375 0.50390625 0.044921875 0.0400390625
1 0.828125 0.9833984375 0.0263671875 0.0322265625
1 0.8544921875 0.8154296875 0.04296875 0.037109375
1 0.845703125 0.0859375 0.03125 0.05859375
1 0.890625 0.755859375 0.07421875 0.09765625
