1 0.521484375 0.701171875 0.1142578125 0.091796875
1 0.3720703125 0.056640625 0.0546875 0.1123046875
1 0.76171875 0.6669921875 0.109375 0.0908203125
1 0.068359375 0.7626953125 0.0634765625 0.0771484375
1 0.4111328125 0.9765625 0.0927734375 0.04296875
1 0.048828125 0.291015625 0.0986328125 0.068359375
1 0.9794921875 0.5400390625 0.0390625 0.0908203125
1 0.5390625 0.3154296875 0.1005859375 0.05078125
1 0.7509765625 0.32421875 0.0751953125 0.0546875
1 0.177734375 0.884765625 0.0673828125 0.0478515625
1 0.3115234375 0.3525390625 0.0595703125 0.0830078125
1 0.3603515625 0.927734375 0.0693359375 0.0634765625
1 0.1650390625 0.2607421875 0.115234375 0.044921875
1 0.064453125 0.140625 0.12890625 0.09375
1 0.7265625 0.8837890625 0.1513671875 0.06640625
1 0.2685546875 0.6220703125 0.0927734375 0.04296875
1 0.7158203125 0.5146484375 0.0576171875 0.083984375
1 0.3740234375 0.619140625 0.0810546875 0.0458984375
1 0.38671875 0.685546875 0.0830078125 0.0537109375
1 0.3759765625 0.9052734375 0.046875 0.0703125
1 0.689453125 0.7509765625 0.0703125 0.041015625
1 0.6181640625 0.58203125 0.05859375 0.044921875
1 0.2998046875 0.484375 0.16015625 0.109375
1 0.9072265625 0.7978515625 0.1201171875 0.0703125
1 0.0830078125 0.2431640625 0.060546875 0.076171875
1 0.2314453125 0.4013671875 0.0810546875 0.0615234375
1 0.0126953125 0.6611328125 0.0263671875 0.0439453125
1 0.8427734375 0.6376953125 0.0654296875 0.078125
1 0.81640625 0.765625 0.0322265625 0.0908203125
1 0.333984375 0.7451171875 0.1328125 0.07421875
1 0.8642578125 0.5458984375 0.052734375 0.06640625
1 0.96875 0.89453125 0.0517578125 0.0439453125
1 0.8134765625 0.4072265625 0.0625 0.0673828125
1 0.1279296875 0.791015625 0.0947265625 0.083984375
1 0.0576171875 0.0224609375 0.0712890625 0.044921875
1 0.4443359375 0.029296875 0.0830078125 0.0546875
1 0.4365234375 0.2431640625 0.0966796875 0.0400390625
1 0.775390625 0.1357421875 0.0537109375 0.07421875
1 0.818359375 0.5927734375 0.0673828125 0.0517578125
1 0.5166015625 0.583984375 0.087890625 0.078125
1 0.908203125 0.6337890625 0.0517578125 0.0830078125
1 0.044921875 0.7001953125 0.087890625 0.037109375
1 0.30859375 0.6708984375 0.1201171875 0.091796875
1 0.767578125 0.8349609375 0.0419921875 0.048828125
1 0.82421875 0.26171875 0.0400390625 0.0400390625
1 0.03125 0.7177734375 0.060546875 0.025390625
1 0.6796875 0.015625 0.037109375 0.029296875
1 0.2236328125 0.7529296875 0.087890625 0.078125
1 0.4453125 0.310546875 0.0947265625 0.0634765625
1 0.45703125 0.853515625 0.1767578125 0.1181640625
1 0.7578125 0.3671875 0.0673828125 0.056640625
1 0.09375 0.39453125 0.046875 0.052734375
