1 0.8837890625 0.5087890625 0.0712890625 0.046875
1 0.9072265625 0.5576171875 0.0732421875 0.044921875
1 0.921875 0.4677734375 0.0654296875 0.080078125
1 0.8642578125 0.3896484375 0.056640625 0.07421875
1 0.794921875 0.400390625 0.0712890625 0.0654296875
1 0.8173828125 0.259765625 0.08203125 0.099609375
1 0.96875 0.095703125 0.0615234375 0.0849609375
1 0.912109375 0.0595703125 0.05859375 0.068359375
1 0.7421875 0.0517578125 0.099609375 0.068359375
1 0.71484375 0.099609375 0.080078125 0.0859375
1 0.818359375 0.1298828125 0.091796875 0.11328125
1 0.9140625 0.0234375 0.05859375 0.046875
1 0.625 0.0224609375 0.0908203125 0.0458984375
1 0.5849609375 0.06640625 0.0830078125 0.09765625
1 0.6240234375 0.1513671875 0.056640625 0.0576171875
1 0.6650390625 0.2265625 0.1259765625 0.0751953125
1 0.541015625 0.203125 0.0751953125 0.0625
1 0.4814453125 0.099609375 0.0869140625 0.09765625
1 0.4248046875 0.0234375 0.0986328125 0.0478515625
1 0.408203125 0.1650390625 0.0654296875 0.091796875
1 0.4501953125 0.2587890625 0.09765625 0.060546875
1 0.2841796875 0.1484375 0.1162109375 0.0634765625
1 0.197265625 0.0625 0.064453125 0.1044921875
1 0.08203125 0.0283203125 0.1640625 0.0576171875
1 0.51953125 0.44921875 0.0703125 0.080078125
1 0.4853515625 0.5361328125 0.052734375 0.052734375
1 0.3603515625 0.568359375 0.1103515625 0.123046875
1 0.2099609375 0.5419921875 0.1083984375 0.060546875
1 0.267578125 0.5712890625 0.0625 0.0400390625
1 0.2314453125 0.6318359375 0.10546875 0.05859375
1 0.0361328125 0.560546875 0.072265625 0.0732421875
1 0.1416015625 0.6904296875 0.1298828125 0.0556640625
1 0.0771484375 0.6318359375 0.1552734375 0.0576171875
1 0.4814453125 0.724609375 0.0654296875 0.0888671875
1 0.46875 0.625 0.1123046875 0.0634765625
1 0.5927734375 0.6494140625 0.08984375 0.0576171875
1 0.6806640625 0.58203125 0.0703125 0.099609375
1 0.6884765625 0.4736328125 0.10546875 0.0654296875
1 0.158203125 0.3681640625 0.0751953125 0.044921875
1 0.0546875 0.232421875 0.1025390625 0.064453125
1 0.115234375 0.146484375 0.1171875 0.0751953125
1 0.0322265625 0.17578125 0.0654296875 0.048828125
1 0.0595703125 0.35546875 0.08203125 0.08984375
1 0.0322265625 0.291015625 0.064453125 0.072265625
1 0.5947265625 0.783203125 0.0654296875 0.0673828125
1 0.6220703125 0.818359375 0.1240234375 0.0498046875
1 0.861328125 0.845703125 0.0693359375 0.203125
1 0.8330078125 0.6787109375 0.0595703125 0.064453125
1 0.9404296875 0.70703125 0.0517578125 0.05859375
1 0.1220703125 0.76171875 0.07421875 0.0517578125
1 0.03125 0.7578125 0.0634765625 0.0595703125
1 0.7177734375 0.1767578125 0.0751953125 0.072265625
1 0.6728515625 0.11328125 0.064453125 0.1337890625
1 0.8779296875 0.7431640625 0.0615234375 0.0517578125
1 0.8623046875 0.208984375 0.05078125 0.0576171875
1 0.748046875 0.3134765625 0.0908203125 0.0546875
