1 0.2890625 0.06640625 0.1162109375 0.072265625
1 0.296875 0.1162109375 0.060546875 0.080078125
1 0.5986328125 0.0283203125 0.115234375 0.056640625
1 0.533203125 0.115234375 0.076171875 0.0693359375
1 0.5615234375 0.171875 0.095703125 0.080078125
1 0.5595703125 0.236328125 0.068359375 0.05859375
1 0.763671875 0.10546875 0.09375 0.0625
1 0.822265625 0.1337890625 0.060546875 0.0654296875
1 0.931640625 0.021484375 0.0791015625 0.0439453125
1 0.9755859375 0.04296875 0.0478515625 0.0556640625
1 0.130859375 0.2626953125 0.07421875 0.09375
1 0.2744140625 0.287109375 0.1123046875 0.07421875
1 0.0556640625 0.375 0.0888671875 0.078125
1 0.125 0.40625 0.0625 0.0947265625
1 0.2900390625 0.3603515625 0.103515625 0.0859375
1 0.3974609375 0.373046875 0.11328125 0.0703125
1 0.40234375 0.4423828125 0.0556640625 0.05078125
1 0.2958984375 0.4345703125 0.0869140625 0.06640625
1 0.244140625 0.4912109375 0.06640625 0.0849609375
1 0.029296875 0.517578125 0.044921875 0.0703125
1 0.0791015625 0.513671875 0.046875 0.0751953125
1 0.1240234375 0.5205078125 0.0693359375 0.0595703125
1 0.1552734375 0.5556640625 0.126953125 0.076171875
1 0.52734375 0.5478515625 0.083984375 0.0546875
1 0.626953125 0.45703125 0.08203125 0.0615234375
1 0.6376953125 0.5537109375 0.0771484375 0.0869140625
1 0.7470703125 0.4619140625 0.080078125 0.076171875
1 0.6611328125 0.33984375 0.072265625 0.05078125
1 0.78515625 0.3486328125 0.0712890625 0.07421875
1 0.9287109375 0.2646484375 0.0712890625 0.068359375
1 0.916015625 0.3447265625 0.0654296875 0.0791015625
1 0.9638671875 0.373046875 0.072265625 0.0712890625
1 0.9130859375 0.4990234375 0.05859375 0.068359375
1 0.8232421875 0.5576171875 0.0771484375 0.087890625
1 0.7685546875 0.646484375 0.08984375 0.107421875
1 0.9248046875 0.568359375 0.0693359375 0.0615234375
1 0.97265625 0.578125 0.0537109375 0.056640625
1 0.9404296875 0.6875 0.119140625 0.10546875
1 0.8642578125 0.6748046875 0.0517578125 0.0712890625
1 0.298828125 0.7998046875 0.0859375 0.0830078125
1 0.451171875 0.748046875 0.0537109375 0.080078125
1 0.4931640625 0.7841796875 0.0712890625 0.0947265625
1 0.1943359375 0.630859375 0.064453125 0.080078125
1 0.123046875 0.7568359375 0.080078125 0.0771484375
1 0.126953125 0.8828125 0.0849609375 0.07421875
1 0.2099609375 0.8916015625 0.0830078125 0.09375
1 0.177734375 0.958984375 0.080078125 0.078125
1 0.3134765625 0.970703125 0.0732421875 0.0576171875
1 0.29296875 0.93359375 0.0693359375 0.0947265625
1 0.4013671875 0.8798828125 0.0888671875 0.0537109375
1 0.400390625 0.83203125 0.0732421875 0.056640625
1 0.5205078125 0.9482421875 0.0712890625 0.0703125
1 0.4443359375 0.947265625 0.0693359375 0.0986328125
1 0.3876953125 0.9697265625 0.080078125 0.060546875
1 0.7666015625 0.9365234375 0.0546875 0.0537109375
1 0.6240234375 0.8125 0.07421875 0.0693359375
1 0.6767578125 0.8701171875 0.0732421875 0.08203125
1 0.7138671875 0.794921875 0.1142578125 0.0947265625
1 0.8525390625 0.8447265625 0.0654296875 0.0888671875
1 0.953125 0.87109375 0.0859375 0.076171875
1 0.8896484375 0.9365234375 0.0859375 0.0517578125
1 0.369140625 0.0517578125 0.0751953125 0.0673828125
1 0.8896484375 0.134765625 0.0419921875 0.0390625
1 0.30859375 0.5439453125 0.0458984375 0.05859375
1 0.306640625 0.0146484375 0.087890625 0.029296875
