1 0.3427734375 0.5546875 0.08203125 0.0732421875
1 0.416015625 0.646484375 0.0869140625 0.076171875
1 0.0947265625 0.97265625 0.0947265625 0.0478515625
1 0.8818359375 0.349609375 0.166015625 0.19921875
1 0.349609375 0.732421875 0.0576171875 0.0791015625
1 0.3056640625 0.734375 0.0703125 0.09375
1 0.0634765625 0.1083984375 0.126953125 0.0673828125
1 0.9111328125 0.6318359375 0.0791015625 0.080078125
1 0.9619140625 0.439453125 0.07421875 0.13671875
1 0.728515625 0.134765625 0.1826171875 0.158203125
1 0.349609375 0.9677734375 0.068359375 0.0595703125
1 0.361328125 0.876953125 0.072265625 0.0712890625
1 0.3017578125 0.826171875 0.1318359375 0.0634765625
1 0.54296875 0.572265625 0.1201171875 0.0986328125
1 0.5625 0.619140625 0.1318359375 0.0673828125
1 0.4111328125 0.7138671875 0.052734375 0.0537109375
1 0.4521484375 0.724609375 0.0478515625 0.0537109375
1 0.4091796875 0.791015625 0.0556640625 0.0595703125
1 0.5478515625 0.681640625 0.099609375 0.052734375
1 0.697265625 0.7998046875 0.1689453125 0.05859375
1 0.53515625 0.826171875 0.060546875 0.07421875
1 0.42578125 0.8505859375 0.0390625 0.044921875
1 0.482421875 0.8369140625 0.083984375 0.0732421875
1 0.4853515625 0.921875 0.0849609375 0.06640625
1 0.6640625 0.859375 0.130859375 0.05859375
1 0.6005859375 0.98046875 0.099609375 0.0341796875
1 0.6953125 0.9619140625 0.109375 0.06640625
1 0.744140625 0.873046875 0.1103515625 0.080078125
1 0.748046875 0.9013671875 0.154296875 0.0849609375
1 0.5703125 0.8896484375 0.0576171875 0.0791015625
