1 0.05078125 0.708984375 0.1015625 0.146484375
1 0.1552734375 0.5712890625 0.080078125 0.0830078125
1 0.03125 0.189453125 0.0634765625 0.0810546875
1 0.21875 0.23828125 0.076171875 0.1064453125
1 0.31640625 0.09375 0.0693359375 0.076171875
1 0.5830078125 0.068359375 0.1484375 0.0888671875
1 0.4462890625 0.10546875 0.0830078125 0.0712890625
1 0.65625 0.197265625 0.0771484375 0.0693359375
1 0.8349609375 0.2529296875 0.0703125 0.1044921875
1 0.5791015625 0.40234375 0.11328125 0.0859375
1 0.4384765625 0.595703125 0.0908203125 0.087890625
1 0.5751953125 0.6025390625 0.1025390625 0.078125
1 0.6640625 0.4599609375 0.1015625 0.15234375
1 0.76953125 0.4443359375 0.078125 0.0751953125
1 0.8408203125 0.5390625 0.109375 0.0888671875
1 0.0185546875 0.8857421875 0.0380859375 0.0615234375
1 0.0849609375 0.9169921875 0.09375 0.166015625
1 0.265625 0.927734375 0.08203125 0.1298828125
1 0.2978515625 0.9892578125 0.091796875 0.021484375
1 0.4638671875 0.978515625 0.0791015625 0.04296875
1 0.173828125 0.763671875 0.0849609375 0.08984375
1 0.25 0.6826171875 0.0673828125 0.0791015625
1 0.44921875 0.7724609375 0.087890625 0.0849609375
1 0.7587890625 0.7666015625 0.0654296875 0.083984375
1 0.865234375 0.8330078125 0.0869140625 0.10546875
1 0.8681640625 0.955078125 0.0927734375 0.0888671875
1 0.6015625 0.9384765625 0.119140625 0.123046875
1 0.5419921875 0.955078125 0.107421875 0.0888671875
1 0.9951171875 0.9912109375 0.009765625 0.017578125
1 0.9267578125 0.02734375 0.1103515625 0.0556640625
1 0.771484375 0.095703125 0.0830078125 0.0654296875
1 0.7119140625 0.0302734375 0.0869140625 0.0498046875
1 0.2236328125 0.0263671875 0.11328125 0.0537109375
1 0.203125 0.8759765625 0.125 0.134765625
1 0.9521484375 0.9658203125 0.0458984375 0.0673828125
