1 0.279296875 0.0556640625 0.08984375 0.107421875
1 0.1982421875 0.3876953125 0.091796875 0.1376953125
1 0.70703125 0.4189453125 0.134765625 0.1748046875
1 0.8134765625 0.921875 0.0625 0.080078125
1 0.9599609375 0.2529296875 0.080078125 0.1220703125
1 0.33984375 0.2294921875 0.08203125 0.1142578125
1 0.83203125 0.302734375 0.095703125 0.0830078125
1 0.1806640625 0.8701171875 0.087890625 0.0830078125
1 0.1513671875 0.5595703125 0.0849609375 0.109375
1 0.208984375 0.705078125 0.087890625 0.095703125
1 0.3740234375 0.4765625 0.1005859375 0.0849609375
1 0.640625 0.1298828125 0.078125 0.08984375
1 0.677734375 0.7880859375 0.0771484375 0.072265625
1 0.8671875 0.43359375 0.076171875 0.08203125
1 0.875 0.16796875 0.0576171875 0.0771484375
1 0.8232421875 0.9794921875 0.087890625 0.0400390625
1 0.716796875 0.6220703125 0.134765625 0.150390625
1 0.7314453125 0.1494140625 0.1396484375 0.1796875
1 0.2685546875 0.4521484375 0.087890625 0.115234375
1 0.087890625 0.5302734375 0.1181640625 0.1220703125
1 0.095703125 0.98046875 0.1025390625 0.0380859375
1 0.1865234375 0.9873046875 0.0654296875 0.025390625
1 0.921875 0.1982421875 0.08203125 0.09765625
1 0.0419921875 0.68359375 0.080078125 0.1650390625
1 0.0517578125 0.1279296875 0.0849609375 0.0927734375
1 0.912109375 0.423828125 0.0712890625 0.09375
