1 0.8681640625 0.4296875 0.060546875 0.0859375
1 0.9169921875 0.4345703125 0.083984375 0.0947265625
1 0.9775390625 0.3056640625 0.0439453125 0.064453125
1 0.943359375 0.0263671875 0.08984375 0.0537109375
1 0.9052734375 0.0537109375 0.0908203125 0.0712890625
1 0.6767578125 0.1533203125 0.076171875 0.1328125
1 0.455078125 0.1435546875 0.0712890625 0.0693359375
1 0.4365234375 0.0673828125 0.0595703125 0.083984375
1 0.4931640625 0.017578125 0.0927734375 0.0361328125
1 0.58984375 0.078125 0.087890625 0.0771484375
1 0.25390625 0.1767578125 0.091796875 0.078125
1 0.1650390625 0.1455078125 0.0927734375 0.06640625
1 0.12109375 0.27734375 0.126953125 0.0859375
1 0.3720703125 0.3916015625 0.1279296875 0.0693359375
1 0.4853515625 0.3125 0.0986328125 0.0654296875
1 0.345703125 0.546875 0.0810546875 0.138671875
1 0.1923828125 0.44140625 0.0712890625 0.0517578125
1 0.052734375 0.6572265625 0.10546875 0.0830078125
1 0.3994140625 0.673828125 0.134765625 0.0712890625
1 0.4658203125 0.625 0.0419921875 0.046875
1 0.3173828125 0.7197265625 0.0869140625 0.068359375
1 0.2451171875 0.853515625 0.091796875 0.138671875
1 0.6064453125 0.876953125 0.0712890625 0.099609375
1 0.4150390625 0.8251953125 0.0791015625 0.0615234375
1 0.826171875 0.875 0.0830078125 0.138671875
1 0.8173828125 0.9736328125 0.08984375 0.052734375
1 0.8974609375 0.203125 0.072265625 0.0625
1 0.826171875 0.2333984375 0.060546875 0.0732421875
1 0.69921875 0.458984375 0.0947265625 0.08203125
1 0.609375 0.1474609375 0.0927734375 0.052734375
1 0.7890625 0.52734375 0.0556640625 0.046875
1 0.71875 0.2392578125 0.044921875 0.044921875
1 0.955078125 0.4794921875 0.0634765625 0.05078125
1 0.2939453125 0.7578125 0.064453125 0.0517578125
1 0.224609375 0.7744140625 0.078125 0.044921875
1 0.095703125 0.7021484375 0.03125 0.033203125
