1 0.9599609375 0.5458984375 0.0771484375 0.1103515625
1 0.9296875 0.609375 0.0810546875 0.064453125
1 0.8505859375 0.662109375 0.080078125 0.0654296875
1 0.97265625 0.6708984375 0.0546875 0.0419921875
1 0.9638671875 0.7705078125 0.072265625 0.05859375
1 0.9130859375 0.1669921875 0.0693359375 0.0791015625
1 0.8095703125 0.0703125 0.1201171875 0.052734375
1 0.6708984375 0.0234375 0.0595703125 0.046875
1 0.6318359375 0.0322265625 0.0615234375 0.064453125
1 0.71484375 0.1142578125 0.0693359375 0.08203125
1 0.7265625 0.2138671875 0.0537109375 0.0712890625
1 0.7548828125 0.3095703125 0.064453125 0.08203125
1 0.8359375 0.3115234375 0.0732421875 0.07421875
1 0.634765625 0.26171875 0.06640625 0.0791015625
1 0.4951171875 0.212890625 0.11328125 0.1044921875
1 0.513671875 0.2841796875 0.0810546875 0.0673828125
1 0.3720703125 0.2470703125 0.087890625 0.0654296875
1 0.4609375 0.1259765625 0.08203125 0.0625
1 0.0400390625 0.123046875 0.0810546875 0.0830078125
1 0.0810546875 0.1787109375 0.0947265625 0.0478515625
1 0.0263671875 0.4306640625 0.0537109375 0.0791015625
1 0.2529296875 0.5751953125 0.0859375 0.0771484375
1 0.140625 0.5751953125 0.091796875 0.0654296875
1 0.3232421875 0.6630859375 0.0908203125 0.056640625
1 0.5166015625 0.78515625 0.0732421875 0.076171875
1 0.65234375 0.8828125 0.0673828125 0.0810546875
1 0.7294921875 0.8466796875 0.078125 0.0947265625
1 0.8720703125 0.8193359375 0.0693359375 0.0693359375
1 0.8486328125 0.75 0.0810546875 0.05859375
1 0.8193359375 0.9638671875 0.0771484375 0.0712890625
1 0.349609375 0.955078125 0.1181640625 0.0888671875
1 0.4169921875 0.833984375 0.083984375 0.2958984375
1 0.443359375 0.6806640625 0.083984375 0.0625
1 0.21875 0.748046875 0.095703125 0.056640625
1 0.162109375 0.806640625 0.1279296875 0.0556640625
1 0.0859375 0.90234375 0.0791015625 0.0595703125
1 0.1923828125 0.923828125 0.1826171875 0.1513671875
1 0.03515625 0.7177734375 0.0712890625 0.060546875
1 0.0263671875 0.650390625 0.052734375 0.0771484375
1 0.5546875 0.5 0.07421875 0.06640625
1 0.5810546875 0.271484375 0.076171875 0.2724609375
1 0.224609375 0.873046875 0.087890625 0.0615234375
1 0.60546875 0.138671875 0.0712890625 0.103515625
1 0.6259765625 0.673828125 0.0712890625 0.068359375
1 0.9248046875 0.380859375 0.0419921875 0.03515625
1 0.833984375 0.25390625 0.0693359375 0.0625
1 0.4736328125 0.748046875 0.068359375 0.048828125
1 0.7802734375 0.2109375 0.0556640625 0.052734375
1 0.36328125 0.794921875 0.05859375 0.0654296875
