1 0.478515625 0.4111328125 0.1875 0.1748046875
1 0.57421875 0.181640625 0.115234375 0.080078125
1 0.71484375 0.064453125 0.0693359375 0.0546875
1 0.658203125 0.0888671875 0.05859375 0.0732421875
1 0.8203125 0.1044921875 0.0986328125 0.0673828125
1 0.8935546875 0.1806640625 0.09375 0.09375
1 0.888671875 0.2744140625 0.099609375 0.0986328125
1 0.9853515625 0.2783203125 0.0283203125 0.078125
1 0.98828125 0.130859375 0.0224609375 0.06640625
1 0.4267578125 0.0615234375 0.09765625 0.0703125
1 0.2822265625 0.0390625 0.140625 0.0673828125
1 0.0771484375 0.2109375 0.134765625 0.224609375
1 0.111328125 0.3642578125 0.1220703125 0.0947265625
1 0.2548828125 0.5380859375 0.087890625 0.068359375
1 0.17578125 0.623046875 0.0791015625 0.12109375
1 0.20703125 0.5908203125 0.1455078125 0.064453125
1 0.0439453125 0.4326171875 0.0888671875 0.05859375
1 0.556640625 0.623046875 0.0751953125 0.0869140625
1 0.5654296875 0.72265625 0.0986328125 0.0712890625
1 0.5205078125 0.9267578125 0.11328125 0.1083984375
1 0.16796875 0.978515625 0.263671875 0.0419921875
1 0.5751953125 0.9736328125 0.1376953125 0.048828125
1 0.87890625 0.744140625 0.09765625 0.0654296875
1 0.8349609375 0.857421875 0.125 0.1123046875
1 0.703125 0.8759765625 0.107421875 0.078125
1 0.81640625 0.640625 0.1328125 0.09375
1 0.8642578125 0.611328125 0.0869140625 0.08203125
1 0.9130859375 0.5869140625 0.083984375 0.1083984375
1 0.9658203125 0.4990234375 0.068359375 0.0654296875
1 0.8076171875 0.0263671875 0.0625 0.052734375
1 0.953125 0.7470703125 0.0810546875 0.0732421875
