1 0.048828125 0.34765625 0.0498046875 0.041015625
1 0.029296875 0.2939453125 0.048828125 0.0419921875
1 0.0341796875 0.4326171875 0.06640625 0.0556640625
1 0.0224609375 0.5185546875 0.0458984375 0.0458984375
1 0.0244140625 0.8642578125 0.0419921875 0.044921875
1 0.345703125 0.9287109375 0.0732421875 0.05859375
1 0.298828125 0.9521484375 0.046875 0.046875
1 0.185546875 0.9541015625 0.0498046875 0.056640625
1 0.138671875 0.9384765625 0.041015625 0.03125
1 0.2255859375 0.875 0.078125 0.0625
1 0.1201171875 0.87109375 0.044921875 0.04296875
1 0.064453125 0.9072265625 0.0771484375 0.0712890625
1 0.0927734375 0.7890625 0.0712890625 0.0947265625
1 0.0595703125 0.642578125 0.0615234375 0.09765625
1 0.05859375 0.5595703125 0.1103515625 0.09765625
1 0.146484375 0.7021484375 0.0732421875 0.146484375
1 0.2001953125 0.72265625 0.0556640625 0.078125
1 0.0888671875 0.6826171875 0.0498046875 0.033203125
1 0.1064453125 0.61328125 0.0732421875 0.0283203125
1 0.1162109375 0.3955078125 0.05859375 0.0478515625
1 0.162109375 0.388671875 0.037109375 0.0390625
1 0.21484375 0.3896484375 0.0419921875 0.0576171875
1 0.2216796875 0.439453125 0.033203125 0.0380859375
1 0.1796875 0.3193359375 0.048828125 0.0458984375
1 0.1298828125 0.3408203125 0.03515625 0.0419921875
1 0.1279296875 0.236328125 0.0380859375 0.0576171875
1 0.1015625 0.125 0.0537109375 0.078125
1 0.228515625 0.138671875 0.03125 0.0537109375
1 0.0390625 0.0625 0.0478515625 0.072265625
1 0.1728515625 0.0166015625 0.0546875 0.0341796875
1 0.2177734375 0.017578125 0.033203125 0.03515625
1 0.40625 0.4501953125 0.0712890625 0.0830078125
1 0.4892578125 0.43359375 0.0703125 0.0888671875
1 0.3994140625 0.357421875 0.056640625 0.0498046875
1 0.384765625 0.3115234375 0.044921875 0.0703125
1 0.3759765625 0.2275390625 0.1025390625 0.091796875
1 0.4873046875 0.19921875 0.0361328125 0.0380859375
1 0.4638671875 0.1357421875 0.064453125 0.1171875
1 0.4365234375 0.1220703125 0.0322265625 0.0537109375
1 0.4931640625 0.060546875 0.0458984375 0.048828125
1 0.2763671875 0.0908203125 0.1064453125 0.0556640625
1 0.30859375 0.0146484375 0.0537109375 0.029296875
1 0.462890625 0.0126953125 0.08984375 0.025390625
1 0.5224609375 0.921875 0.087890625 0.0478515625
1 0.49609375 0.96484375 0.0849609375 0.06640625
1 0.58203125 0.9775390625 0.0595703125 0.044921875
1 0.375 0.521484375 0.0556640625 0.1533203125
1 0.4287109375 0.5673828125 0.0634765625 0.0712890625
1 0.4873046875 0.5732421875 0.0654296875 0.0576171875
1 0.591796875 0.521484375 0.05078125 0.0458984375
1 0.66015625 0.484375 0.078125 0.056640625
1 0.6640625 0.619140625 0.1083984375 0.041015625
1 0.447265625 0.6240234375 0.103515625 0.0380859375
1 0.3828125 0.638671875 0.15234375 0.0947265625
1 0.380859375 0.638671875 0.0546875 0.1025390625
1 0.287109375 0.6318359375 0.07421875 0.0673828125
1 0.423828125 0.7275390625 0.0595703125 0.1201171875
1 0.357421875 0.7783203125 0.0537109375 0.0625
1 0.427734375 0.8115234375 0.0712890625 0.0400390625
1 0.4833984375 0.8115234375 0.099609375 0.037109375
1 0.5556640625 0.8134765625 0.0458984375 0.0859375
1 0.525390625 0.7333984375 0.076171875 0.0341796875
1 0.6298828125 0.8818359375 0.048828125 0.0966796875
1 0.7138671875 0.75390625 0.0439453125 0.060546875
1 0.7255859375 0.6787109375 0.111328125 0.0576171875
1 0.8212890625 0.8369140625 0.0556640625 0.0615234375
1 0.767578125 0.908203125 0.044921875 0.060546875
1 0.8369140625 0.9326171875 0.0595703125 0.0478515625
1 0.82421875 0.763671875 0.05859375 0.0576171875
1 0.8818359375 0.7587890625 0.044921875 0.044921875
1 0.94140625 0.7578125 0.05859375 0.068359375
1 0.5986328125 0.056640625 0.0947265625 0.064453125
1 0.669921875 0.11328125 0.0849609375 0.0654296875
1 0.7041015625 0.1064453125 0.052734375 0.087890625
1 0.736328125 0.0556640625 0.0400390625 0.0615234375
1 0.7783203125 0.1015625 0.0576171875 0.0751953125
1 0.8154296875 0.0439453125 0.0615234375 0.0634765625
1 0.87890625 0.04296875 0.0966796875 0.0869140625
1 0.8828125 0.0771484375 0.0478515625 0.0419921875
1 0.9736328125 0.1083984375 0.052734375 0.048828125
1 0.9794921875 0.169921875 0.041015625 0.05859375
1 0.638671875 0.1787109375 0.0458984375 0.0703125
1 0.693359375 0.234375 0.072265625 0.07421875
1 0.8134765625 0.19140625 0.0693359375 0.072265625
1 0.818359375 0.248046875 0.0390625 0.0712890625
1 0.8876953125 0.298828125 0.0810546875 0.0546875
1 0.955078125 0.3037109375 0.0625 0.037109375
1 0.7255859375 0.2841796875 0.0791015625 0.0791015625
1 0.619140625 0.310546875 0.0498046875 0.1142578125
1 0.7392578125 0.349609375 0.0380859375 0.044921875
1 0.537109375 0.3603515625 0.04296875 0.0400390625
1 0.3955078125 0.8515625 0.0380859375 0.0458984375
1 0.8994140625 0.83984375 0.064453125 0.0732421875
1 0.92578125 0.4072265625 0.109375 0.052734375
1 0.947265625 0.4716796875 0.0478515625 0.046875
1 0.82421875 0.46875 0.0771484375 0.041015625
1 0.9228515625 0.5302734375 0.0546875 0.0703125
1 0.962890625 0.5732421875 0.04296875 0.0791015625
1 0.720703125 0.505859375 0.04296875 0.0380859375
1 0.7275390625 0.4560546875 0.0615234375 0.0439453125
1 0.8095703125 0.298828125 0.041015625 0.0546875
