1 0.853515625 0.2802734375 0.072265625 0.0771484375
1 0.73828125 0.0185546875 0.1328125 0.037109375
1 0.7412109375 0.927734375 0.0947265625 0.1181640625
1 0.642578125 0.9345703125 0.099609375 0.109375
1 0.125 0.689453125 0.130859375 0.1044921875
1 0.16796875 0.3916015625 0.078125 0.0791015625
1 0.0322265625 0.1435546875 0.064453125 0.0791015625
1 0.69921875 0.2470703125 0.080078125 0.095703125
1 0.611328125 0.2177734375 0.1455078125 0.1025390625
1 0.705078125 0.7939453125 0.0771484375 0.0849609375
1 0.552734375 0.099609375 0.0830078125 0.080078125
1 0.8955078125 0.134765625 0.1005859375 0.080078125
1 0.4931640625 0.2060546875 0.126953125 0.1328125
1 0.6142578125 0.3037109375 0.1044921875 0.0849609375
1 0.69140625 0.04296875 0.1005859375 0.0869140625
1 0.0390625 0.87890625 0.0751953125 0.1044921875
