1 0.123046875 0.671875 0.0771484375 0.0849609375
1 0.4150390625 0.5888671875 0.0810546875 0.0751953125
1 0.18359375 0.7744140625 0.0830078125 0.09765625
1 0.9580078125 0.6796875 0.0830078125 0.080078125
1 0.8037109375 0.119140625 0.0751953125 0.1005859375
1 0.1015625 0.125 0.0791015625 0.0771484375
1 0.03515625 0.9150390625 0.056640625 0.1240234375
1 0.650390625 0.0703125 0.0771484375 0.0732421875
1 0.16796875 0.28125 0.0869140625 0.0751953125
1 0.7724609375 0.685546875 0.083984375 0.0771484375
1 0.087890625 0.4130859375 0.0927734375 0.0673828125
1 0.5380859375 0.2744140625 0.0830078125 0.099609375
1 0.8173828125 0.365234375 0.0673828125 0.0732421875
1 0.3369140625 0.84765625 0.0703125 0.0927734375
1 0.4990234375 0.904296875 0.0654296875 0.08984375
1 0.4716796875 0.302734375 0.0595703125 0.0673828125
1 0.990234375 0.5693359375 0.01953125 0.072265625
1 0.4375 0.408203125 0.0771484375 0.072265625
1 0.310546875 0.2529296875 0.08203125 0.0673828125
1 0.302734375 0.52734375 0.068359375 0.0732421875
1 0.44140625 0.1142578125 0.0693359375 0.080078125
1 0.265625 0.6494140625 0.078125 0.0849609375
1 0.31640625 0.060546875 0.0693359375 0.072265625
1 0.8759765625 0.3359375 0.052734375 0.09765625
1 0.6845703125 0.76953125 0.0703125 0.0703125
1 0.7958984375 0.470703125 0.078125 0.072265625
1 0.40625 0.8427734375 0.0751953125 0.0869140625
1 0.4853515625 0.0380859375 0.0869140625 0.072265625
1 0.94921875 0.2939453125 0.0595703125 0.0556640625
1 0.9013671875 0.8349609375 0.0654296875 0.0673828125
1 0.373046875 0.42578125 0.0771484375 0.068359375
1 0.1943359375 0.1630859375 0.0498046875 0.0576171875
1 0.119140625 0.4794921875 0.0751953125 0.0849609375
1 0.32421875 0.12109375 0.0751953125 0.072265625
1 0.8193359375 0.0458984375 0.0546875 0.0625
1 0.76953125 0.51953125 0.080078125 0.080078125
1 0.4052734375 0.033203125 0.0830078125 0.0673828125
1 0.7060546875 0.17578125 0.052734375 0.056640625
1 0.830078125 0.7509765625 0.0673828125 0.072265625
1 0.96484375 0.15234375 0.0703125 0.115234375
1 0.2109375 0.064453125 0.078125 0.0703125
1 0.9033203125 0.751953125 0.091796875 0.060546875
1 0.48828125 0.091796875 0.078125 0.0703125
1 0.123046875 0.185546875 0.0576171875 0.0576171875
1 0.328125 0.314453125 0.078125 0.0703125
1 0.404296875 0.3349609375 0.0751953125 0.0576171875
1 0.7177734375 0.2392578125 0.0732421875 0.0595703125
1 0.1201171875 0.9521484375 0.068359375 0.0947265625
1 0.8779296875 0.076171875 0.072265625 0.0498046875
1 0.9111328125 0.3759765625 0.052734375 0.087890625
1 0.908203125 0.447265625 0.087890625 0.0546875
1 0.9736328125 0.3740234375 0.052734375 0.0908203125
1 0.9853515625 0.634765625 0.029296875 0.0546875
1 0.8466796875 0.9306640625 0.0947265625 0.0625
1 0.8681640625 0.9716796875 0.1025390625 0.0556640625
1 0.9248046875 0.0751953125 0.05078125 0.0771484375
