1 0.052734375 0.560546875 0.0966796875 0.0703125
1 0.1357421875 0.4931640625 0.078125 0.076171875
1 0.1513671875 0.6064453125 0.068359375 0.0576171875
1 0.09765625 0.701171875 0.0986328125 0.0712890625
1 0.1318359375 0.765625 0.0712890625 0.056640625
1 0.1689453125 0.7197265625 0.044921875 0.0498046875
1 0.2265625 0.6669921875 0.1015625 0.103515625
1 0.1328125 0.6552734375 0.07421875 0.05078125
1 0.3251953125 0.5185546875 0.083984375 0.068359375
1 0.3681640625 0.453125 0.091796875 0.0703125
1 0.5 0.625 0.068359375 0.0654296875
1 0.4921875 0.69140625 0.0888671875 0.0693359375
1 0.306640625 0.8154296875 0.0654296875 0.09375
1 0.3759765625 0.814453125 0.0673828125 0.1064453125
1 0.4248046875 0.8876953125 0.078125 0.080078125
1 0.2724609375 0.8916015625 0.0654296875 0.0654296875
1 0.2822265625 0.9736328125 0.0654296875 0.052734375
1 0.1689453125 0.97265625 0.068359375 0.0537109375
1 0.7021484375 0.962890625 0.126953125 0.0732421875
1 0.8740234375 0.9814453125 0.0634765625 0.03515625
1 0.576171875 0.90234375 0.0908203125 0.0439453125
1 0.873046875 0.73828125 0.0712890625 0.087890625
1 0.9453125 0.8134765625 0.048828125 0.0732421875
1 0.96484375 0.759765625 0.0693359375 0.068359375
1 0.9267578125 0.6962890625 0.091796875 0.0654296875
1 0.94140625 0.6435546875 0.072265625 0.0595703125
1 0.892578125 0.91015625 0.0703125 0.0595703125
1 0.83984375 0.556640625 0.0712890625 0.0712890625
1 0.900390625 0.5830078125 0.05859375 0.0634765625
1 0.7900390625 0.4697265625 0.072265625 0.0810546875
1 0.9560546875 0.451171875 0.0654296875 0.0595703125
1 0.7861328125 0.34375 0.0771484375 0.080078125
1 0.744140625 0.2275390625 0.0615234375 0.0595703125
1 0.5966796875 0.2705078125 0.0703125 0.064453125
1 0.59375 0.2158203125 0.07421875 0.0693359375
1 0.4677734375 0.2353515625 0.076171875 0.056640625
1 0.53125 0.275390625 0.056640625 0.056640625
1 0.498046875 0.162109375 0.072265625 0.068359375
1 0.40625 0.1865234375 0.1005859375 0.083984375
1 0.0380859375 0.296875 0.076171875 0.0859375
1 0.033203125 0.3876953125 0.0595703125 0.072265625
1 0.130859375 0.1982421875 0.078125 0.0888671875
1 0.1689453125 0.12109375 0.109375 0.0830078125
1 0.2861328125 0.0908203125 0.08203125 0.068359375
1 0.2119140625 0.0185546875 0.091796875 0.037109375
1 0.31640625 0.0166015625 0.0771484375 0.033203125
1 0.419921875 0.0615234375 0.060546875 0.056640625
1 0.5380859375 0.078125 0.0771484375 0.0771484375
1 0.62109375 0.017578125 0.0703125 0.0361328125
1 0.6416015625 0.0654296875 0.068359375 0.0654296875
1 0.7099609375 0.0400390625 0.0712890625 0.0654296875
1 0.8095703125 0.041015625 0.0771484375 0.068359375
1 0.865234375 0.146484375 0.0654296875 0.0810546875
1 0.9296875 0.150390625 0.0771484375 0.0654296875
1 0.9755859375 0.220703125 0.0478515625 0.078125
1 0.6416015625 0.7353515625 0.0595703125 0.05859375
1 0.072265625 0.1962890625 0.0712890625 0.1025390625
1 0.93359375 0.9599609375 0.0634765625 0.0712890625
1 0.576171875 0.8798828125 0.095703125 0.041015625
1 0.0283203125 0.5478515625 0.0537109375 0.0830078125
