1 0.46484375 0.36328125 0.1298828125 0.0556640625
1 0.9033203125 0.71875 0.056640625 0.11328125
1 0.23046875 0.134765625 0.05859375 0.08984375
1 0.1328125 0.81640625 0.103515625 0.0537109375
1 0.3876953125 0.517578125 0.1025390625 0.08203125
1 0.2255859375 0.9169921875 0.1142578125 0.0927734375
1 0.14453125 0.2275390625 0.080078125 0.0888671875
1 0.3876953125 0.2333984375 0.109375 0.111328125
1 0.60546875 0.0576171875 0.103515625 0.115234375
1 0.431640625 0.712890625 0.09375 0.05078125
1 0.822265625 0.44921875 0.0712890625 0.0517578125
1 0.76171875 0.181640625 0.0341796875 0.0888671875
1 0.2255859375 0.78125 0.0751953125 0.091796875
1 0.431640625 0.6474609375 0.0751953125 0.0498046875
1 0.68125 0.7380859375 0.10585937499999998 0.07539062500000004
1 0.0068359375 0.470703125 0.0146484375 0.0517578125
1 0.0419921875 0.1767578125 0.0849609375 0.06640625
1 0.9111328125 0.2578125 0.0556640625 0.0693359375
1 0.3310546875 0.390625 0.1787109375 0.083984375
1 0.4794921875 0.5625 0.03515625 0.0703125
1 0.4951171875 0.6689453125 0.1181640625 0.0458984375
1 0.181640625 0.337890625 0.119140625 0.0546875
1 0.5830078125 0.2978515625 0.0849609375 0.1201171875
1 0.2041015625 0.2998046875 0.12890625 0.0595703125
1 0.505859375 0.0458984375 0.1884765625 0.0927734375
1 0.798828125 0.474609375 0.0703125 0.05859375
1 0.017578125 0.6259765625 0.03515625 0.1953125
1 0.2939453125 0.177734375 0.083984375 0.041015625
1 0.5703125 0.4248046875 0.09765625 0.0654296875
1 0.08984375 0.05859375 0.1328125 0.1083984375
1 0.6337890625 0.9423828125 0.0537109375 0.0576171875
1 0.2900390625 0.0224609375 0.0791015625 0.044921875
1 0.3916015625 0.7900390625 0.078125 0.046875
1 0.091796875 0.89453125 0.1298828125 0.04296875
1 0.4638671875 0.076171875 0.1103515625 0.04296875
1 0.7216796875 0.6689453125 0.060546875 0.0947265625
1 0.29296875 0.57421875 0.05859375 0.03125
1 0.0322265625 0.9775390625 0.0654296875 0.0439453125
1 0.89453125 0.9765625 0.0498046875 0.04296875
1 0.064453125 0.8359375 0.0673828125 0.025390625
1 0.5859375 0.9755859375 0.1005859375 0.021484375
1 0.662109375 0.294921875 0.05078125 0.0478515625
1 0.90234375 0.98046875 0.04296875 0.0341796875
1 0.736328125 0.6708984375 0.0673828125 0.0986328125
1 0.2177734375 0.0263671875 0.0400390625 0.052734375
1 0.744140625 0.8212890625 0.107421875 0.046875
1 0.052734375 0.033203125 0.1064453125 0.0673828125
1 0.2333984375 0.2529296875 0.0439453125 0.037109375
1 0.390625 0.314453125 0.048828125 0.0380859375
1 0.3994140625 0.8671875 0.1005859375 0.0341796875
1 0.0546875 0.275390625 0.052734375 0.0556640625
1 0.177734375 0.5712890625 0.119140625 0.0556640625
1 0.4697265625 0.9755859375 0.087890625 0.044921875
1 0.71484375 0.220703125 0.12890625 0.2001953125
1 0.2529296875 0.9716796875 0.0859375 0.0556640625
1 0.1318359375 0.373046875 0.078125 0.0390625
1 0.6875 0.6162109375 0.1201171875 0.05859375
1 0.5302734375 0.234375 0.109375 0.0546875
1 0.7978515625 0.0087890625 0.068359375 0.017578125
1 0.5986328125 0.2880859375 0.0751953125 0.072265625
1 0.271484375 0.6259765625 0.056640625 0.09375
1 0.2548828125 0.5908203125 0.1025390625 0.08984375
1 0.2685546875 0.638671875 0.0869140625 0.068359375
1 0.01171875 0.943359375 0.0244140625 0.0390625
