1 0.01953125 0.009765625 0.0400390625 0.0205078125
1 0.333984375 0.0166015625 0.0830078125 0.0341796875
1 0.0283203125 0.5009765625 0.0576171875 0.064453125
1 0.0859375 0.4619140625 0.0703125 0.09375
1 0.2607421875 0.5537109375 0.0654296875 0.1181640625
1 0.1357421875 0.5859375 0.0908203125 0.10546875
1 0.046875 0.6328125 0.0791015625 0.150390625
1 0.2099609375 0.681640625 0.068359375 0.0732421875
1 0.173828125 0.81640625 0.095703125 0.125
1 0.015625 0.9111328125 0.03125 0.0810546875
1 0.1767578125 0.955078125 0.0751953125 0.064453125
1 0.3125 0.8974609375 0.0908203125 0.0693359375
1 0.3935546875 0.7109375 0.0830078125 0.0791015625
1 0.3203125 0.6162109375 0.0654296875 0.0654296875
1 0.279296875 0.6494140625 0.0537109375 0.0595703125
1 0.3564453125 0.5185546875 0.078125 0.0751953125
1 0.5341796875 0.375 0.083984375 0.0517578125
1 0.5810546875 0.4619140625 0.0947265625 0.119140625
1 0.6630859375 0.4326171875 0.1025390625 0.06640625
1 0.85546875 0.3515625 0.10546875 0.0830078125
1 0.501953125 0.5419921875 0.0615234375 0.0703125
1 0.58203125 0.5576171875 0.08203125 0.0791015625
1 0.4677734375 0.6015625 0.0849609375 0.0546875
1 0.4462890625 0.6416015625 0.076171875 0.0576171875
1 0.533203125 0.673828125 0.076171875 0.1064453125
1 0.4541015625 0.7568359375 0.0517578125 0.0927734375
1 0.5634765625 0.8056640625 0.091796875 0.1455078125
1 0.4912109375 0.9306640625 0.0595703125 0.076171875
1 0.5546875 0.9501953125 0.099609375 0.0986328125
1 0.8251953125 0.7666015625 0.154296875 0.06640625
1 0.8349609375 0.6728515625 0.048828125 0.0888671875
1 0.87109375 0.6103515625 0.0615234375 0.0556640625
1 0.92578125 0.6796875 0.0859375 0.1015625
1 0.859375 0.111328125 0.072265625 0.1064453125
1 0.7509765625 0.099609375 0.07421875 0.0908203125
1 0.6923828125 0.0341796875 0.138671875 0.0693359375
1 0.7509765625 0.0146484375 0.091796875 0.0302734375
1 0.53515625 0.052734375 0.0634765625 0.10546875
1 0.5966796875 0.03515625 0.0625 0.0712890625
1 0.9375 0.0205078125 0.056640625 0.041015625
1 0.9375 0.80859375 0.0654296875 0.0615234375
1 0.9765625 0.853515625 0.046875 0.1025390625
1 0.6572265625 0.5283203125 0.0966796875 0.099609375
1 0.37109375 0.0966796875 0.0947265625 0.1201171875
1 0.4169921875 0.0732421875 0.0517578125 0.0556640625
