1 0.0283203125 0.572265625 0.056640625 0.052734375
1 0.1220703125 0.7255859375 0.1572265625 0.080078125
1 0.3076171875 0.6416015625 0.119140625 0.0712890625
1 0.19921875 0.5302734375 0.0595703125 0.076171875
1 0.1591796875 0.63671875 0.076171875 0.0830078125
1 0.064453125 0.482421875 0.10546875 0.087890625
1 0.0634765625 0.5361328125 0.078125 0.04296875
1 0.142578125 0.453125 0.1142578125 0.0849609375
1 0.0537109375 0.9755859375 0.0869140625 0.048828125
1 0.2470703125 0.8837890625 0.0517578125 0.0634765625
1 0.30859375 0.8857421875 0.1103515625 0.064453125
1 0.3740234375 0.9716796875 0.0751953125 0.056640625
1 0.5029296875 0.9677734375 0.0654296875 0.0625
1 0.3720703125 0.5419921875 0.0576171875 0.0615234375
1 0.3232421875 0.4384765625 0.0869140625 0.0634765625
1 0.4091796875 0.4677734375 0.0830078125 0.0546875
1 0.4619140625 0.4130859375 0.09765625 0.05859375
1 0.5869140625 0.5625 0.0732421875 0.091796875
1 0.5888671875 0.6376953125 0.060546875 0.1171875
1 0.65234375 0.5068359375 0.123046875 0.0654296875
1 0.54296875 0.365234375 0.0966796875 0.0546875
1 0.541015625 0.2373046875 0.0703125 0.1142578125
1 0.0517578125 0.3515625 0.1044921875 0.0546875
1 0.158203125 0.3017578125 0.08984375 0.0576171875
1 0.2734375 0.34765625 0.1103515625 0.068359375
1 0.234375 0.234375 0.0986328125 0.0712890625
1 0.0791015625 0.18359375 0.083984375 0.0615234375
1 0.076171875 0.2724609375 0.0654296875 0.0625
1 0.35546875 0.2109375 0.0693359375 0.060546875
1 0.349609375 0.1416015625 0.06640625 0.0517578125
1 0.412109375 0.1533203125 0.0693359375 0.0546875
1 0.5244140625 0.0322265625 0.0966796875 0.0654296875
1 0.619140625 0.103515625 0.0654296875 0.0751953125
1 0.8017578125 0.048828125 0.0947265625 0.0693359375
1 0.029296875 0.072265625 0.05859375 0.072265625
1 0.3349609375 0.029296875 0.1103515625 0.05078125
1 0.974609375 0.37109375 0.0498046875 0.0712890625
1 0.251953125 0.091796875 0.1083984375 0.134765625
1 0.9609375 0.6064453125 0.0771484375 0.06640625
1 0.8251953125 0.1298828125 0.072265625 0.0537109375
1 0.8828125 0.16015625 0.0654296875 0.0517578125
1 0.779296875 0.2265625 0.076171875 0.076171875
1 0.7685546875 0.31640625 0.11328125 0.1005859375
1 0.70703125 0.3505859375 0.0712890625 0.0732421875
1 0.9306640625 0.3173828125 0.0654296875 0.1171875
1 0.7705078125 0.4228515625 0.083984375 0.044921875
1 0.796875 0.4599609375 0.166015625 0.0908203125
1 0.8466796875 0.5341796875 0.1572265625 0.0625
1 0.9521484375 0.525390625 0.09375 0.0771484375
1 0.9599609375 0.4638671875 0.080078125 0.0478515625
1 0.865234375 0.6220703125 0.080078125 0.0693359375
1 0.9140625 0.6865234375 0.0859375 0.0458984375
1 0.8134765625 0.7568359375 0.0654296875 0.0546875
1 0.9169921875 0.763671875 0.0703125 0.0498046875
1 0.625 0.794921875 0.1044921875 0.064453125
1 0.701171875 0.8642578125 0.0634765625 0.056640625
1 0.6943359375 0.9306640625 0.0625 0.052734375
1 0.65625 0.9677734375 0.103515625 0.0634765625
1 0.8837890625 0.80859375 0.0673828125 0.0419921875
1 0.412109375 0.591796875 0.0537109375 0.0595703125
1 0.0302734375 0.140625 0.0517578125 0.048828125
1 0.3623046875 0.6748046875 0.060546875 0.048828125
1 0.1826171875 0.259765625 0.0537109375 0.044921875
1 0.71875 0.908203125 0.0546875 0.029296875
