1 0.02734375 0.955078125 0.0546875 0.05859375
1 0.0927734375 0.912109375 0.0615234375 0.0615234375
1 0.388671875 0.939453125 0.068359375 0.0693359375
1 0.521484375 0.9541015625 0.08203125 0.0830078125
1 0.2158203125 0.9052734375 0.09765625 0.0908203125
1 0.3525390625 0.7587890625 0.0673828125 0.0947265625
1 0.388671875 0.69140625 0.06640625 0.0849609375
1 0.498046875 0.7275390625 0.0791015625 0.1259765625
1 0.478515625 0.796875 0.05078125 0.07421875
1 0.583984375 0.796875 0.0625 0.0625
1 0.5576171875 0.76171875 0.056640625 0.0595703125
1 0.6728515625 0.8212890625 0.0634765625 0.109375
1 0.681640625 0.6630859375 0.0498046875 0.080078125
1 0.7275390625 0.7021484375 0.0537109375 0.109375
1 0.513671875 0.5615234375 0.0712890625 0.091796875
1 0.033203125 0.5205078125 0.06640625 0.0927734375
1 0.0126953125 0.41796875 0.0263671875 0.078125
1 0.068359375 0.388671875 0.076171875 0.0654296875
1 0.13671875 0.4541015625 0.072265625 0.07421875
1 0.177734375 0.4072265625 0.0908203125 0.0859375
1 0.1953125 0.3779296875 0.0791015625 0.0625
1 0.265625 0.3701171875 0.09375 0.083984375
1 0.33984375 0.2587890625 0.0712890625 0.1015625
1 0.056640625 0.1240234375 0.080078125 0.126953125
1 0.2099609375 0.1044921875 0.103515625 0.0712890625
1 0.435546875 0.2919921875 0.0595703125 0.103515625
1 0.2041015625 0.771484375 0.080078125 0.0537109375
1 0.8369140625 0.796875 0.06640625 0.0595703125
1 0.875 0.6640625 0.060546875 0.072265625
1 0.931640625 0.7392578125 0.0869140625 0.0537109375
1 0.984375 0.7900390625 0.03125 0.06640625
1 0.9404296875 0.8876953125 0.119140625 0.0537109375
1 0.8642578125 0.9736328125 0.064453125 0.0498046875
1 0.9853515625 0.26171875 0.029296875 0.072265625
1 0.96875 0.3271484375 0.0615234375 0.08984375
1 0.8564453125 0.2763671875 0.115234375 0.0771484375
1 0.919921875 0.1494140625 0.0859375 0.1328125
1 0.765625 0.40625 0.064453125 0.083984375
1 0.67578125 0.3974609375 0.0537109375 0.0712890625
1 0.6455078125 0.4658203125 0.068359375 0.06640625
1 0.5859375 0.455078125 0.078125 0.0654296875
1 0.5673828125 0.4052734375 0.1005859375 0.0517578125
1 0.6875 0.2666015625 0.0751953125 0.078125
1 0.580078125 0.0439453125 0.068359375 0.080078125
1 0.2216796875 0.0302734375 0.083984375 0.060546875
1 0.5693359375 0.365234375 0.064453125 0.0654296875
1 0.6201171875 0.0205078125 0.0537109375 0.0419921875
1 0.6796875 0.3388671875 0.0615234375 0.0419921875
1 0.1220703125 0.392578125 0.044921875 0.0556640625
1 0.0517578125 0.4345703125 0.0498046875 0.0458984375
1 0.9794921875 0.9111328125 0.0380859375 0.0400390625
1 0.400390625 0.8564453125 0.0390625 0.033203125
1 0.1826171875 0.009765625 0.0576171875 0.01953125
