1 0.9306640625 0.099609375 0.1376953125 0.1005859375
1 0.7255859375 0.091796875 0.0986328125 0.125
1 0.8037109375 0.2900390625 0.0947265625 0.1435546875
1 0.171875 0.41015625 0.0859375 0.0869140625
1 0.0537109375 0.373046875 0.1083984375 0.103515625
1 0.046875 0.072265625 0.09375 0.111328125
1 0.31640625 0.2421875 0.1005859375 0.1611328125
1 0.4013671875 0.154296875 0.1044921875 0.083984375
1 0.6875 0.4208984375 0.099609375 0.2421875
1 0.603515625 0.5908203125 0.1640625 0.08984375
1 0.869140625 0.482421875 0.1611328125 0.140625
1 0.9443359375 0.7626953125 0.1103515625 0.1328125
1 0.3798828125 0.841796875 0.091796875 0.158203125
1 0.1787109375 0.619140625 0.1630859375 0.06640625
1 0.16796875 0.0693359375 0.0771484375 0.10546875
1 0.0146484375 0.21875 0.029296875 0.052734375
1 0.1279296875 0.7734375 0.11328125 0.0712890625
1 0.1484375 0.6962890625 0.0595703125 0.09765625
1 0.3671875 0.7275390625 0.0712890625 0.0576171875
1 0.380859375 0.6318359375 0.1162109375 0.0771484375
1 0.224609375 0.521484375 0.10546875 0.0849609375
1 0.3017578125 0.533203125 0.0576171875 0.0576171875
1 0.3818359375 0.45703125 0.1572265625 0.080078125
1 0.5146484375 0.447265625 0.0771484375 0.1123046875
1 0.583984375 0.466796875 0.111328125 0.06640625
1 0.4453125 0.8056640625 0.072265625 0.0966796875
1 0.7060546875 0.7275390625 0.0830078125 0.25390625
1 0.6640625 0.9658203125 0.1318359375 0.068359375
1 0.265625 0.337890625 0.1103515625 0.0673828125
1 0.5556640625 0.3115234375 0.103515625 0.0693359375
1 0.642578125 0.158203125 0.0830078125 0.0732421875
1 0.4345703125 0.25390625 0.08203125 0.052734375
1 0.3642578125 0.0439453125 0.09765625 0.0703125
1 0.486328125 0.064453125 0.0556640625 0.0703125
1 0.578125 0.01953125 0.0849609375 0.0400390625
1 0.9541015625 0.5849609375 0.0830078125 0.119140625
1 0.7919921875 0.6298828125 0.05078125 0.1064453125
1 0.9326171875 0.0224609375 0.1220703125 0.0458984375
1 0.8720703125 0.21484375 0.09375 0.08984375
1 0.9404296875 0.3994140625 0.1181640625 0.0751953125
1 0.8984375 0.91015625 0.1845703125 0.16796875
