1 0.5927734375 0.76171875 0.09375 0.0732421875
1 0.84765625 0.830078125 0.0771484375 0.091796875
1 0.4609375 0.095703125 0.060546875 0.11328125
1 0.9326171875 0.3916015625 0.1240234375 0.0810546875
1 0.1875 0.279296875 0.0673828125 0.1005859375
1 0.9130859375 0.2197265625 0.1728515625 0.2001953125
1 0.775390625 0.728515625 0.13671875 0.1103515625
1 0.4443359375 0.44140625 0.087890625 0.09375
1 0.822265625 0.9521484375 0.1474609375 0.06640625
1 0.578125 0.89453125 0.1943359375 0.087890625
1 0.6220703125 0.8154296875 0.1005859375 0.064453125
1 0.6123046875 0.1767578125 0.126953125 0.22265625
1 0.689453125 0.51953125 0.17578125 0.1337890625
1 0.822265625 0.802734375 0.1572265625 0.1171875
1 0.1806640625 0.9619140625 0.1171875 0.076171875
1 0.6337890625 0.384765625 0.0966796875 0.1337890625
1 0.302734375 0.7236328125 0.1533203125 0.0947265625
1 0.775390625 0.50390625 0.15625 0.16015625
1 0.6728515625 0.6875 0.1171875 0.1142578125
1 0.1376953125 0.7138671875 0.1015625 0.19140625
1 0.4970703125 0.8037109375 0.072265625 0.0791015625
1 0.20703125 0.0185546875 0.072265625 0.037109375
1 0.177734375 0.396484375 0.1396484375 0.0908203125
1 0.8525390625 0.03515625 0.146484375 0.0703125
1 0.9013671875 0.4736328125 0.08984375 0.130859375
1 0.5361328125 0.708984375 0.1015625 0.0771484375
1 0.1015625 0.103515625 0.1005859375 0.1103515625
1 0.0283203125 0.30078125 0.0546875 0.0849609375
1 0.185546875 0.7353515625 0.0595703125 0.1328125
1 0.400390625 0.078125 0.10546875 0.04296875
1 0.5673828125 0.3623046875 0.0712890625 0.0869140625
1 0.6455078125 0.583984375 0.083984375 0.0810546875
1 0.8466796875 0.525390625 0.103515625 0.0810546875
1 0.7841796875 0.4267578125 0.1240234375 0.1064453125
1 0.859375 0.345703125 0.1435546875 0.0703125
1 0.7900390625 0.8896484375 0.1123046875 0.0703125
1 0.71875 0.939453125 0.0830078125 0.080078125
1 0.943359375 0.294921875 0.0673828125 0.09765625
1 0.9814453125 0.3056640625 0.037109375 0.076171875
1 0.435546875 0.650390625 0.048828125 0.0439453125
