1 0.4501953125 0.8154296875 0.2021484375 0.1142578125
1 0.4794921875 0.943359375 0.154296875 0.1123046875
1 0.5 0.9892578125 0.1416015625 0.0205078125
1 0.73828125 0.8134765625 0.1474609375 0.08984375
1 0.8056640625 0.6181640625 0.1484375 0.0869140625
1 0.0087890625 0.244140625 0.0185546875 0.125
1 0.201171875 0.2255859375 0.119140625 0.1064453125
1 0.7431640625 0.2548828125 0.2626953125 0.0888671875
1 0.4453125 0.146484375 0.130859375 0.1025390625
1 0.435546875 0.529296875 0.220703125 0.11328125
1 0.1513671875 0.31640625 0.1005859375 0.0830078125
1 0.2158203125 0.478515625 0.203125 0.2109375
1 0.1416015625 0.958984375 0.1123046875 0.0810546875
1 0.177734375 0.0458984375 0.1025390625 0.0615234375
1 0.1318359375 0.0615234375 0.0654296875 0.1005859375
1 0.1708984375 0.1396484375 0.056640625 0.05078125
1 0.0078125 0.791015625 0.015625 0.0517578125
1 0.15234375 0.8740234375 0.1162109375 0.0654296875
1 0.0595703125 0.9794921875 0.0615234375 0.041015625
1 0.7158203125 0.982421875 0.0693359375 0.03515625
1 0.8369140625 0.9521484375 0.0859375 0.0947265625
1 0.3798828125 0.650390625 0.1171875 0.0546875
1 0.1455078125 0.5625 0.0576171875 0.1005859375
1 0.9482421875 0.9580078125 0.1025390625 0.0771484375
1 0.9296875 0.748046875 0.1328125 0.1083984375
1 0.9052734375 0.630859375 0.072265625 0.068359375
1 0.7197265625 0.5068359375 0.0849609375 0.1142578125
1 0.8046875 0.435546875 0.0625 0.1201171875
1 0.873046875 0.4365234375 0.0771484375 0.0595703125
1 0.94921875 0.4814453125 0.1005859375 0.0732421875
1 0.55078125 0.3291015625 0.1005859375 0.083984375
1 0.5 0.4267578125 0.1474609375 0.06640625
1 0.5380859375 0.17578125 0.0712890625 0.046875
1 0.9384765625 0.0283203125 0.0947265625 0.0576171875
1 0.947265625 0.06640625 0.0849609375 0.0576171875
1 0.7861328125 0.048828125 0.1201171875 0.083984375
1 0.654296875 0.04296875 0.0654296875 0.0869140625
1 0.587890625 0.041015625 0.0703125 0.08203125
