1 0.5107421875 0.8203125 0.091796875 0.1083984375
1 0.982421875 0.1220703125 0.0341796875 0.078125
1 0.810546875 0.23828125 0.1474609375 0.091796875
1 0.69921875 0.7421875 0.08984375 0.08984375
1 0.599609375 0.0556640625 0.07421875 0.072265625
1 0.91796875 0.0419921875 0.0869140625 0.0849609375
1 0.7841796875 0.1162109375 0.080078125 0.0751953125
1 0.9609375 0.396484375 0.0771484375 0.107421875
1 0.8232421875 0.658203125 0.123046875 0.107421875
1 0.515625 0.9453125 0.107421875 0.0966796875
1 0.697265625 0.8515625 0.080078125 0.1044921875
1 0.8037109375 0.783203125 0.0849609375 0.13671875
1 0.71875 0.0498046875 0.1103515625 0.099609375
1 0.671875 0.54296875 0.099609375 0.1171875
1 0.5185546875 0.5166015625 0.087890625 0.0908203125
1 0.7275390625 0.181640625 0.1025390625 0.08984375
1 0.830078125 0.884765625 0.1123046875 0.08984375
1 0.8583984375 0.126953125 0.078125 0.0703125
1 0.796875 0.595703125 0.0703125 0.1025390625
1 0.7099609375 0.9501953125 0.1005859375 0.099609375
