1 0.6630859375 0.5732421875 0.0634765625 0.076171875
1 0.8857421875 0.68359375 0.0703125 0.080078125
1 0.103515625 0.642578125 0.0732421875 0.0654296875
1 0.517578125 0.251953125 0.0537109375 0.1083984375
1 0.9267578125 0.666015625 0.0556640625 0.07421875
1 0.2958984375 0.154296875 0.0791015625 0.1181640625
1 0.1962890625 0.072265625 0.0673828125 0.0908203125
1 0.013671875 0.7294921875 0.02734375 0.044921875
1 0.009765625 0.6474609375 0.01953125 0.056640625
1 0.4912109375 0.466796875 0.06640625 0.103515625
1 0.64453125 0.2109375 0.0546875 0.083984375
1 0.5087890625 0.5390625 0.0439453125 0.083984375
1 0.6748046875 0.2763671875 0.078125 0.078125
1 0.15625 0.39453125 0.0849609375 0.080078125
1 0.212890625 0.369140625 0.1025390625 0.0654296875
1 0.5791015625 0.5361328125 0.0751953125 0.068359375
1 0.8154296875 0.5400390625 0.0908203125 0.0390625
1 0.9814453125 0.19140625 0.0361328125 0.0908203125
1 0.931640625 0.52734375 0.056640625 0.1171875
1 0.1376953125 0.4296875 0.076171875 0.0771484375
1 0.478515625 0.6923828125 0.080078125 0.076171875
1 0.205078125 0.142578125 0.0498046875 0.0703125
1 0.0869140625 0.7236328125 0.0703125 0.0458984375
1 0.302734375 0.5224609375 0.0830078125 0.0546875
1 0.6767578125 0.3388671875 0.052734375 0.0625
1 0.8876953125 0.0556640625 0.0234375 0.0927734375
1 0.3087890625 0.876171875 0.08671875000000001 0.056445312499999956
1 0.955078125 0.92578125 0.0419921875 0.1142578125
1 0.7880859375 0.626953125 0.060546875 0.0849609375
1 0.271484375 0.546875 0.05859375 0.0703125
1 0.68359375 0.7216796875 0.080078125 0.0693359375
1 0.1259765625 0.7841796875 0.07421875 0.0341796875
1 0.212890625 0.8662109375 0.0361328125 0.0791015625
1 0.205078125 0.9892578125 0.080078125 0.0205078125
1 0.1240234375 0.16015625 0.091796875 0.064453125
1 0.251953125 0.625 0.041015625 0.080078125
1 0.9375 0.5771484375 0.0478515625 0.0810546875
1 0.1630859375 0.4814453125 0.05078125 0.033203125
1 0.1171875 0.8701171875 0.0595703125 0.0400390625
1 0.3330078125 0.6982421875 0.087890625 0.03515625
1 0.6513671875 0.7978515625 0.0908203125 0.0478515625
1 0.0458984375 0.326171875 0.080078125 0.037109375
1 0.009765625 0.2080078125 0.01953125 0.0390625
1 0.453125 0.5419921875 0.0615234375 0.037109375
1 0.0126953125 0.5634765625 0.0263671875 0.0595703125
1 0.9873046875 0.2880859375 0.0244140625 0.0908203125
1 0.5166015625 0.7578125 0.0908203125 0.0546875
1 0.02734375 0.80859375 0.0556640625 0.0244140625
1 0.1396484375 0.5322265625 0.0712890625 0.025390625
1 0.5078125 0.8955078125 0.0712890625 0.0302734375
1 0.689453125 0.0380859375 0.0263671875 0.06640625
1 0.2822265625 0.8310546875 0.064453125 0.033203125
1 0.6923828125 0.8349609375 0.060546875 0.052734375
1 0.8095703125 0.4208984375 0.046875 0.05859375
1 0.16796875 0.224609375 0.076171875 0.0556640625
1 0.783203125 0.8681640625 0.048828125 0.078125
1 0.5478515625 0.2255859375 0.0517578125 0.048828125
1 0.193359375 0.2685546875 0.060546875 0.0400390625
1 0.625 0.654296875 0.0634765625 0.08203125
1 0.5283203125 0.939453125 0.0458984375 0.0595703125
1 0.759765625 0.4970703125 0.0439453125 0.0380859375
1 0.1435546875 0.0244140625 0.0498046875 0.0478515625
1 0.439453125 0.1396484375 0.06640625 0.0498046875
1 0.107421875 0.1923828125 0.060546875 0.0380859375
1 0.5595703125 0.7109375 0.04296875 0.060546875
1 0.7734375 0.9169921875 0.07421875 0.0283203125
1 0.1787109375 0.0205078125 0.0478515625 0.041015625
1 0.6123046875 0.9892578125 0.041015625 0.021484375
1 0.509765625 0.009765625 0.0341796875 0.0205078125
1 0.501953125 0.9814453125 0.05078125 0.0361328125
