1 0.326171875 0.1337890625 0.107421875 0.1201171875
1 0.52734375 0.2578125 0.1025390625 0.1220703125
1 0.8388671875 0.904296875 0.115234375 0.1455078125
1 0.7314453125 0.017578125 0.1005859375 0.0361328125
1 0.8642578125 0.3291015625 0.1396484375 0.1142578125
1 0.2021484375 0.05078125 0.115234375 0.1015625
1 0.94140625 0.1376953125 0.0947265625 0.0927734375
1 0.6796875 0.88671875 0.109375 0.1455078125
1 0.59765625 0.396484375 0.1123046875 0.1298828125
1 0.79296875 0.7314453125 0.1376953125 0.1494140625
1 0.072265625 0.392578125 0.1298828125 0.185546875
1 0.791015625 0.5634765625 0.09765625 0.087890625
1 0.1015625 0.625 0.0673828125 0.0830078125
1 0.408203125 0.705078125 0.0771484375 0.0595703125
1 0.431640625 0.517578125 0.080078125 0.0927734375
1 0.6044921875 0.7724609375 0.1025390625 0.1025390625
1 0.02734375 0.6279296875 0.0546875 0.103515625
