1 0.3896484375 0.5888671875 0.1123046875 0.107421875
1 0.5537109375 0.357421875 0.1474609375 0.1025390625
1 0.6962890625 0.2275390625 0.126953125 0.1025390625
1 0.8603515625 0.6591796875 0.1201171875 0.0849609375
1 0.6708984375 0.900390625 0.1171875 0.09765625
1 0.2841796875 0.0322265625 0.1044921875 0.064453125
1 0.53515625 0.8486328125 0.107421875 0.109375
1 0.080078125 0.0615234375 0.154296875 0.099609375
1 0.68359375 0.4443359375 0.142578125 0.10546875
1 0.5048828125 0.02734375 0.1474609375 0.0546875
1 0.3115234375 0.4697265625 0.091796875 0.1220703125
1 0.4482421875 0.712890625 0.072265625 0.0625
1 0.5888671875 0.57421875 0.1044921875 0.0654296875
1 0.931640625 0.236328125 0.1357421875 0.107421875
1 0.94140625 0.9384765625 0.109375 0.1181640625
1 0.47265625 0.521484375 0.0830078125 0.0556640625
1 0.44921875 0.1904296875 0.080078125 0.080078125
