1 0.0498046875 0.76171875 0.0849609375 0.0927734375
1 0.2041015625 0.62890625 0.1201171875 0.1201171875
1 0.1796875 0.5458984375 0.06640625 0.072265625
1 0.107421875 0.373046875 0.05078125 0.052734375
1 0.091796875 0.2685546875 0.0888671875 0.103515625
1 0.2041015625 0.2509765625 0.13671875 0.0908203125
1 0.263671875 0.171875 0.0517578125 0.0703125
1 0.2255859375 0.41015625 0.1923828125 0.0966796875
1 0.201171875 0.4755859375 0.0927734375 0.056640625
1 0.2314453125 0.771484375 0.0693359375 0.091796875
1 0.1220703125 0.9404296875 0.0732421875 0.07421875
1 0.1904296875 0.9501953125 0.0576171875 0.05859375
1 0.4296875 0.9677734375 0.078125 0.064453125
1 0.51171875 0.9423828125 0.1357421875 0.1142578125
1 0.2900390625 0.892578125 0.0732421875 0.1044921875
1 0.3232421875 0.7607421875 0.1044921875 0.0625
1 0.3828125 0.64453125 0.0869140625 0.1044921875
1 0.583984375 0.779296875 0.1787109375 0.1572265625
1 0.443359375 0.7763671875 0.0869140625 0.1201171875
1 0.47265625 0.8583984375 0.0546875 0.08984375
1 0.541015625 0.8720703125 0.0595703125 0.064453125
1 0.33984375 0.302734375 0.1259765625 0.06640625
1 0.5908203125 0.19921875 0.240234375 0.140625
1 0.669921875 0.24609375 0.10546875 0.1025390625
1 0.853515625 0.509765625 0.0654296875 0.0625
1 0.9150390625 0.638671875 0.119140625 0.0849609375
1 0.7705078125 0.8212890625 0.0908203125 0.0498046875
1 0.744140625 0.8818359375 0.0986328125 0.0546875
1 0.9013671875 0.8134765625 0.044921875 0.0693359375
1 0.966796875 0.8232421875 0.0654296875 0.1259765625
1 0.865234375 0.9853515625 0.1142578125 0.0283203125
1 0.97265625 0.9873046875 0.0546875 0.0244140625
