1 0.3193359375 0.0166015625 0.0830078125 0.0341796875
1 0.23828125 0.0361328125 0.1103515625 0.072265625
1 0.142578125 0.046875 0.0810546875 0.0947265625
1 0.078125 0.3251953125 0.140625 0.0712890625
1 0.173828125 0.3173828125 0.064453125 0.0498046875
1 0.1845703125 0.36328125 0.06640625 0.0625
1 0.0576171875 0.4169921875 0.115234375 0.1318359375
1 0.1875 0.4609375 0.134765625 0.0869140625
1 0.099609375 0.5107421875 0.078125 0.06640625
1 0.1298828125 0.5625 0.103515625 0.0498046875
1 0.0185546875 0.5703125 0.0380859375 0.119140625
1 0.16796875 0.630859375 0.126953125 0.0869140625
1 0.0126953125 0.736328125 0.025390625 0.142578125
1 0.390625 0.62890625 0.1259765625 0.083984375
1 0.404296875 0.5419921875 0.080078125 0.083984375
1 0.6044921875 0.45703125 0.099609375 0.1181640625
1 0.5439453125 0.7529296875 0.11328125 0.0634765625
1 0.5419921875 0.81640625 0.095703125 0.0703125
1 0.4189453125 0.935546875 0.0849609375 0.072265625
1 0.5166015625 0.9619140625 0.1298828125 0.0751953125
1 0.6826171875 0.93359375 0.1396484375 0.0908203125
1 0.7958984375 0.9052734375 0.076171875 0.0595703125
1 0.9658203125 0.4560546875 0.068359375 0.0751953125
1 0.9833984375 0.6240234375 0.0322265625 0.0986328125
1 0.982421875 0.6962890625 0.03515625 0.140625
1 0.83203125 0.6103515625 0.0703125 0.07421875
1 0.7734375 0.4521484375 0.091796875 0.099609375
1 0.6845703125 0.56640625 0.0400390625 0.04296875
1 0.990234375 0.3798828125 0.01953125 0.0693359375
1 0.9189453125 0.22265625 0.1376953125 0.0947265625
1 0.98828125 0.119140625 0.0224609375 0.1103515625
1 0.931640625 0.0751953125 0.078125 0.099609375
1 0.32421875 0.3837890625 0.0859375 0.0810546875
1 0.1767578125 0.98046875 0.0869140625 0.0390625
1 0.015625 0.9296875 0.03125 0.064453125
