1 0.9755859375 0.318359375 0.048828125 0.0830078125
1 0.7099609375 0.5390625 0.080078125 0.0791015625
1 0.951171875 0.6005859375 0.0771484375 0.0703125
1 0.93359375 0.9169921875 0.107421875 0.080078125
1 0.8984375 0.720703125 0.123046875 0.072265625
1 0.8291015625 0.3740234375 0.0869140625 0.1123046875
1 0.7822265625 0.9599609375 0.10546875 0.080078125
1 0.8701171875 0.1552734375 0.09765625 0.0927734375
1 0.9326171875 0.455078125 0.08984375 0.09375
1 0.85546875 0.869140625 0.0869140625 0.0673828125
1 0.7294921875 0.404296875 0.0625 0.060546875
1 0.03125 0.515625 0.0556640625 0.072265625
1 0.0390625 0.8603515625 0.0625 0.0654296875
1 0.76171875 0.86328125 0.068359375 0.05859375
