1 0.1435546875 0.880859375 0.11328125 0.1572265625
1 0.2548828125 0.8525390625 0.1240234375 0.126953125
1 0.033203125 0.5556640625 0.06640625 0.0537109375
1 0.1650390625 0.5615234375 0.0556640625 0.0810546875
1 0.2578125 0.48828125 0.0947265625 0.08203125
1 0.2548828125 0.296875 0.0888671875 0.0751953125
1 0.0302734375 0.3056640625 0.0615234375 0.052734375
1 0.4423828125 0.1865234375 0.076171875 0.0546875
1 0.427734375 0.1376953125 0.091796875 0.06640625
1 0.5771484375 0.029296875 0.0849609375 0.05859375
1 0.521484375 0.2431640625 0.1171875 0.0625
1 0.607421875 0.1435546875 0.0947265625 0.0703125
1 0.654296875 0.2783203125 0.10546875 0.0888671875
1 0.794921875 0.3056640625 0.0810546875 0.0712890625
1 0.9677734375 0.10546875 0.0634765625 0.0791015625
1 0.7919921875 0.1376953125 0.06640625 0.0712890625
1 0.7724609375 0.044921875 0.0498046875 0.08984375
1 0.8134765625 0.0361328125 0.052734375 0.072265625
1 0.4482421875 0.3466796875 0.09375 0.080078125
1 0.34765625 0.4013671875 0.046875 0.0517578125
1 0.400390625 0.4853515625 0.0732421875 0.0771484375
1 0.6064453125 0.5390625 0.068359375 0.1025390625
1 0.599609375 0.4609375 0.0693359375 0.0634765625
1 0.685546875 0.4208984375 0.0810546875 0.0751953125
1 0.72265625 0.3759765625 0.1064453125 0.083984375
1 0.8173828125 0.5908203125 0.0810546875 0.05078125
1 0.916015625 0.67578125 0.09375 0.076171875
1 0.791015625 0.734375 0.0595703125 0.0634765625
1 0.619140625 0.703125 0.0791015625 0.0654296875
1 0.55078125 0.712890625 0.0859375 0.076171875
1 0.3583984375 0.6455078125 0.1044921875 0.06640625
1 0.365234375 0.748046875 0.072265625 0.07421875
1 0.5576171875 0.875 0.1025390625 0.09375
1 0.779296875 0.830078125 0.109375 0.076171875
1 0.9736328125 0.7822265625 0.0517578125 0.0634765625
1 0.328125 0.8466796875 0.06640625 0.05078125
1 0.58984375 0.6220703125 0.0673828125 0.046875
1 0.4033203125 0.40625 0.0625 0.0673828125
1 0.763671875 0.6513671875 0.0791015625 0.041015625
1 0.1728515625 0.751953125 0.0478515625 0.033203125
