1 0.9755859375 0.126953125 0.048828125 0.0888671875
1 0.04296875 0.2333984375 0.056640625 0.08984375
1 0.1650390625 0.626953125 0.0791015625 0.0732421875
1 0.7890625 0.505859375 0.1806640625 0.078125
1 0.7646484375 0.361328125 0.134765625 0.0947265625
1 0.083984375 0.810546875 0.09375 0.072265625
1 0.6845703125 0.572265625 0.109375 0.08984375
1 0.5498046875 0.4306640625 0.072265625 0.052734375
1 0.81640625 0.2255859375 0.1396484375 0.1025390625
1 0.1201171875 0.4560546875 0.0869140625 0.0625
1 0.0810546875 0.6708984375 0.0810546875 0.0615234375
1 0.5634765625 0.3212890625 0.087890625 0.0654296875
1 0.2978515625 0.2705078125 0.083984375 0.1171875
1 0.7314453125 0.1513671875 0.08203125 0.056640625
1 0.1064453125 0.1796875 0.0595703125 0.0703125
1 0.255859375 0.533203125 0.0751953125 0.056640625
1 0.1728515625 0.1708984375 0.0634765625 0.1064453125
1 0.9345703125 0.4580078125 0.0400390625 0.0771484375
1 0.0625 0.908203125 0.0576171875 0.0556640625
1 0.1533203125 0.8115234375 0.056640625 0.0458984375
1 0.736328125 0.212890625 0.126953125 0.080078125
1 0.7421875 0.05078125 0.060546875 0.09765625
1 0.7041015625 0.0546875 0.0751953125 0.07421875
1 0.833984375 0.1337890625 0.1025390625 0.1103515625
1 0.8486328125 0.087890625 0.125 0.087890625
1 0.845703125 0.2578125 0.107421875 0.0869140625
1 0.80078125 0.376953125 0.1015625 0.0849609375
1 0.888671875 0.765625 0.0595703125 0.076171875
1 0.939453125 0.04296875 0.060546875 0.0830078125
1 0.21875 0.146484375 0.0625 0.0712890625
1 0.2998046875 0.3310546875 0.1533203125 0.0361328125
1 0.8271484375 0.046875 0.107421875 0.0947265625
