1 0.1630859375 0.974609375 0.0537109375 0.0478515625
1 0.017578125 0.8984375 0.0361328125 0.07421875
1 0.2294921875 0.888671875 0.0654296875 0.0810546875
1 0.208984375 0.8076171875 0.08984375 0.08984375
1 0.0732421875 0.7646484375 0.07421875 0.087890625
1 0.26171875 0.7265625 0.0556640625 0.0908203125
1 0.3779296875 0.8271484375 0.0615234375 0.083984375
1 0.103515625 0.6240234375 0.0576171875 0.091796875
1 0.1875 0.669921875 0.0673828125 0.0810546875
1 0.021484375 0.37109375 0.04296875 0.0859375
1 0.1474609375 0.443359375 0.0986328125 0.0634765625
1 0.29296875 0.408203125 0.0654296875 0.056640625
1 0.216796875 0.2509765625 0.06640625 0.115234375
1 0.08984375 0.224609375 0.0703125 0.115234375
1 0.1396484375 0.1162109375 0.080078125 0.095703125
1 0.2568359375 0.0498046875 0.1044921875 0.0634765625
1 0.4150390625 0.109375 0.068359375 0.05859375
1 0.5078125 0.119140625 0.107421875 0.0654296875
1 0.42578125 0.2138671875 0.0576171875 0.09765625
1 0.5 0.2783203125 0.0625 0.1298828125
1 0.8095703125 0.1953125 0.0751953125 0.1103515625
1 0.6435546875 0.35546875 0.0400390625 0.0830078125
1 0.67578125 0.3994140625 0.0654296875 0.05078125
1 0.40625 0.513671875 0.08203125 0.05859375
1 0.2841796875 0.5537109375 0.0791015625 0.0625
1 0.3447265625 0.55078125 0.1064453125 0.0849609375
1 0.5322265625 0.5478515625 0.0537109375 0.0537109375
1 0.6328125 0.4990234375 0.0986328125 0.0625
1 0.73828125 0.564453125 0.0986328125 0.07421875
1 0.4609375 0.7421875 0.0947265625 0.0732421875
1 0.4765625 0.830078125 0.0751953125 0.080078125
1 0.5439453125 0.8935546875 0.0771484375 0.06640625
1 0.5966796875 0.7470703125 0.126953125 0.091796875
1 0.6337890625 0.662109375 0.056640625 0.080078125
1 0.8916015625 0.837890625 0.09375 0.0703125
1 0.732421875 0.7705078125 0.072265625 0.0654296875
1 0.9091796875 0.607421875 0.0732421875 0.064453125
1 0.8955078125 0.5224609375 0.0947265625 0.07421875
1 0.8505859375 0.4287109375 0.10546875 0.072265625
1 0.849609375 0.302734375 0.1357421875 0.1015625
1 0.916015625 0.1474609375 0.103515625 0.1416015625
1 0.9619140625 0.408203125 0.0751953125 0.076171875
1 0.9794921875 0.8984375 0.0400390625 0.0654296875
1 0.884765625 0.9638671875 0.091796875 0.0712890625
1 0.7646484375 0.96875 0.0712890625 0.0625
1 0.0556640625 0.6796875 0.052734375 0.0615234375
1 0.5400390625 0.2314453125 0.052734375 0.08203125
1 0.8232421875 0.013671875 0.087890625 0.02734375
1 0.7392578125 0.0205078125 0.0908203125 0.0361328125
1 0.705078125 0.0146484375 0.078125 0.029296875
1 0.4345703125 0.0302734375 0.0439453125 0.0390625
1 0.44140625 0.0625 0.0439453125 0.0400390625
1 0.28125 0.0068359375 0.037109375 0.0146484375
1 0.244140625 0.0146484375 0.0546875 0.0302734375
1 0.6826171875 0.6318359375 0.0556640625 0.046875
1 0.619140625 0.119140625 0.0546875 0.04296875
1 0.6123046875 0.4482421875 0.056640625 0.041015625
1 0.5029296875 0.5146484375 0.0732421875 0.05859375
1 0.4169921875 0.603515625 0.048828125 0.0634765625
1 0.177734375 0.3603515625 0.0595703125 0.0673828125
1 0.03515625 0.8251953125 0.044921875 0.052734375
1 0.1767578125 0.841796875 0.060546875 0.06640625
1 0.689453125 0.9892578125 0.05078125 0.021484375
1 0.2197265625 0.7236328125 0.0595703125 0.0712890625
