1 0.75390625 0.6552734375 0.09375 0.1015625
1 0.33984375 0.6318359375 0.0869140625 0.0615234375
1 0.5654296875 0.947265625 0.09375 0.1044921875
1 0.6640625 0.396484375 0.1103515625 0.0869140625
1 0.6259765625 0.6982421875 0.0927734375 0.0859375
1 0.802734375 0.2607421875 0.0859375 0.05859375
1 0.701171875 0.095703125 0.0888671875 0.0634765625
1 0.4765625 0.9638671875 0.046875 0.072265625
1 0.5419921875 0.7373046875 0.103515625 0.0771484375
1 0.7490234375 0.1591796875 0.1337890625 0.07421875
1 0.953125 0.294921875 0.09375 0.1123046875
1 0.1279296875 0.255859375 0.1572265625 0.0947265625
1 0.3974609375 0.8955078125 0.083984375 0.146484375
1 0.5478515625 0.466796875 0.12890625 0.064453125
1 0.728515625 0.53515625 0.11328125 0.060546875
1 0.5810546875 0.064453125 0.072265625 0.0625
1 0.3154296875 0.9013671875 0.056640625 0.1181640625
1 0.0693359375 0.29296875 0.134765625 0.0869140625
1 0.5849609375 0.572265625 0.0849609375 0.0517578125
1 0.06640625 0.53125 0.1318359375 0.052734375
1 0.9541015625 0.46484375 0.0888671875 0.072265625
1 0.7041015625 0.2861328125 0.1435546875 0.1494140625
1 0.857421875 0.1220703125 0.0556640625 0.05078125
1 0.595703125 0.130859375 0.130859375 0.1357421875
1 0.986328125 0.8505859375 0.0263671875 0.12109375
1 0.70703125 0.779296875 0.09765625 0.04296875
1 0.8369140625 0.3349609375 0.056640625 0.046875
1 0.2587890625 0.3662109375 0.1259765625 0.072265625
1 0.72265625 0.912109375 0.0673828125 0.078125
1 0.037109375 0.4794921875 0.0751953125 0.0654296875
1 0.1494140625 0.6513671875 0.0947265625 0.080078125
1 0.517578125 0.68359375 0.1005859375 0.080078125
1 0.3623046875 0.1083984375 0.1513671875 0.046875
1 0.9658203125 0.3203125 0.068359375 0.0693359375
1 0.0439453125 0.9794921875 0.083984375 0.041015625
1 0.0869140625 0.140625 0.142578125 0.138671875
1 0.7744140625 0.9814453125 0.1025390625 0.037109375
1 0.5185546875 0.8486328125 0.091796875 0.0302734375
1 0.5498046875 0.275390625 0.0556640625 0.05078125
1 0.876953125 0.8134765625 0.1875 0.0966796875
1 0.357421875 0.140625 0.10546875 0.03125
1 0.6552734375 0.6279296875 0.080078125 0.0615234375
1 0.66015625 0.9140625 0.1044921875 0.1708984375
1 0.5263671875 0.9755859375 0.0859375 0.048828125
1 0.3603515625 0.27734375 0.220703125 0.1044921875
1 0.228515625 0.3994140625 0.1162109375 0.0693359375
1 0.1533203125 0.1904296875 0.076171875 0.0458984375
1 0.0263671875 0.3544921875 0.052734375 0.046875
1 0.2236328125 0.8974609375 0.1259765625 0.05078125
1 0.0703125 0.0810546875 0.1416015625 0.048828125
1 0.74609375 0.8505859375 0.1259765625 0.076171875
1 0.5390625 0.212890625 0.048828125 0.0498046875
1 0.154296875 0.8662109375 0.1796875 0.052734375
1 0.3955078125 0.56640625 0.044921875 0.0419921875
1 0.4482421875 0.76171875 0.056640625 0.029296875
1 0.1513671875 0.7333984375 0.189453125 0.1240234375
1 0.302734375 0.13671875 0.10546875 0.052734375
1 0.9619140625 0.71875 0.07421875 0.0322265625
1 0.3330078125 0.4521484375 0.099609375 0.0439453125
1 0.025390625 0.55859375 0.0517578125 0.046875
1 0.5810546875 0.1962890625 0.0732421875 0.0341796875
1 0.8515625 0.3330078125 0.060546875 0.0458984375
1 0.587890625 0.298828125 0.091796875 0.0615234375
1 0.7294921875 0.501953125 0.0849609375 0.048828125
1 0.5869140625 0.642578125 0.0556640625 0.0224609375
1 0.0595703125 0.8662109375 0.0771484375 0.197265625
1 0.53125 0.5244140625 0.0634765625 0.095703125
1 0.66015625 0.9541015625 0.0791015625 0.0908203125
1 0.27734375 0.8505859375 0.091796875 0.0400390625
1 0.1982421875 0.708984375 0.2666015625 0.0927734375
1 0.978515625 0.95703125 0.04296875 0.080078125
1 0.021484375 0.4091796875 0.0419921875 0.048828125
1 0.857421875 0.494140625 0.1611328125 0.0966796875
1 0.8349609375 0.4619140625 0.0517578125 0.0322265625
1 0.6162109375 0.5537109375 0.0869140625 0.0322265625
1 0.736328125 0.4296875 0.0576171875 0.041015625
1 0.337890625 0.2421875 0.197265625 0.076171875
1 0.3212890625 0.029296875 0.0625 0.0546875
1 0.44140625 0.0478515625 0.162109375 0.0869140625
1 0.5341796875 0.0263671875 0.0703125 0.052734375
