1 0.1630859375 0.0478515625 0.0478515625 0.095703125
1 0.052734375 0.9375 0.0654296875 0.0634765625
1 0.0244140625 0.7841796875 0.048828125 0.060546875
1 0.7353515625 0.4423828125 0.052734375 0.0751953125
1 0.185546875 0.39453125 0.0751953125 0.087890625
1 0.3974609375 0.6455078125 0.076171875 0.0634765625
1 0.20703125 0.12890625 0.0849609375 0.080078125
1 0.5263671875 0.123046875 0.064453125 0.0703125
1 0.8115234375 0.40625 0.05859375 0.080078125
1 0.4521484375 0.7958984375 0.056640625 0.0732421875
1 0.9013671875 0.5546875 0.0478515625 0.0693359375
1 0.2666015625 0.4775390625 0.0869140625 0.0751953125
1 0.2490234375 0.3828125 0.0439453125 0.0849609375
1 0.9189453125 0.18359375 0.033203125 0.080078125
1 0.0458984375 0.16015625 0.087890625 0.107421875
1 0.4052734375 0.4609375 0.056640625 0.083984375
1 0.728515625 0.306640625 0.060546875 0.1318359375
1 0.859375 0.201171875 0.0322265625 0.0625
1 0.2353515625 0.2021484375 0.046875 0.080078125
1 0.4638671875 0.0224609375 0.0380859375 0.0458984375
1 0.857421875 0.7900390625 0.052734375 0.0654296875
1 0.8408203125 0.59375 0.044921875 0.0712890625
1 0.34765625 0.466796875 0.10546875 0.0859375
1 0.98046875 0.8212890625 0.0390625 0.076171875
1 0.47265625 0.2890625 0.0673828125 0.041015625
1 0.3583984375 0.3701171875 0.109375 0.052734375
1 0.0166015625 0.591796875 0.0341796875 0.0908203125
1 0.837890625 0.9140625 0.0546875 0.0810546875
1 0.9501953125 0.0771484375 0.044921875 0.0576171875
1 0.904296875 0.8212890625 0.0341796875 0.0693359375
1 0.796875 0.5927734375 0.05859375 0.0517578125
1 0.947265625 0.5009765625 0.0439453125 0.0703125
1 0.92578125 0.275390625 0.0537109375 0.0615234375
1 0.26171875 0.9521484375 0.0615234375 0.03125
1 0.181640625 0.974609375 0.0888671875 0.0498046875
1 0.541015625 0.1845703125 0.0546875 0.0517578125
1 0.0224609375 0.6982421875 0.044921875 0.0224609375
1 0.1181640625 0.9833984375 0.0791015625 0.029296875
1 0.685546875 0.8818359375 0.126953125 0.0537109375
1 0.328125 0.3916015625 0.0625 0.09375
1 0.6689453125 0.9638671875 0.0458984375 0.0283203125
1 0.8828125 0.7734375 0.0546875 0.048828125
1 0.416015625 0.8505859375 0.0400390625 0.05078125
1 0.9501953125 0.892578125 0.052734375 0.0263671875
1 0.51171875 0.88671875 0.10546875 0.0537109375
1 0.1494140625 0.162109375 0.09375 0.060546875
1 0.4931640625 0.375 0.0751953125 0.08984375
1 0.1279296875 0.6484375 0.083984375 0.0556640625
1 0.9716796875 0.3984375 0.037109375 0.0439453125
1 0.12109375 0.08984375 0.0546875 0.111328125
1 0.986328125 0.47265625 0.0234375 0.07421875
1 0.04296875 0.646484375 0.0869140625 0.0888671875
1 0.861328125 0.31640625 0.0361328125 0.046875
1 0.517578125 0.416015625 0.052734375 0.048828125
1 0.716796875 0.8564453125 0.0458984375 0.05859375
1 0.5576171875 0.5625 0.0791015625 0.0703125
1 0.64453125 0.3564453125 0.0400390625 0.0478515625
1 0.923828125 0.9482421875 0.0703125 0.0615234375
1 0.517578125 0.6796875 0.0478515625 0.0546875
1 0.349609375 0.595703125 0.0478515625 0.0458984375
1 0.5107421875 0.990234375 0.0390625 0.01953125
1 0.626953125 0.9814453125 0.0400390625 0.0361328125
1 0.4736328125 0.2548828125 0.087890625 0.099609375
1 0.515625 0.27734375 0.0390625 0.0517578125
1 0.9111328125 0.486328125 0.0439453125 0.0654296875
1 0.541015625 0.8857421875 0.060546875 0.02734375
1 0.5908203125 0.5380859375 0.052734375 0.0498046875
1 0.6201171875 0.4951171875 0.068359375 0.05078125
1 0.6455078125 0.5283203125 0.0556640625 0.0556640625
