1 0.1279296875 0.03515625 0.0771484375 0.0703125
1 0.3681640625 0.01953125 0.10546875 0.0400390625
1 0.5830078125 0.048828125 0.09765625 0.09765625
1 0.8818359375 0.009765625 0.0888671875 0.0205078125
1 0.7119140625 0.0419921875 0.06640625 0.076171875
1 0.8876953125 0.2509765625 0.0732421875 0.0771484375
1 0.8017578125 0.224609375 0.0673828125 0.072265625
1 0.7265625 0.1845703125 0.076171875 0.0751953125
1 0.5712890625 0.1845703125 0.0751953125 0.0986328125
1 0.5205078125 0.3505859375 0.119140625 0.09375
1 0.7275390625 0.306640625 0.10546875 0.0849609375
1 0.8134765625 0.375 0.0791015625 0.0751953125
1 0.8408203125 0.49609375 0.0546875 0.0751953125
1 0.61328125 0.572265625 0.099609375 0.0771484375
1 0.4267578125 0.5673828125 0.0751953125 0.1015625
1 0.2587890625 0.576171875 0.1162109375 0.134765625
1 0.2958984375 0.7412109375 0.091796875 0.10546875
1 0.25390625 0.861328125 0.0791015625 0.087890625
1 0.1181640625 0.8896484375 0.14453125 0.083984375
1 0.1669921875 0.9501953125 0.107421875 0.0751953125
1 0.048828125 0.2861328125 0.09765625 0.130859375
1 0.3310546875 0.26171875 0.125 0.0673828125
1 0.267578125 0.3916015625 0.08203125 0.087890625
1 0.28515625 0.212890625 0.109375 0.068359375
1 0.3115234375 0.115234375 0.1103515625 0.0556640625
1 0.9775390625 0.318359375 0.044921875 0.1162109375
1 0.974609375 0.7490234375 0.05078125 0.0849609375
1 0.974609375 0.65234375 0.05078125 0.0712890625
1 0.8359375 0.7470703125 0.072265625 0.0732421875
1 0.7548828125 0.7568359375 0.0732421875 0.099609375
1 0.8427734375 0.8720703125 0.09765625 0.0888671875
1 0.818359375 0.953125 0.1201171875 0.0771484375
1 0.4892578125 0.5361328125 0.0576171875 0.0869140625
1 0.0263671875 0.45703125 0.052734375 0.064453125
1 0.0263671875 0.634765625 0.052734375 0.1083984375
1 0.6650390625 0.4794921875 0.0751953125 0.0595703125
1 0.041015625 0.94921875 0.08203125 0.083984375
