1 0.537109375 0.80859375 0.0888671875 0.13671875
1 0.7001953125 0.857421875 0.0830078125 0.111328125
1 0.2958984375 0.8876953125 0.080078125 0.080078125
1 0.5986328125 0.974609375 0.138671875 0.05078125
1 0.4345703125 0.0419921875 0.0673828125 0.060546875
1 0.5185546875 0.130859375 0.064453125 0.0478515625
1 0.5576171875 0.9140625 0.0595703125 0.060546875
1 0.3310546875 0.6640625 0.1005859375 0.0712890625
1 0.0283203125 0.51171875 0.0556640625 0.0693359375
1 0.234375 0.173828125 0.123046875 0.1435546875
1 0.1494140625 0.1875 0.0673828125 0.0966796875
1 0.333984375 0.71875 0.1083984375 0.064453125
1 0.951171875 0.8408203125 0.091796875 0.1005859375
1 0.0263671875 0.998046875 0.0537109375 0.00390625
1 0.4599609375 0.716796875 0.0849609375 0.0791015625
1 0.17578125 0.4970703125 0.0771484375 0.1181640625
1 0.8212890625 0.8662109375 0.087890625 0.0654296875
1 0.4375 0.9365234375 0.06640625 0.11328125
1 0.365234375 0.9052734375 0.0537109375 0.0830078125
1 0.3349609375 0.9541015625 0.09765625 0.0908203125
1 0.359375 0.2080078125 0.10546875 0.1064453125
1 0.3408203125 0.265625 0.1181640625 0.056640625
1 0.359375 0.126953125 0.1123046875 0.095703125
1 0.232421875 0.10546875 0.091796875 0.0859375
