1 0.423828125 0.515625 0.0673828125 0.0859375
1 0.693359375 0.7138671875 0.0615234375 0.103515625
1 0.79296875 0.591796875 0.0625 0.095703125
1 0.8408203125 0.2138671875 0.095703125 0.068359375
1 0.6103515625 0.8349609375 0.0537109375 0.091796875
1 0.904296875 0.8603515625 0.107421875 0.06640625
1 0.046875 0.25 0.09375 0.1826171875
1 0.8583984375 0.966796875 0.0810546875 0.0654296875
1 0.23046875 0.8515625 0.0947265625 0.0703125
1 0.029296875 0.841796875 0.0595703125 0.1513671875
1 0.20703125 0.3134765625 0.0625 0.06640625
1 0.267578125 0.0341796875 0.1533203125 0.0693359375
1 0.4560546875 0.9677734375 0.0703125 0.0634765625
1 0.501953125 0.6796875 0.0595703125 0.078125
1 0.0908203125 0.765625 0.1123046875 0.126953125
1 0.06640625 0.5693359375 0.1337890625 0.0634765625
1 0.0908203125 0.4443359375 0.0927734375 0.07421875
1 0.8720703125 0.5869140625 0.0537109375 0.056640625
1 0.94921875 0.2978515625 0.1005859375 0.060546875
1 0.9208984375 0.1904296875 0.060546875 0.14453125
1 0.6669921875 0.5517578125 0.0537109375 0.1162109375
1 0.9072265625 0.53515625 0.078125 0.0595703125
1 0.80078125 0.1025390625 0.0791015625 0.1083984375
1 0.5869140625 0.7421875 0.060546875 0.115234375
1 0.5126953125 0.259765625 0.0654296875 0.06640625
1 0.3310546875 0.607421875 0.091796875 0.03125
1 0.533203125 0.7529296875 0.0859375 0.0595703125
1 0.103515625 0.6982421875 0.076171875 0.0478515625
1 0.2705078125 0.8837890625 0.05859375 0.0556640625
1 0.267578125 0.455078125 0.07421875 0.0498046875
1 0.650390625 0.2802734375 0.060546875 0.0751953125
1 0.525390625 0.02734375 0.052734375 0.0556640625
1 0.78515625 0.2802734375 0.091796875 0.044921875
1 0.392578125 0.314453125 0.076171875 0.0439453125
1 0.927734375 0.35546875 0.064453125 0.0625
1 0.1923828125 0.76171875 0.0927734375 0.03515625
1 0.4970703125 0.6328125 0.0595703125 0.046875
1 0.7958984375 0.3583984375 0.076171875 0.046875
1 0.5869140625 0.982421875 0.0341796875 0.0302734375
1 0.18359375 0.1259765625 0.0693359375 0.201171875
1 0.07421875 0.9404296875 0.0859375 0.0390625
1 0.69921875 0.630859375 0.095703125 0.0595703125
1 0.01171875 0.775390625 0.0234375 0.029296875
1 0.712890625 0.0537109375 0.0498046875 0.0615234375
1 0.3798828125 0.5771484375 0.09375 0.0498046875
1 0.228515625 0.9853515625 0.0322265625 0.0283203125
1 0.486328125 0.5205078125 0.0791015625 0.0576171875
1 0.20703125 0.98046875 0.041015625 0.0390625
1 0.0712890625 0.6162109375 0.1435546875 0.048828125
1 0.9736328125 0.2109375 0.0498046875 0.0458984375
1 0.275390625 0.7568359375 0.0615234375 0.041015625
1 0.3544921875 0.62890625 0.095703125 0.03515625
1 0.7333984375 0.5068359375 0.0673828125 0.0537109375
1 0.2939453125 0.048828125 0.03515625 0.05859375
1 0.052734375 0.6533203125 0.1044921875 0.060546875
1 0.3876953125 0.7705078125 0.05078125 0.0224609375
1 0.1630859375 0.7333984375 0.0625 0.0478515625
1 0.396484375 0.748046875 0.0546875 0.0400390625
1 0.8388671875 0.171875 0.0634765625 0.0537109375
1 0.87109375 0.1259765625 0.0478515625 0.05859375
1 0.6552734375 0.0576171875 0.05078125 0.05859375
1 0.54296875 0.8505859375 0.154296875 0.1845703125
1 0.2470703125 0.9404296875 0.09765625 0.0478515625
1 0.2021484375 0.9189453125 0.0576171875 0.0771484375
1 0.123046875 0.9541015625 0.1240234375 0.06640625
1 0.9111328125 0.900390625 0.0703125 0.0390625
1 0.4033203125 0.978515625 0.0703125 0.0380859375
1 0.173828125 0.056640625 0.08984375 0.107421875
1 0.87890625 0.7802734375 0.052734375 0.0498046875
1 0.0234375 0.94140625 0.041015625 0.0419921875
