1 0.50390625 0.6796875 0.0947265625 0.0517578125
1 0.9501953125 0.60546875 0.08203125 0.076171875
1 0.4912109375 0.4560546875 0.1015625 0.140625
1 0.2431640625 0.08984375 0.072265625 0.0908203125
1 0.8193359375 0.4326171875 0.0478515625 0.1123046875
1 0.5625 0.9658203125 0.1103515625 0.068359375
1 0.013671875 0.7890625 0.02734375 0.1259765625
1 0.96484375 0.0556640625 0.0302734375 0.0927734375
1 0.505859375 0.3310546875 0.080078125 0.0595703125
1 0.3427734375 0.4013671875 0.1025390625 0.0810546875
1 0.8759765625 0.8203125 0.0478515625 0.0771484375
1 0.0234375 0.9296875 0.0478515625 0.08984375
1 0.8740234375 0.068359375 0.04296875 0.1279296875
1 0.1650390625 0.44921875 0.09375 0.0654296875
1 0.7763671875 0.6416015625 0.0791015625 0.078125
1 0.98046875 0.2236328125 0.0380859375 0.1005859375
1 0.494140625 0.7998046875 0.06640625 0.0810546875
1 0.6416015625 0.76171875 0.0625 0.0625
1 0.9443359375 0.478515625 0.0546875 0.078125
1 0.0849609375 0.49609375 0.0810546875 0.08984375
1 0.4638671875 0.0966796875 0.10546875 0.0732421875
1 0.8583984375 0.287109375 0.0673828125 0.1201171875
1 0.615234375 0.0205078125 0.080078125 0.041015625
1 0.033203125 0.62109375 0.06640625 0.1015625
1 0.517578125 0.1923828125 0.0400390625 0.1220703125
1 0.5703125 0.87890625 0.09375 0.0390625
1 0.671875 0.4501953125 0.0546875 0.125
1 0.076171875 0.38671875 0.0751953125 0.048828125
1 0.591796875 0.3388671875 0.0888671875 0.068359375
1 0.9765625 0.9384765625 0.046875 0.0595703125
1 0.87109375 0.40234375 0.041015625 0.0810546875
1 0.2744140625 0.28515625 0.08984375 0.0634765625
1 0.5947265625 0.6328125 0.0947265625 0.0361328125
1 0.13671875 0.86328125 0.0849609375 0.056640625
1 0.1640625 0.7568359375 0.0810546875 0.04296875
1 0.26171875 0.3544921875 0.083984375 0.1435546875
1 0.4775390625 0.5283203125 0.0869140625 0.044921875
1 0.6484375 0.3486328125 0.0302734375 0.076171875
1 0.4951171875 0.369140625 0.0546875 0.0830078125
1 0.724609375 0.126953125 0.072265625 0.0859375
1 0.3193359375 0.794921875 0.04296875 0.072265625
1 0.71875 0.47265625 0.0703125 0.0498046875
1 0.14453125 0.0595703125 0.0322265625 0.080078125
1 0.38671875 0.7109375 0.033203125 0.0830078125
1 0.6875 0.3505859375 0.0361328125 0.1650390625
1 0.8564453125 0.984375 0.0537109375 0.02734375
1 0.296875 0.3291015625 0.0546875 0.0849609375
1 0.6259765625 0.298828125 0.0478515625 0.0849609375
1 0.3515625 0.8037109375 0.0419921875 0.052734375
1 0.9755859375 0.486328125 0.048828125 0.05859375
1 0.7177734375 0.3369140625 0.0595703125 0.109375
1 0.7265625 0.6455078125 0.046875 0.060546875
1 0.3201171875 0.68935546875 0.07246093749999999 0.15009765625000004
1 0.025390625 0.33203125 0.0517578125 0.0341796875
1 0.4228515625 0.9189453125 0.044921875 0.0546875
1 0.28515625 0.03515625 0.037109375 0.0341796875
1 0.255859375 0.0146484375 0.0361328125 0.0302734375
1 0.3232421875 0.9873046875 0.052734375 0.025390625
1 0.2568359375 0.5556640625 0.0478515625 0.064453125
1 0.685546875 0.5166015625 0.09375 0.0791015625
1 0.6728515625 0.8291015625 0.041015625 0.0322265625
1 0.6298828125 0.810546875 0.0546875 0.05859375
