1 0.53125 0.4892578125 0.072265625 0.0986328125
1 0.396484375 0.2041015625 0.05859375 0.0830078125
1 0.1611328125 0.037109375 0.0654296875 0.0732421875
1 0.552734375 0.3623046875 0.0947265625 0.0576171875
1 0.2529296875 0.2470703125 0.078125 0.0712890625
1 0.384765625 0.5009765625 0.07421875 0.08203125
1 0.146484375 0.1455078125 0.1064453125 0.103515625
1 0.04296875 0.359375 0.0859375 0.080078125
1 0.8818359375 0.59765625 0.0478515625 0.0849609375
1 0.572265625 0.634765625 0.046875 0.0849609375
1 0.0927734375 0.716796875 0.0947265625 0.0517578125
1 0.7451171875 0.033203125 0.044921875 0.06640625
1 0.97265625 0.03515625 0.0537109375 0.0703125
1 0.8291015625 0.3583984375 0.0712890625 0.0498046875
1 0.126953125 0.2314453125 0.083984375 0.1103515625
1 0.7021484375 0.234375 0.056640625 0.095703125
1 0.703125 0.5244140625 0.05859375 0.0908203125
1 0.712890625 0.3720703125 0.0419921875 0.078125
1 0.2509765625 0.955078125 0.0927734375 0.041015625
1 0.326171875 0.865234375 0.064453125 0.1240234375
1 0.037109375 0.229296875 0.07509765625 0.076171875
1 0.2138671875 0.623046875 0.0859375 0.0546875
1 0.8642578125 0.134765625 0.0693359375 0.041015625
1 0.4345703125 0.7001953125 0.046875 0.0634765625
1 0.4794921875 0.69921875 0.0654296875 0.0556640625
1 0.802734375 0.48828125 0.0703125 0.1357421875
1 0.091796875 0.5478515625 0.1123046875 0.0654296875
1 0.54296875 0.1865234375 0.0712890625 0.1044921875
1 0.0283203125 0.5419921875 0.056640625 0.05859375
1 0.501953125 0.4013671875 0.0771484375 0.0361328125
1 0.978515625 0.9755859375 0.0419921875 0.0380859375
1 0.2548828125 0.556640625 0.0615234375 0.044921875
1 0.3603515625 0.904296875 0.0390625 0.0615234375
1 0.8154296875 0.654296875 0.05859375 0.072265625
1 0.162109375 0.92578125 0.064453125 0.0576171875
1 0.78125 0.6689453125 0.0654296875 0.056640625
1 0.5478515625 0.154296875 0.0732421875 0.0947265625
1 0.4833984375 0.865234375 0.087890625 0.0634765625
1 0.6728515625 0.1572265625 0.05078125 0.080078125
1 0.095703125 0.8994140625 0.0908203125 0.0498046875
1 0.232421875 0.13671875 0.078125 0.1318359375
1 0.689453125 0.5224609375 0.0537109375 0.0869140625
1 0.6669921875 0.0185546875 0.078125 0.0380859375
1 0.814453125 0.6328125 0.0576171875 0.04296875
1 0.2578125 0.404296875 0.0458984375 0.0673828125
1 0.1572265625 0.9833984375 0.078125 0.033203125
1 0.439453125 0.3701171875 0.052734375 0.04296875
1 0.462890625 0.599609375 0.1142578125 0.0810546875
1 0.6328125 0.9873046875 0.037109375 0.025390625
1 0.2255859375 0.6572265625 0.0546875 0.0654296875
1 0.7275390625 0.6796875 0.048828125 0.037109375
1 0.57421875 0.9208984375 0.0439453125 0.06640625
1 0.1630859375 0.576171875 0.060546875 0.0419921875
1 0.9873046875 0.50390625 0.0244140625 0.0634765625
1 0.3896484375 0.7119140625 0.0634765625 0.0537109375
1 0.73046875 0.7421875 0.0654296875 0.0380859375
