1 0.2119140625 0.5029296875 0.109375 0.1220703125
1 0.830078125 0.646484375 0.0927734375 0.0947265625
1 0.78515625 0.30078125 0.1025390625 0.08203125
1 0.109375 0.7490234375 0.109375 0.1044921875
1 0.291015625 0.6171875 0.087890625 0.08984375
1 0.1611328125 0.349609375 0.09765625 0.125
1 0.841796875 0.1943359375 0.1201171875 0.1298828125
1 0.646484375 0.4453125 0.1396484375 0.1416015625
1 0.8974609375 0.7509765625 0.103515625 0.09765625
1 0.56640625 0.580078125 0.0693359375 0.0771484375
1 0.1640625 0.943359375 0.0791015625 0.078125
1 0.8310546875 0.0771484375 0.09765625 0.10546875
1 0.033203125 0.4384765625 0.0673828125 0.1875
1 0.802734375 0.5546875 0.1318359375 0.140625
1 0.583984375 0.0634765625 0.0556640625 0.107421875
1 0.29296875 0.40234375 0.1123046875 0.125
1 0.6904296875 0.767578125 0.1279296875 0.0927734375
1 0.0654296875 0.1943359375 0.0830078125 0.0947265625
1 0.693359375 0.3203125 0.0625 0.0673828125
1 0.568359375 0.298828125 0.09765625 0.2099609375
1 0.6376953125 0.583984375 0.0771484375 0.1005859375
1 0.1044921875 0.0576171875 0.109375 0.1162109375
1 0.216796875 0.0361328125 0.10546875 0.0732421875
1 0.697265625 0.1083984375 0.10546875 0.107421875
1 0.669921875 0.0419921875 0.0693359375 0.0849609375
1 0.7451171875 0.7880859375 0.1025390625 0.0732421875
1 0.0966796875 0.9736328125 0.0654296875 0.052734375
1 0.2890625 0.5263671875 0.1103515625 0.0849609375
1 0.2177734375 0.2177734375 0.1083984375 0.1318359375
1 0.859375 0.029296875 0.1298828125 0.05859375
1 0.5458984375 0.443359375 0.08203125 0.08203125
1 0.611328125 0.3212890625 0.0849609375 0.1552734375
1 0.779296875 0.44921875 0.1298828125 0.1298828125
