1 0.0888671875 0.2333984375 0.1025390625 0.08984375
1 0.15234375 0.3994140625 0.078125 0.0595703125
1 0.2138671875 0.2841796875 0.056640625 0.0478515625
1 0.0595703125 0.4462890625 0.0966796875 0.0576171875
1 0.669921875 0.2890625 0.09765625 0.064453125
1 0.537109375 0.244140625 0.0908203125 0.0654296875
1 0.787109375 0.140625 0.1044921875 0.064453125
1 0.9541015625 0.2421875 0.0908203125 0.046875
1 0.7939453125 0.4228515625 0.052734375 0.0556640625
1 0.7509765625 0.4736328125 0.0673828125 0.05859375
1 0.53125 0.4033203125 0.10546875 0.08984375
1 0.4775390625 0.548828125 0.0712890625 0.0927734375
1 0.982421875 0.455078125 0.03515625 0.080078125
1 0.9619140625 0.73828125 0.0751953125 0.0791015625
1 0.8427734375 0.9462890625 0.0869140625 0.1025390625
1 0.9033203125 0.9853515625 0.0966796875 0.029296875
1 0.6494140625 0.8310546875 0.130859375 0.080078125
1 0.466796875 0.82421875 0.06640625 0.0673828125
1 0.4990234375 0.728515625 0.115234375 0.07421875
1 0.21484375 0.630859375 0.083984375 0.0830078125
1 0.033203125 0.68359375 0.06640625 0.0693359375
1 0.123046875 0.9111328125 0.091796875 0.0986328125
1 0.1005859375 0.9716796875 0.091796875 0.0556640625
1 0.4482421875 0.9599609375 0.1181640625 0.0791015625
1 0.6591796875 0.6328125 0.072265625 0.0546875
1 0.3994140625 0.419921875 0.0751953125 0.072265625
