1 0.9296875 0.244140625 0.0654296875 0.0732421875
1 0.9716796875 0.27734375 0.0556640625 0.05078125
1 0.8984375 0.318359375 0.0673828125 0.0556640625
1 0.8271484375 0.216796875 0.1103515625 0.0693359375
1 0.779296875 0.03515625 0.0595703125 0.0712890625
1 0.833984375 0.0322265625 0.046875 0.048828125
1 0.8564453125 0.0810546875 0.0810546875 0.046875
1 0.6474609375 0.1748046875 0.103515625 0.0888671875
1 0.638671875 0.2529296875 0.0830078125 0.0625
1 0.54296875 0.3486328125 0.072265625 0.0693359375
1 0.650390625 0.5361328125 0.0703125 0.0693359375
1 0.525390625 0.533203125 0.109375 0.134765625
1 0.341796875 0.5234375 0.0712890625 0.0556640625
1 0.4248046875 0.556640625 0.0634765625 0.0478515625
1 0.32421875 0.6005859375 0.06640625 0.05078125
1 0.455078125 0.6396484375 0.1044921875 0.0712890625
1 0.408203125 0.7099609375 0.0712890625 0.080078125
1 0.2880859375 0.6708984375 0.0732421875 0.06640625
1 0.501953125 0.716796875 0.0625 0.0546875
1 0.529296875 0.7880859375 0.06640625 0.05859375
1 0.5869140625 0.70703125 0.0673828125 0.1044921875
1 0.65625 0.73828125 0.14453125 0.083984375
1 0.07421875 0.5849609375 0.0908203125 0.0712890625
1 0.0546875 0.634765625 0.08203125 0.0595703125
1 0.0361328125 0.716796875 0.072265625 0.0478515625
1 0.052734375 0.7646484375 0.10546875 0.0478515625
1 0.275390625 0.9345703125 0.099609375 0.11328125
1 0.3828125 0.978515625 0.06640625 0.04296875
1 0.1796875 0.9248046875 0.12109375 0.103515625
1 0.1337890625 0.9765625 0.0869140625 0.046875
1 0.873046875 0.9189453125 0.0849609375 0.0576171875
1 0.9228515625 0.861328125 0.0712890625 0.0732421875
1 0.9140625 0.7001953125 0.052734375 0.072265625
1 0.091796875 0.0498046875 0.150390625 0.1005859375
1 0.10546875 0.142578125 0.0888671875 0.0830078125
1 0.03515625 0.1318359375 0.0517578125 0.0966796875
1 0.0322265625 0.185546875 0.0654296875 0.078125
1 0.1943359375 0.2421875 0.091796875 0.068359375
1 0.3125 0.3125 0.0966796875 0.0576171875
1 0.3271484375 0.2607421875 0.0888671875 0.0537109375
1 0.3837890625 0.21875 0.068359375 0.05078125
1 0.5009765625 0.2470703125 0.0546875 0.05078125
1 0.458984375 0.1982421875 0.052734375 0.0771484375
1 0.4716796875 0.1572265625 0.0498046875 0.0625
1 0.53125 0.109375 0.0498046875 0.0908203125
1 0.568359375 0.173828125 0.0595703125 0.091796875
1 0.3818359375 0.072265625 0.05859375 0.05859375
1 0.3671875 0.119140625 0.0625 0.0576171875
1 0.2998046875 0.1748046875 0.0966796875 0.123046875
1 0.9638671875 0.41796875 0.072265625 0.0654296875
1 0.376953125 0.8759765625 0.052734375 0.072265625
1 0.3759765625 0.615234375 0.064453125 0.10546875
1 0.40625 0.1708984375 0.0634765625 0.0830078125
1 0.3056640625 0.177734375 0.1025390625 0.1279296875
1 0.048828125 0.0693359375 0.0625 0.0703125
1 0.9287109375 0.3798828125 0.05078125 0.0380859375
