1 0.505859375 0.16796875 0.10546875 0.05859375
1 0.548828125 0.087890625 0.0703125 0.0908203125
1 0.611328125 0.0341796875 0.08984375 0.048828125
1 0.8359375 0.2099609375 0.072265625 0.091796875
1 0.7373046875 0.15234375 0.072265625 0.0751953125
1 0.62890625 0.1708984375 0.068359375 0.0595703125
1 0.7265625 0.2646484375 0.1123046875 0.076171875
1 0.958984375 0.1142578125 0.0673828125 0.0556640625
1 0.9580078125 0.0263671875 0.0810546875 0.0537109375
1 0.4111328125 0.0927734375 0.06640625 0.046875
1 0.3818359375 0.15625 0.0712890625 0.056640625
1 0.224609375 0.1171875 0.0810546875 0.05859375
1 0.05859375 0.193359375 0.0654296875 0.0517578125
1 0.1279296875 0.2001953125 0.0537109375 0.0673828125
1 0.1943359375 0.1884765625 0.0625 0.0625
1 0.25 0.21875 0.046875 0.04296875
1 0.2919921875 0.2939453125 0.0732421875 0.068359375
1 0.4052734375 0.3681640625 0.0546875 0.0791015625
1 0.5537109375 0.3798828125 0.087890625 0.087890625
1 0.6435546875 0.376953125 0.0927734375 0.0693359375
1 0.8740234375 0.333984375 0.091796875 0.060546875
1 0.8662109375 0.4150390625 0.0830078125 0.0498046875
1 0.7744140625 0.564453125 0.0849609375 0.0576171875
1 0.654296875 0.630859375 0.0458984375 0.05078125
1 0.015625 0.26953125 0.0322265625 0.072265625
1 0.0888671875 0.2919921875 0.064453125 0.0478515625
1 0.126953125 0.375 0.06640625 0.06640625
1 0.1142578125 0.455078125 0.0673828125 0.068359375
1 0.2001953125 0.4248046875 0.05859375 0.064453125
1 0.298828125 0.396484375 0.103515625 0.0576171875
1 0.326171875 0.47265625 0.0634765625 0.0576171875
1 0.091796875 0.9423828125 0.0673828125 0.0576171875
1 0.2255859375 0.953125 0.0869140625 0.0625
1 0.232421875 0.884765625 0.05078125 0.0380859375
1 0.208984375 0.7939453125 0.0673828125 0.0517578125
1 0.2578125 0.833984375 0.0732421875 0.0478515625
1 0.376953125 0.7451171875 0.0673828125 0.068359375
1 0.3583984375 0.6748046875 0.076171875 0.060546875
1 0.396484375 0.9248046875 0.0751953125 0.048828125
1 0.685546875 0.947265625 0.06640625 0.0576171875
1 0.7451171875 0.9814453125 0.0693359375 0.037109375
1 0.5234375 0.767578125 0.0986328125 0.060546875
1 0.5185546875 0.6865234375 0.05859375 0.0537109375
1 0.599609375 0.703125 0.0751953125 0.0654296875
1 0.7509765625 0.7177734375 0.09375 0.06640625
1 0.7626953125 0.6494140625 0.0810546875 0.044921875
1 0.814453125 0.8037109375 0.080078125 0.0595703125
1 0.9296875 0.8388671875 0.1015625 0.052734375
1 0.9609375 0.896484375 0.078125 0.046875
1 0.111328125 0.6220703125 0.083984375 0.0654296875
1 0.9794921875 0.771484375 0.041015625 0.046875
1 0.021484375 0.88671875 0.04296875 0.0615234375
1 0.212890625 0.4677734375 0.0615234375 0.044921875
1 0.419921875 0.421875 0.064453125 0.0498046875
1 0.3330078125 0.09375 0.048828125 0.044921875
