1 0.015625 0.9638671875 0.03125 0.0625
1 0.216796875 0.962890625 0.09765625 0.0732421875
1 0.2734375 0.9873046875 0.0966796875 0.025390625
1 0.548828125 0.984375 0.0673828125 0.03125
1 0.4716796875 0.8740234375 0.0712890625 0.078125
1 0.1943359375 0.826171875 0.0693359375 0.115234375
1 0.8193359375 0.744140625 0.087890625 0.16015625
1 0.92578125 0.7138671875 0.1474609375 0.076171875
1 0.931640625 0.634765625 0.1201171875 0.109375
1 0.974609375 0.478515625 0.05078125 0.1376953125
1 0.8173828125 0.498046875 0.15625 0.1005859375
1 0.6982421875 0.525390625 0.0771484375 0.0703125
1 0.8642578125 0.3447265625 0.087890625 0.0869140625
1 0.783203125 0.259765625 0.0791015625 0.08984375
1 0.9423828125 0.2216796875 0.1005859375 0.0849609375
1 0.6064453125 0.3115234375 0.0791015625 0.0810546875
1 0.455078125 0.3583984375 0.080078125 0.109375
1 0.4970703125 0.224609375 0.064453125 0.1044921875
1 0.4140625 0.234375 0.0986328125 0.1328125
1 0.3447265625 0.236328125 0.08203125 0.1171875
1 0.2421875 0.16796875 0.18359375 0.1416015625
1 0.181640625 0.283203125 0.083984375 0.080078125
1 0.1796875 0.033203125 0.08984375 0.05859375
1 0.416015625 0.06640625 0.08984375 0.0693359375
1 0.56640625 0.1025390625 0.076171875 0.1943359375
1 0.7138671875 0.076171875 0.0771484375 0.130859375
1 0.9404296875 0.06640625 0.10546875 0.0947265625
1 0.1533203125 0.5322265625 0.0830078125 0.0966796875
1 0.2431640625 0.564453125 0.078125 0.068359375
1 0.06640625 0.197265625 0.0634765625 0.083984375
1 0.333984375 0.8427734375 0.044921875 0.0537109375
1 0.5068359375 0.9228515625 0.0546875 0.064453125
1 0.142578125 0.0390625 0.0908203125 0.07421875
1 0.669921875 0.0576171875 0.0498046875 0.1162109375
