1 0.3525390625 0.19921875 0.0947265625 0.1181640625
1 0.38671875 0.3251953125 0.103515625 0.0751953125
1 0.1171875 0.154296875 0.0625 0.0693359375
1 0.1494140625 0.2177734375 0.05078125 0.0458984375
1 0.201171875 0.5341796875 0.080078125 0.064453125
1 0.216796875 0.673828125 0.0947265625 0.109375
1 0.119140625 0.708984375 0.0732421875 0.0771484375
1 0.0634765625 0.0302734375 0.0859375 0.060546875
1 0.2783203125 0.072265625 0.0703125 0.1396484375
1 0.4130859375 0.0283203125 0.0791015625 0.0576171875
1 0.6669921875 0.09765625 0.0732421875 0.0791015625
1 0.72265625 0.0263671875 0.06640625 0.0537109375
1 0.751953125 0.068359375 0.11328125 0.0966796875
1 0.9580078125 0.2412109375 0.0771484375 0.0927734375
1 0.8134765625 0.265625 0.0732421875 0.109375
1 0.630859375 0.21484375 0.07421875 0.07421875
1 0.5361328125 0.22265625 0.0732421875 0.07421875
1 0.5634765625 0.3017578125 0.0830078125 0.06640625
1 0.6474609375 0.404296875 0.0771484375 0.125
1 0.541015625 0.44921875 0.0849609375 0.095703125
1 0.55078125 0.5244140625 0.0791015625 0.103515625
1 0.626953125 0.505859375 0.0576171875 0.072265625
1 0.73046875 0.603515625 0.0625 0.0771484375
1 0.765625 0.64453125 0.0576171875 0.06640625
1 0.9501953125 0.6298828125 0.0771484375 0.068359375
1 0.904296875 0.529296875 0.0654296875 0.0869140625
1 0.96875 0.404296875 0.0625 0.0595703125
1 0.9013671875 0.7568359375 0.07421875 0.0751953125
1 0.8388671875 0.78515625 0.064453125 0.0634765625
1 0.6943359375 0.79296875 0.078125 0.0625
1 0.6181640625 0.6767578125 0.056640625 0.0625
1 0.2236328125 0.896484375 0.107421875 0.0712890625
1 0.2705078125 0.9716796875 0.080078125 0.0537109375
1 0.3857421875 0.9736328125 0.080078125 0.0517578125
1 0.611328125 0.8798828125 0.08203125 0.072265625
1 0.9599609375 0.9248046875 0.0732421875 0.07421875
1 0.80859375 0.9169921875 0.07421875 0.068359375
1 0.177734375 0.328125 0.04296875 0.0439453125
1 0.48046875 0.158203125 0.0546875 0.072265625
1 0.3671875 0.9716796875 0.0732421875 0.056640625
1 0.0673828125 0.90234375 0.0380859375 0.0537109375
1 0.2294921875 0.7763671875 0.0634765625 0.0517578125
1 0.5966796875 0.8515625 0.078125 0.05078125
1 0.9541015625 0.7509765625 0.0361328125 0.0546875
1 0.5966796875 0.56640625 0.0302734375 0.0546875
