1 0.015625 0.248046875 0.03125 0.0732421875
1 0.015625 0.333984375 0.0322265625 0.0654296875
1 0.123046875 0.4306640625 0.076171875 0.07421875
1 0.0771484375 0.291015625 0.064453125 0.080078125
1 0.2119140625 0.1650390625 0.0888671875 0.0625
1 0.1103515625 0.1650390625 0.12109375 0.0771484375
1 0.2783203125 0.1640625 0.0478515625 0.0615234375
1 0.0537109375 0.0791015625 0.0751953125 0.0908203125
1 0.0078125 0.70703125 0.0166015625 0.0859375
1 0.154296875 0.75 0.1171875 0.064453125
1 0.2197265625 0.6875 0.076171875 0.07421875
1 0.248046875 0.587890625 0.0595703125 0.1318359375
1 0.3759765625 0.51171875 0.142578125 0.125
1 0.5078125 0.4853515625 0.0859375 0.3193359375
1 0.5107421875 0.712890625 0.072265625 0.068359375
1 0.6337890625 0.638671875 0.0712890625 0.0849609375
1 0.7421875 0.6376953125 0.0625 0.072265625
1 0.7060546875 0.76171875 0.0947265625 0.0908203125
1 0.615234375 0.7119140625 0.07421875 0.0830078125
1 0.3828125 0.75390625 0.0908203125 0.0830078125
1 0.3427734375 0.8837890625 0.0947265625 0.0576171875
1 0.703125 0.8701171875 0.0703125 0.041015625
1 0.6669921875 0.9521484375 0.1005859375 0.0947265625
1 0.755859375 0.9423828125 0.0634765625 0.1025390625
1 0.37109375 0.9638671875 0.072265625 0.072265625
1 0.4521484375 0.9912109375 0.068359375 0.017578125
1 0.173828125 0.9873046875 0.119140625 0.025390625
1 0.0263671875 0.7568359375 0.05078125 0.0498046875
1 0.900390625 0.9462890625 0.06640625 0.0556640625
1 0.8095703125 0.8662109375 0.044921875 0.07421875
1 0.94921875 0.9228515625 0.1015625 0.1005859375
1 0.9853515625 0.9052734375 0.0283203125 0.0439453125
1 0.880859375 0.37109375 0.2373046875 0.0634765625
1 0.9677734375 0.2646484375 0.064453125 0.0888671875
1 0.7744140625 0.216796875 0.103515625 0.1025390625
1 0.380859375 0.224609375 0.1826171875 0.166015625
1 0.548828125 0.1787109375 0.08203125 0.07421875
1 0.64453125 0.0693359375 0.0751953125 0.0849609375
1 0.421875 0.087890625 0.0703125 0.09765625
1 0.4931640625 0.0966796875 0.1044921875 0.0556640625
1 0.9296875 0.13671875 0.0771484375 0.08203125
1 0.9404296875 0.0361328125 0.0791015625 0.0732421875
1 0.2158203125 0.2333984375 0.07421875 0.072265625
1 0.5107421875 0.578125 0.0703125 0.1572265625
1 0.0869140625 0.3564453125 0.0703125 0.0517578125
1 0.8642578125 0.9443359375 0.0615234375 0.0888671875
1 0.810546875 0.96484375 0.06640625 0.0693359375
