1 0.0244140625 0.4462890625 0.0498046875 0.0849609375
1 0.0703125 0.3857421875 0.09765625 0.083984375
1 0.1875 0.4365234375 0.099609375 0.173828125
1 0.0830078125 0.564453125 0.0654296875 0.10546875
1 0.1142578125 0.6298828125 0.0693359375 0.1005859375
1 0.1708984375 0.5703125 0.0712890625 0.0849609375
1 0.814453125 0.19140625 0.0888671875 0.07421875
1 0.8466796875 0.4228515625 0.0888671875 0.0625
1 0.890625 0.513671875 0.0693359375 0.0791015625
1 0.642578125 0.3720703125 0.1181640625 0.0869140625
1 0.673828125 0.6533203125 0.0947265625 0.115234375
1 0.6279296875 0.71875 0.1025390625 0.0625
1 0.548828125 0.6376953125 0.0859375 0.1357421875
1 0.7373046875 0.7744140625 0.0830078125 0.0615234375
1 0.7431640625 0.845703125 0.0615234375 0.0830078125
1 0.9052734375 0.86328125 0.1064453125 0.068359375
1 0.6259765625 0.9423828125 0.11328125 0.0615234375
1 0.6572265625 0.8603515625 0.1162109375 0.1171875
1 0.5458984375 0.873046875 0.1162109375 0.0830078125
1 0.4775390625 0.794921875 0.12890625 0.076171875
1 0.02734375 0.9599609375 0.0546875 0.072265625
1 0.126953125 0.9609375 0.076171875 0.078125
1 0.140625 0.8916015625 0.0791015625 0.056640625
1 0.2080078125 0.8583984375 0.0693359375 0.0634765625
1 0.0537109375 0.7783203125 0.056640625 0.0537109375
1 0.3876953125 0.501953125 0.080078125 0.0625
1 0.4296875 0.4736328125 0.0810546875 0.1259765625
1 0.451171875 0.3740234375 0.0830078125 0.0830078125
1 0.3994140625 0.3701171875 0.0537109375 0.0732421875
1 0.2958984375 0.24609375 0.0673828125 0.099609375
1 0.3662109375 0.201171875 0.0908203125 0.0595703125
1 0.4931640625 0.16015625 0.1171875 0.111328125
1 0.6201171875 0.044921875 0.1328125 0.08984375
