1 0.6884765625 0.0634765625 0.0712890625 0.072265625
1 0.3916015625 0.064453125 0.1181640625 0.0546875
1 0.330078125 0.109375 0.107421875 0.0732421875
1 0.31640625 0.9130859375 0.08203125 0.060546875
1 0.8818359375 0.42578125 0.11328125 0.0419921875
1 0.8037109375 0.7998046875 0.0947265625 0.0439453125
1 0.5185546875 0.171875 0.0869140625 0.0703125
1 0.4384765625 0.5439453125 0.080078125 0.0478515625
1 0.9052734375 0.2431640625 0.0986328125 0.05859375
1 0.59765625 0.5283203125 0.1044921875 0.060546875
1 0.4892578125 0.029296875 0.080078125 0.0546875
1 0.3359375 0.1884765625 0.109375 0.0517578125
1 0.755859375 0.0234375 0.080078125 0.04296875
1 0.8642578125 0.7060546875 0.091796875 0.056640625
1 0.9580078125 0.6787109375 0.080078125 0.0498046875
1 0.224609375 0.01953125 0.119140625 0.0390625
1 0.802734375 0.5732421875 0.126953125 0.06640625
1 0.18359375 0.052734375 0.142578125 0.0419921875
1 0.1875 0.279296875 0.13671875 0.05078125
1 0.154296875 0.5654296875 0.1318359375 0.060546875
1 0.3427734375 0.5107421875 0.0732421875 0.033203125
1 0.5322265625 0.9736328125 0.107421875 0.0439453125
1 0.982421875 0.3525390625 0.03515625 0.033203125
1 0.513671875 0.30859375 0.11328125 0.06640625
1 0.1337890625 0.380859375 0.11328125 0.037109375
1 0.92578125 0.5390625 0.083984375 0.0341796875
1 0.1376953125 0.2919921875 0.0791015625 0.0283203125
1 0.5419921875 0.8974609375 0.080078125 0.0341796875
1 0.419921875 0.2802734375 0.1015625 0.0458984375
1 0.658203125 0.2490234375 0.052734375 0.0302734375
1 0.3916015625 0.3603515625 0.1083984375 0.041015625
1 0.626953125 0.7685546875 0.0595703125 0.0478515625
1 0.81640625 0.689453125 0.041015625 0.0830078125
1 0.09765625 0.1201171875 0.1162109375 0.0380859375
1 0.78125 0.912109375 0.099609375 0.037109375
1 0.2099609375 0.6513671875 0.0830078125 0.03515625
1 0.40625 0.5947265625 0.0869140625 0.0263671875
1 0.3134765625 0.634765625 0.068359375 0.0390625
1 0.021484375 0.01953125 0.041015625 0.0380859375
1 0.0927734375 0.953125 0.07421875 0.0439453125
1 0.7978515625 0.0986328125 0.0458984375 0.0400390625
1 0.875 0.0546875 0.0791015625 0.03515625
1 0.5771484375 0.59765625 0.1220703125 0.0673828125
1 0.4697265625 0.6298828125 0.111328125 0.0576171875
1 0.119140625 0.7361328125 0.12705078125 0.04570312500000007
1 0.513671875 0.2138671875 0.07421875 0.033203125
1 0.892578125 0.0185546875 0.0478515625 0.037109375
1 0.3779296875 0.08984375 0.123046875 0.04296875
1 0.6513671875 0.62890625 0.12890625 0.0556640625
1 0.931640625 0.9267578125 0.0654296875 0.033203125
1 0.0400390625 0.0771484375 0.080078125 0.0380859375
1 0.775390625 0.9833984375 0.0830078125 0.033203125
1 0.1494140625 0.9921875 0.091796875 0.015625
1 0.505859375 0.6611328125 0.150390625 0.0361328125
1 0.1044921875 0.634765625 0.109375 0.02734375
1 0.9833984375 0.9755859375 0.0322265625 0.0166015625
1 0.3095703125 0.9736328125 0.1123046875 0.0458984375
1 0.642578125 0.9208984375 0.0634765625 0.033203125
1 0.3837890625 0.384765625 0.1005859375 0.0390625
1 0.29296875 0.671875 0.138671875 0.0498046875
1 0.185546875 0.509765625 0.08984375 0.03515625
1 0.9189453125 0.142578125 0.0849609375 0.0361328125
1 0.046875 0.6875 0.0908203125 0.0322265625
1 0.029296875 0.8115234375 0.0576171875 0.0205078125
1 0.322265625 0.158203125 0.08203125 0.0380859375
1 0.5888671875 0.9326171875 0.0439453125 0.021484375
1 0.1982421875 0.35546875 0.1337890625 0.037109375
1 0.0263671875 0.580078125 0.05078125 0.0439453125
1 0.712890625 0.6513671875 0.0703125 0.0546875
1 0.8603515625 0.98046875 0.0888671875 0.0390625
1 0.24609375 0.3486328125 0.08984375 0.0322265625
1 0.7705078125 0.9580078125 0.064453125 0.021484375
1 0.455078125 0.966796875 0.05859375 0.03515625
1 0.572265625 0.685546875 0.0791015625 0.0400390625
1 0.1123046875 0.5986328125 0.166015625 0.0810546875
1 0.9052734375 0.265625 0.046875 0.0673828125
1 0.5615234375 0.298828125 0.0751953125 0.0322265625
1 0.11328125 0.404296875 0.0517578125 0.01953125
1 0.8720703125 0.8916015625 0.10546875 0.04296875
1 0.4326171875 0.7646484375 0.1201171875 0.02734375
1 0.439453125 0.7763671875 0.078125 0.0283203125
1 0.7197265625 0.8193359375 0.083984375 0.0322265625
1 0.03125 0.673828125 0.0625 0.02734375
1 0.3857421875 0.970703125 0.126953125 0.046875
1 0.46484375 0.955078125 0.091796875 0.0439453125
1 0.490234375 0.9853515625 0.0888671875 0.029296875
1 0.435546875 0.0380859375 0.0654296875 0.060546875
1 0.12109375 0.240234375 0.1181640625 0.060546875
1 0.0712890625 0.2080078125 0.1259765625 0.05859375
1 0.51953125 0.71484375 0.1181640625 0.064453125
1 0.6025390625 0.728515625 0.091796875 0.037109375
1 0.626953125 0.2587890625 0.08203125 0.0546875
