1 0.16796875 0.0302734375 0.09765625 0.060546875
1 0.341796875 0.03515625 0.109375 0.0712890625
1 0.9462890625 0.044921875 0.1064453125 0.08984375
1 0.74609375 0.0810546875 0.099609375 0.087890625
1 0.796875 0.201171875 0.16015625 0.1103515625
1 0.8642578125 0.1923828125 0.0869140625 0.1025390625
1 0.9560546875 0.220703125 0.087890625 0.1748046875
1 0.7763671875 0.3134765625 0.126953125 0.09765625
1 0.9208984375 0.390625 0.103515625 0.15625
1 0.501953125 0.1083984375 0.095703125 0.0791015625
1 0.2900390625 0.1494140625 0.1181640625 0.060546875
1 0.1142578125 0.2421875 0.228515625 0.1298828125
1 0.341796875 0.408203125 0.169921875 0.1923828125
1 0.4755859375 0.353515625 0.1435546875 0.126953125
1 0.544921875 0.4716796875 0.123046875 0.1513671875
1 0.6943359375 0.826171875 0.1064453125 0.126953125
1 0.8486328125 0.923828125 0.1025390625 0.09765625
1 0.673828125 0.96875 0.0986328125 0.0625
1 0.083984375 0.1142578125 0.1689453125 0.09375
1 0.0283203125 0.3994140625 0.056640625 0.1103515625
1 0.0380859375 0.4873046875 0.0595703125 0.083984375
1 0.1015625 0.591796875 0.072265625 0.16015625
1 0.1337890625 0.3974609375 0.078125 0.08984375
1 0.2119140625 0.5556640625 0.1025390625 0.19140625
1 0.3134765625 0.9638671875 0.0966796875 0.0712890625
1 0.1669921875 0.97265625 0.0830078125 0.0537109375
1 0.0166015625 0.26953125 0.033203125 0.0947265625
1 0.2431640625 0.2099609375 0.1181640625 0.056640625
