1 0.029296875 0.0087890625 0.0595703125 0.0185546875
1 0.115234375 0.021484375 0.103515625 0.0439453125
1 0.2138671875 0.2158203125 0.0771484375 0.0712890625
1 0.2705078125 0.0458984375 0.1376953125 0.078125
1 0.369140625 0.138671875 0.0908203125 0.1396484375
1 0.37109375 0.2763671875 0.0830078125 0.0751953125
1 0.2265625 0.4345703125 0.1220703125 0.1865234375
1 0.3203125 0.361328125 0.046875 0.0634765625
1 0.412109375 0.376953125 0.068359375 0.060546875
1 0.53515625 0.419921875 0.076171875 0.0966796875
1 0.05078125 0.705078125 0.06640625 0.0771484375
1 0.232421875 0.662109375 0.06640625 0.08203125
1 0.25390625 0.7333984375 0.0693359375 0.0634765625
1 0.408203125 0.697265625 0.0712890625 0.0888671875
1 0.4716796875 0.5380859375 0.0654296875 0.08203125
1 0.578125 0.552734375 0.0537109375 0.0703125
1 0.0927734375 0.888671875 0.09375 0.15234375
1 0.1943359375 0.947265625 0.0498046875 0.0595703125
1 0.341796875 0.9580078125 0.0966796875 0.0830078125
1 0.5498046875 0.8583984375 0.083984375 0.0830078125
1 0.64453125 0.791015625 0.06640625 0.0849609375
1 0.646484375 0.92578125 0.142578125 0.0947265625
1 0.75 0.9208984375 0.06640625 0.0869140625
1 0.74609375 0.73828125 0.083984375 0.09765625
1 0.6904296875 0.5859375 0.0771484375 0.099609375
1 0.6064453125 0.6162109375 0.0576171875 0.078125
1 0.8203125 0.5927734375 0.068359375 0.0966796875
1 0.76953125 0.4638671875 0.06640625 0.1279296875
1 0.9775390625 0.7509765625 0.0439453125 0.1240234375
1 0.9931640625 0.3046875 0.013671875 0.07421875
1 0.9775390625 0.2080078125 0.0439453125 0.064453125
1 0.7822265625 0.232421875 0.044921875 0.0625
1 0.7216796875 0.1845703125 0.087890625 0.08984375
1 0.75390625 0.07421875 0.068359375 0.080078125
1 0.6748046875 0.013671875 0.080078125 0.02734375
1 0.7958984375 0.01953125 0.068359375 0.0390625
1 0.921875 0.0166015625 0.048828125 0.0341796875
