1 0.578125 0.0283203125 0.08203125 0.0576171875
1 0.80859375 0.0546875 0.1025390625 0.07421875
1 0.80078125 0.1708984375 0.1279296875 0.0859375
1 0.8603515625 0.2666015625 0.0439453125 0.0654296875
1 0.7958984375 0.3271484375 0.0693359375 0.076171875
1 0.5791015625 0.416015625 0.0927734375 0.0615234375
1 0.4833984375 0.3671875 0.0546875 0.0791015625
1 0.1455078125 0.322265625 0.1025390625 0.0625
1 0.05078125 0.232421875 0.1025390625 0.068359375
1 0.216796875 0.033203125 0.0859375 0.06640625
1 0.2783203125 0.5703125 0.0849609375 0.0986328125
1 0.5341796875 0.5478515625 0.09375 0.1142578125
1 0.775390625 0.705078125 0.091796875 0.0927734375
1 0.8408203125 0.6884765625 0.056640625 0.091796875
1 0.89453125 0.5830078125 0.0908203125 0.123046875
1 0.4541015625 0.7177734375 0.076171875 0.083984375
1 0.2177734375 0.916015625 0.0869140625 0.0732421875
1 0.126953125 0.8037109375 0.0859375 0.12109375
1 0.046875 0.8115234375 0.0947265625 0.0673828125
1 0.15234375 0.7021484375 0.072265625 0.078125
1 0.5341796875 0.818359375 0.0771484375 0.068359375
1 0.5146484375 0.9560546875 0.0849609375 0.0869140625
1 0.4580078125 0.978515625 0.08984375 0.04296875
1 0.3466796875 0.966796875 0.072265625 0.06640625
1 0.712890625 0.9716796875 0.0908203125 0.0556640625
1 0.66796875 0.9287109375 0.06640625 0.0703125
1 0.6826171875 0.8251953125 0.072265625 0.0634765625
1 0.71484375 0.87890625 0.0732421875 0.05078125
1 0.8427734375 0.9580078125 0.0693359375 0.083984375
1 0.9560546875 0.9375 0.08203125 0.1015625
1 0.9306640625 0.76171875 0.07421875 0.0869140625
1 0.5244140625 0.2177734375 0.095703125 0.111328125
1 0.037109375 0.9384765625 0.0751953125 0.123046875
1 0.802734375 0.4873046875 0.078125 0.0849609375
