1 0.90234375 0.21484375 0.12890625 0.048828125
1 0.7666015625 0.0380859375 0.0947265625 0.0771484375
1 0.2939453125 0.1787109375 0.0810546875 0.072265625
1 0.4921875 0.212890625 0.072265625 0.0869140625
1 0.861328125 0.48046875 0.0556640625 0.0771484375
1 0.6748046875 0.4609375 0.07421875 0.107421875
1 0.1962890625 0.9814453125 0.09765625 0.037109375
1 0.2314453125 0.0634765625 0.0908203125 0.0576171875
1 0.712890625 0.1591796875 0.05859375 0.1357421875
1 0.0703125 0.921875 0.0849609375 0.099609375
1 0.201171875 0.8837890625 0.1015625 0.142578125
1 0.0419921875 0.0419921875 0.083984375 0.083984375
1 0.015625 0.880859375 0.03125 0.1171875
1 0.01171875 0.44921875 0.0234375 0.0810546875
1 0.462890625 0.267578125 0.1123046875 0.05859375
1 0.732421875 0.349609375 0.072265625 0.0654296875
1 0.6806640625 0.2431640625 0.07421875 0.0908203125
1 0.4169921875 0.64453125 0.064453125 0.1181640625
1 0.576171875 0.5712890625 0.0859375 0.212890625
1 0.1298828125 0.82421875 0.064453125 0.0927734375
1 0.1083984375 0.6962890625 0.0751953125 0.1171875
