1 0.3125 0.4072265625 0.0771484375 0.0771484375
1 0.9794921875 0.658203125 0.0400390625 0.072265625
1 0.0673828125 0.0224609375 0.10546875 0.0458984375
1 0.423828125 0.9716796875 0.1220703125 0.0517578125
1 0.5625 0.1689453125 0.1083984375 0.087890625
1 0.537109375 0.8896484375 0.1015625 0.048828125
1 0.16015625 0.29296875 0.103515625 0.044921875
1 0.4951171875 0.2353515625 0.076171875 0.06640625
1 0.95703125 0.880859375 0.0849609375 0.05078125
1 0.564453125 0.3447265625 0.1171875 0.056640625
1 0.3515625 0.140625 0.1103515625 0.0546875
1 0.0537109375 0.0458984375 0.1044921875 0.0615234375
1 0.595703125 0.154296875 0.0791015625 0.0712890625
1 0.498046875 0.1669921875 0.072265625 0.0595703125
1 0.9775390625 0.306640625 0.0400390625 0.0810546875
1 0.2099609375 0.61328125 0.1123046875 0.0458984375
1 0.0625 0.1025390625 0.11328125 0.041015625
1 0.2255859375 0.529296875 0.08984375 0.0517578125
1 0.0751953125 0.5615234375 0.0751953125 0.0390625
1 0.9853515625 0.537109375 0.0283203125 0.0546875
1 0.833984375 0.3203125 0.09765625 0.0380859375
1 0.0498046875 0.1455078125 0.0927734375 0.0458984375
1 0.80859375 0.1591796875 0.029296875 0.1064453125
1 0.65625 0.166015625 0.091796875 0.0810546875
1 0.2060546875 0.47265625 0.0322265625 0.0673828125
1 0.91015625 0.4794921875 0.1025390625 0.04296875
1 0.6728515625 0.869140625 0.08984375 0.033203125
1 0.833984375 0.6953125 0.0673828125 0.033203125
1 0.6416015625 0.744140625 0.0673828125 0.048828125
1 0.6240234375 0.8193359375 0.1787109375 0.0615234375
1 0.396484375 0.8427734375 0.0966796875 0.0439453125
1 0.5244140625 0.7490234375 0.0498046875 0.0341796875
1 0.3662109375 0.1865234375 0.056640625 0.076171875
1 0.5810546875 0.4794921875 0.1103515625 0.029296875
1 0.607421875 0.5166015625 0.064453125 0.05078125
1 0.626953125 0.919921875 0.08984375 0.021484375
1 0.3515625 0.5009765625 0.0791015625 0.033203125
1 0.4296875 0.2421875 0.091796875 0.0302734375
1 0.7587890625 0.4951171875 0.0625 0.0537109375
1 0.04296875 0.458984375 0.0849609375 0.0556640625
1 0.2265625 0.990234375 0.0771484375 0.01953125
1 0.5302734375 0.0615234375 0.056640625 0.0625
1 0.5087890625 0.6298828125 0.08984375 0.041015625
1 0.6103515625 0.7548828125 0.0654296875 0.046875
1 0.865234375 0.216796875 0.1083984375 0.03515625
1 0.6650390625 0.4541015625 0.091796875 0.0263671875
1 0.8525390625 0.931640625 0.064453125 0.0361328125
1 0.75 0.634765625 0.072265625 0.0244140625
1 0.09375 0.2509765625 0.0556640625 0.033203125
1 0.6806640625 0.9892578125 0.0263671875 0.021484375
1 0.0205078125 0.4912109375 0.0419921875 0.025390625
1 0.5400390625 0.1220703125 0.0625 0.037109375
1 0.7568359375 0.5322265625 0.08984375 0.0244140625
1 0.4248046875 0.533203125 0.146484375 0.033203125
1 0.966796875 0.482421875 0.0654296875 0.0439453125
1 0.9619140625 0.5322265625 0.0400390625 0.0400390625
1 0.3388671875 0.2060546875 0.0849609375 0.0986328125
1 0.875 0.857421875 0.044921875 0.029296875
1 0.220703125 0.89453125 0.0380859375 0.03515625
1 0.3134765625 0.595703125 0.0341796875 0.041015625
