1 0.041015625 0.095703125 0.0537109375 0.0546875
1 0.0322265625 0.158203125 0.05859375 0.0810546875
1 0.15625 0.05859375 0.0673828125 0.07421875
1 0.4677734375 0.083984375 0.068359375 0.0654296875
1 0.490234375 0.134765625 0.0693359375 0.0595703125
1 0.337890625 0.212890625 0.0654296875 0.0625
1 0.513671875 0.2509765625 0.1220703125 0.123046875
1 0.4697265625 0.32421875 0.0654296875 0.1328125
1 0.3779296875 0.3662109375 0.091796875 0.078125
1 0.09375 0.341796875 0.0751953125 0.0576171875
1 0.0400390625 0.6298828125 0.080078125 0.076171875
1 0.021484375 0.513671875 0.04296875 0.0947265625
1 0.1591796875 0.5048828125 0.11328125 0.08203125
1 0.3271484375 0.5498046875 0.0966796875 0.1015625
1 0.3916015625 0.6650390625 0.0927734375 0.083984375
1 0.31640625 0.775390625 0.087890625 0.0556640625
1 0.1298828125 0.8447265625 0.0595703125 0.1025390625
1 0.0693359375 0.908203125 0.0556640625 0.056640625
1 0.3310546875 0.8525390625 0.1240234375 0.0732421875
1 0.4326171875 0.8427734375 0.0595703125 0.064453125
1 0.4814453125 0.5107421875 0.1328125 0.123046875
1 0.55078125 0.55078125 0.052734375 0.064453125
1 0.5673828125 0.4775390625 0.068359375 0.078125
1 0.6689453125 0.5078125 0.0556640625 0.1259765625
1 0.7294921875 0.537109375 0.0869140625 0.0771484375
1 0.9033203125 0.099609375 0.1396484375 0.1044921875
1 0.8662109375 0.017578125 0.0751953125 0.0361328125
1 0.84765625 0.380859375 0.0712890625 0.08203125
1 0.8955078125 0.2646484375 0.1640625 0.0947265625
1 0.880859375 0.2080078125 0.12890625 0.072265625
1 0.6728515625 0.640625 0.13671875 0.119140625
1 0.6513671875 0.697265625 0.0703125 0.072265625
1 0.5751953125 0.7158203125 0.1171875 0.197265625
1 0.5166015625 0.767578125 0.087890625 0.0615234375
1 0.7197265625 0.66015625 0.1513671875 0.1328125
1 0.8525390625 0.701171875 0.076171875 0.0986328125
1 0.9169921875 0.66015625 0.0908203125 0.087890625
1 0.8515625 0.5146484375 0.0859375 0.080078125
1 0.9736328125 0.4853515625 0.0517578125 0.0478515625
1 0.9541015625 0.5517578125 0.091796875 0.076171875
1 0.4443359375 0.9169921875 0.04296875 0.083984375
1 0.490234375 0.9296875 0.048828125 0.103515625
1 0.5625 0.9365234375 0.09765625 0.091796875
1 0.880859375 0.9462890625 0.09375 0.08984375
1 0.787109375 0.841796875 0.125 0.046875
1 0.962890625 0.857421875 0.0732421875 0.1533203125
1 0.978515625 0.8046875 0.04296875 0.1162109375
1 0.16796875 0.9384765625 0.0986328125 0.119140625
1 0.7158203125 0.0908203125 0.0654296875 0.05859375
1 0.4111328125 0.234375 0.04296875 0.0712890625
1 0.716796875 0.408203125 0.037109375 0.0537109375
1 0.68359375 0.9169921875 0.091796875 0.05078125
1 0.5 0.4833984375 0.05078125 0.0400390625
1 0.83203125 0.783203125 0.08984375 0.048828125
1 0.7958984375 0.7392578125 0.1328125 0.072265625
1 0.564453125 0.8076171875 0.0615234375 0.0556640625
1 0.9697265625 0.1552734375 0.060546875 0.1064453125
