1 0.4736328125 0.654296875 0.0625 0.111328125
1 0.3408203125 0.9423828125 0.107421875 0.1142578125
1 0.869140625 0.447265625 0.05078125 0.1123046875
1 0.3212890625 0.5986328125 0.0810546875 0.1005859375
1 0.0908203125 0.671875 0.1240234375 0.064453125
1 0.7236328125 0.0322265625 0.044921875 0.064453125
1 0.6298828125 0.189453125 0.064453125 0.09375
1 0.462890625 0.2744140625 0.0498046875 0.15234375
1 0.169921875 0.30078125 0.0732421875 0.09375
1 0.5712890625 0.3671875 0.1015625 0.1015625
1 0.0439453125 0.9609375 0.0888671875 0.0537109375
1 0.888671875 0.92578125 0.064453125 0.06640625
1 0.1025390625 0.0400390625 0.0625 0.0615234375
1 0.3427734375 0.7138671875 0.1083984375 0.091796875
1 0.791015625 0.6494140625 0.08984375 0.0869140625
1 0.68359375 0.5087890625 0.072265625 0.0791015625
1 0.6591796875 0.099609375 0.0244140625 0.0751953125
1 0.84765625 0.80859375 0.1455078125 0.0849609375
1 0.982421875 0.705078125 0.0341796875 0.0712890625
1 0.71875 0.453125 0.0390625 0.0791015625
1 0.3203125 0.4951171875 0.1416015625 0.0966796875
1 0.2294921875 0.1279296875 0.1064453125 0.0693359375
1 0.345703125 0.0234375 0.07421875 0.0458984375
1 0.96875 0.4951171875 0.0625 0.05078125
1 0.240234375 0.2109375 0.048828125 0.052734375
1 0.84375 0.0615234375 0.0546875 0.1240234375
1 0.7578125 0.376953125 0.037109375 0.072265625
1 0.4951171875 0.4765625 0.0693359375 0.033203125
1 0.9580078125 0.9189453125 0.0615234375 0.162109375
1 0.5361328125 0.775390625 0.052734375 0.037109375
1 0.783203125 0.8349609375 0.0986328125 0.046875
1 0.669921875 0.267578125 0.0732421875 0.0517578125
1 0.2646484375 0.3515625 0.0546875 0.0791015625
1 0.966796875 0.3388671875 0.056640625 0.1669921875
1 0.7578125 0.4580078125 0.046875 0.029296875
1 0.1201171875 0.7255859375 0.0869140625 0.044921875
1 0.1123046875 0.8798828125 0.1650390625 0.0654296875
1 0.1083984375 0.54248046875 0.103515625 0.05419921875
1 0.44921875 0.4638671875 0.0888671875 0.076171875
1 0.82421875 0.54296875 0.0537109375 0.0322265625
1 0.626953125 0.494140625 0.0556640625 0.0439453125
1 0.7880859375 0.9404296875 0.1064453125 0.11328125
1 0.0400390625 0.072265625 0.078125 0.0634765625
1 0.4326171875 0.9560546875 0.15234375 0.0869140625
1 0.4228515625 0.86328125 0.0888671875 0.0400390625
1 0.0712890625 0.1142578125 0.076171875 0.0380859375
1 0.5537109375 0.5029296875 0.11328125 0.0458984375
1 0.791015625 0.23046875 0.0546875 0.2216796875
1 0.080078125 0.7978515625 0.1572265625 0.046875
1 0.5263671875 0.91015625 0.0947265625 0.0341796875
1 0.302734375 0.3681640625 0.078125 0.0625
1 0.8388671875 0.0556640625 0.0791015625 0.078125
1 0.9560546875 0.703125 0.056640625 0.162109375
1 0.1376953125 0.2841796875 0.072265625 0.109375
1 0.08203125 0.76171875 0.111328125 0.0537109375
1 0.7314453125 0.86328125 0.0517578125 0.060546875
1 0.0595703125 0.4248046875 0.0830078125 0.0703125
1 0.1123046875 0.91796875 0.2041015625 0.048828125
