1 0.0341796875 0.3896484375 0.068359375 0.0927734375
1 0.24609375 0.0185546875 0.1552734375 0.0380859375
1 0.2080078125 0.3916015625 0.2138671875 0.2119140625
1 0.7431640625 0.2099609375 0.1640625 0.181640625
1 0.439453125 0.3740234375 0.1171875 0.083984375
1 0.265625 0.1962890625 0.197265625 0.0615234375
1 0.8837890625 0.515625 0.078125 0.0517578125
1 0.703125 0.3525390625 0.15625 0.1328125
1 0.435546875 0.0009765625 0.1435546875 0.001953125
1 0.2353515625 0.0009765625 0.2490234375 0.001953125
1 0.1943359375 0.8720703125 0.2255859375 0.11328125
1 0.6259765625 0.14453125 0.2138671875 0.140625
1 0.765625 0.03515625 0.169921875 0.0703125
1 0.330078125 0.1513671875 0.125 0.0654296875
1 0.33984375 0.25390625 0.091796875 0.0400390625
1 0.2373046875 0.291015625 0.1123046875 0.060546875
1 0.1083984375 0.4228515625 0.095703125 0.111328125
1 0.38671875 0.8193359375 0.123046875 0.0830078125
1 0.32421875 0.73046875 0.083984375 0.0615234375
1 0.392578125 0.5458984375 0.111328125 0.1865234375
1 0.5537109375 0.6083984375 0.0712890625 0.0556640625
1 0.779296875 0.5234375 0.072265625 0.0712890625
1 0.8515625 0.453125 0.0634765625 0.0615234375
1 0.49609375 0.2529296875 0.0966796875 0.0927734375
1 0.548828125 0.2900390625 0.1376953125 0.1201171875
1 0.9365234375 0.5166015625 0.0751953125 0.083984375
1 0.884765625 0.548828125 0.064453125 0.0556640625
