1 0.0205078125 0.8212890625 0.0419921875 0.0771484375
1 0.1123046875 0.77734375 0.07421875 0.0703125
1 0.11328125 0.60546875 0.064453125 0.0595703125
1 0.060546875 0.537109375 0.08203125 0.103515625
1 0.013671875 0.478515625 0.0283203125 0.091796875
1 0.029296875 0.341796875 0.05859375 0.078125
1 0.2744140625 0.0439453125 0.087890625 0.0712890625
1 0.384765625 0.044921875 0.0654296875 0.08984375
1 0.26171875 0.2119140625 0.109375 0.125
1 0.3046875 0.1923828125 0.0625 0.0673828125
1 0.390625 0.1767578125 0.080078125 0.09765625
1 0.1513671875 0.2490234375 0.0947265625 0.1025390625
1 0.421875 0.26953125 0.0986328125 0.0849609375
1 0.2099609375 0.41796875 0.1162109375 0.0947265625
1 0.357421875 0.4814453125 0.091796875 0.056640625
1 0.3486328125 0.5322265625 0.0908203125 0.0693359375
1 0.58984375 0.38671875 0.091796875 0.0712890625
1 0.578125 0.48828125 0.0693359375 0.0634765625
1 0.3359375 0.400390625 0.0537109375 0.05078125
1 0.6015625 0.091796875 0.0693359375 0.07421875
1 0.609375 0.22265625 0.0810546875 0.0732421875
1 0.779296875 0.2177734375 0.0625 0.08984375
1 0.6845703125 0.12890625 0.060546875 0.0947265625
1 0.703125 0.5634765625 0.07421875 0.0869140625
1 0.61328125 0.55859375 0.068359375 0.0615234375
1 0.73828125 0.3056640625 0.0625 0.05078125
1 0.81640625 0.560546875 0.078125 0.0732421875
1 0.896484375 0.6142578125 0.0703125 0.076171875
1 0.94140625 0.5595703125 0.0576171875 0.0712890625
1 0.4248046875 0.6787109375 0.10546875 0.0966796875
1 0.900390625 0.3447265625 0.0693359375 0.06640625
1 0.888671875 0.3896484375 0.0888671875 0.0537109375
1 0.810546875 0.345703125 0.060546875 0.078125
1 0.962890625 0.3125 0.0712890625 0.080078125
1 0.88671875 0.21875 0.0625 0.103515625
1 0.9052734375 0.103515625 0.080078125 0.09765625
1 0.658203125 0.021484375 0.0859375 0.0439453125
1 0.947265625 0.0380859375 0.0654296875 0.076171875
1 0.48828125 0.7724609375 0.0595703125 0.06640625
1 0.8359375 0.8037109375 0.107421875 0.0771484375
1 0.6650390625 0.921875 0.0712890625 0.083984375
1 0.8212890625 0.9501953125 0.095703125 0.099609375
1 0.365234375 0.8583984375 0.0947265625 0.0654296875
1 0.4736328125 0.9287109375 0.080078125 0.0888671875
1 0.15625 0.8740234375 0.0830078125 0.0634765625
1 0.30859375 0.9482421875 0.07421875 0.1025390625
1 0.1416015625 0.978515625 0.1025390625 0.04296875
1 0.962890625 0.91015625 0.0732421875 0.072265625
1 0.9775390625 0.8251953125 0.044921875 0.07421875
1 0.96484375 0.6611328125 0.064453125 0.0751953125
1 0.6298828125 0.2783203125 0.0810546875 0.0654296875
1 0.208984375 0.3203125 0.0693359375 0.0986328125
1 0.6162109375 0.814453125 0.044921875 0.048828125
1 0.22265625 0.986328125 0.0537109375 0.02734375
1 0.017578125 0.984375 0.0361328125 0.03125
1 0.384765625 0.423828125 0.0537109375 0.05078125
1 0.98828125 0.5869140625 0.0234375 0.064453125
1 0.1650390625 0.822265625 0.0693359375 0.0556640625
1 0.2900390625 0.568359375 0.0654296875 0.0439453125
