1 0.7978515625 0.9453125 0.0693359375 0.1044921875
1 0.3525390625 0.400390625 0.0908203125 0.0537109375
1 0.853515625 0.4970703125 0.083984375 0.080078125
1 0.09375 0.1162109375 0.150390625 0.08203125
1 0.931640625 0.525390625 0.1015625 0.0546875
1 0.548828125 0.6455078125 0.0986328125 0.0537109375
1 0.513671875 0.1044921875 0.0537109375 0.0771484375
1 0.171875 0.2392578125 0.1162109375 0.0595703125
1 0.44140625 0.7392578125 0.0771484375 0.09375
1 0.22265625 0.59375 0.08984375 0.041015625
1 0.509765625 0.9736328125 0.0625 0.048828125
1 0.72265625 0.322265625 0.126953125 0.06640625
1 0.7900390625 0.8271484375 0.08203125 0.068359375
1 0.9091796875 0.02734375 0.0732421875 0.0537109375
1 0.3671875 0.9658203125 0.0556640625 0.0673828125
1 0.0986328125 0.779296875 0.09765625 0.0478515625
1 0.0859375 0.259765625 0.1318359375 0.0810546875
1 0.1826171875 0.60546875 0.0927734375 0.068359375
1 0.927734375 0.71484375 0.12109375 0.171875
1 0.61328125 0.0263671875 0.0625 0.0537109375
1 0.357421875 0.7880859375 0.0771484375 0.052734375
1 0.623046875 0.78125 0.0595703125 0.068359375
1 0.734375 0.9189453125 0.0791015625 0.0546875
1 0.2998046875 0.875 0.126953125 0.0634765625
1 0.978515625 0.4990234375 0.04296875 0.0498046875
1 0.078125 0.0791015625 0.1552734375 0.060546875
1 0.232421875 0.908203125 0.140625 0.0693359375
1 0.8173828125 0.7099609375 0.0380859375 0.0732421875
1 0.2705078125 0.09375 0.1142578125 0.0361328125
1 0.966796875 0.97265625 0.0537109375 0.041015625
1 0.5732421875 0.81640625 0.091796875 0.1005859375
1 0.232421875 0.29296875 0.109375 0.0439453125
1 0.0869140625 0.8466796875 0.173828125 0.0986328125
1 0.220703125 0.3681640625 0.0576171875 0.041015625
1 0.68212890625 0.6357421875 0.08808593750000004 0.04160156250000002
1 0.3330078125 0.02734375 0.04150390625 0.0564453125
1 0.8623046875 0.828125 0.0458984375 0.1025390625
1 0.6708984375 0.3662109375 0.0908203125 0.0302734375
1 0.56640625 0.529296875 0.1884765625 0.103515625
1 0.7138671875 0.2099609375 0.05859375 0.0263671875
1 0.8349609375 0.8603515625 0.0625 0.046875
1 0.875 0.7529296875 0.0546875 0.0615234375
1 0.0537109375 0.5126953125 0.1044921875 0.0498046875
1 0.140625 0.2724609375 0.0869140625 0.0517578125
1 0.1220703125 0.8330078125 0.1083984375 0.0361328125
1 0.01953125 0.681640625 0.0390625 0.033203125
1 0.4775390625 0.021484375 0.0693359375 0.0390625
1 0.6025390625 0.8818359375 0.12109375 0.0400390625
1 0.4267578125 0.587890625 0.09541015624999999 0.03769531250000002
1 0.3125 0.8505859375 0.0966796875 0.0341796875
1 0.0498046875 0.552734375 0.0927734375 0.048828125
1 0.224609375 0.33203125 0.087890625 0.03125
1 0.02734375 0.9052734375 0.052734375 0.0322265625
1 0.6181640625 0.962890625 0.091796875 0.05078125
1 0.89453125 0.30859375 0.060546875 0.0517578125
1 0.2333984375 0.958984375 0.1162109375 0.0478515625
1 0.734375 0.4921875 0.06640625 0.08203125
