1 0.703125 0.255859375 0.095703125 0.0615234375
1 0.6220703125 0.390625 0.083984375 0.1064453125
1 0.796875 0.4814453125 0.111328125 0.0732421875
1 0.6533203125 0.5107421875 0.0771484375 0.0693359375
1 0.57421875 0.5810546875 0.0751953125 0.126953125
1 0.708984375 0.6650390625 0.140625 0.0791015625
1 0.5771484375 0.6982421875 0.0576171875 0.0478515625
1 0.5087890625 0.7041015625 0.056640625 0.052734375
1 0.5634765625 0.7685546875 0.083984375 0.05859375
1 0.490234375 0.884765625 0.056640625 0.0654296875
1 0.271484375 0.919921875 0.0546875 0.0615234375
1 0.2685546875 0.96484375 0.0732421875 0.056640625
1 0.568359375 0.9619140625 0.1064453125 0.06640625
1 0.6767578125 0.9775390625 0.1142578125 0.044921875
1 0.798828125 0.9111328125 0.0732421875 0.0654296875
1 0.8671875 0.90234375 0.080078125 0.0751953125
1 0.95703125 0.861328125 0.0849609375 0.07421875
1 0.96875 0.818359375 0.0595703125 0.048828125
1 0.6953125 0.580078125 0.0654296875 0.056640625
1 0.9296875 0.623046875 0.1396484375 0.1806640625
1 0.341796875 0.6630859375 0.0791015625 0.1728515625
1 0.240234375 0.5888671875 0.0498046875 0.0634765625
1 0.1533203125 0.53515625 0.0595703125 0.078125
1 0.1220703125 0.8564453125 0.1240234375 0.0625
1 0.0595703125 0.9482421875 0.10546875 0.0966796875
1 0.34375 0.4248046875 0.0986328125 0.068359375
1 0.3037109375 0.2978515625 0.177734375 0.0869140625
1 0.4716796875 0.2451171875 0.0634765625 0.0703125
1 0.5234375 0.2822265625 0.0556640625 0.0751953125
1 0.5888671875 0.2880859375 0.064453125 0.072265625
1 0.62890625 0.193359375 0.1416015625 0.05859375
1 0.77734375 0.0390625 0.08203125 0.0791015625
1 0.8759765625 0.0537109375 0.072265625 0.0751953125
1 0.966796875 0.03515625 0.06640625 0.05859375
1 0.96875 0.2060546875 0.0625 0.1064453125
1 0.982421875 0.298828125 0.0341796875 0.0888671875
1 0.6640625 0.013671875 0.080078125 0.0283203125
1 0.5029296875 0.0283203125 0.173828125 0.056640625
1 0.478515625 0.0712890625 0.0849609375 0.08984375
1 0.564453125 0.1005859375 0.0595703125 0.0693359375
1 0.130859375 0.0546875 0.16796875 0.109375
1 0.1064453125 0.1845703125 0.080078125 0.1162109375
1 0.0400390625 0.1845703125 0.080078125 0.0537109375
1 0.2431640625 0.1923828125 0.06640625 0.1025390625
1 0.3037109375 0.1865234375 0.11328125 0.12109375
1 0.037109375 0.591796875 0.0703125 0.0712890625
1 0.4677734375 0.685546875 0.0693359375 0.064453125
1 0.3115234375 0.7919921875 0.0615234375 0.0556640625
1 0.2021484375 0.822265625 0.0498046875 0.0595703125
1 0.734375 0.4189453125 0.0673828125 0.0556640625
1 0.5986328125 0.8564453125 0.08984375 0.068359375
1 0.5439453125 0.6728515625 0.0703125 0.033203125
1 0.5546875 0.310546875 0.0498046875 0.060546875
