1 0.3603515625 0.6103515625 0.107421875 0.1025390625
1 0.416015625 0.4580078125 0.15234375 0.1123046875
1 0.1923828125 0.2490234375 0.1240234375 0.134765625
1 0.4892578125 0.8505859375 0.1455078125 0.1171875
1 0.318359375 0.26171875 0.11328125 0.125
1 0.8037109375 0.94921875 0.109375 0.1015625
1 0.5849609375 0.791015625 0.1123046875 0.087890625
1 0.912109375 0.6630859375 0.099609375 0.09765625
1 0.9111328125 0.8232421875 0.107421875 0.08203125
1 0.3017578125 0.8955078125 0.0947265625 0.1123046875
1 0.2568359375 0.6015625 0.08203125 0.091796875
1 0.1953125 0.8408203125 0.1123046875 0.107421875
1 0.58203125 0.4384765625 0.0908203125 0.0693359375
1 0.9423828125 0.2041015625 0.1123046875 0.087890625
1 0.509765625 0.1318359375 0.109375 0.111328125
1 0.94140625 0.5927734375 0.115234375 0.09765625
1 0.09375 0.1884765625 0.087890625 0.083984375
1 0.943359375 0.1142578125 0.1103515625 0.09765625
1 0.4521484375 0.0849609375 0.189453125 0.1474609375
1 0.275390625 0.767578125 0.1064453125 0.0849609375
1 0.40234375 0.1689453125 0.08203125 0.0947265625
1 0.97265625 0.4208984375 0.0546875 0.107421875
1 0.189453125 0.03125 0.078125 0.0625
1 0.330078125 0.0244140625 0.076171875 0.0498046875
1 0.9443359375 0.9736328125 0.095703125 0.0517578125
