1 0.0712890625 0.46484375 0.0732421875 0.0625
1 0.154296875 0.46484375 0.05859375 0.0927734375
1 0.060546875 0.2822265625 0.080078125 0.0810546875
1 0.119140625 0.193359375 0.1181640625 0.0830078125
1 0.1748046875 0.27734375 0.0791015625 0.1044921875
1 0.2607421875 0.3671875 0.05859375 0.068359375
1 0.11328125 0.1083984375 0.05859375 0.0556640625
1 0.0380859375 0.0439453125 0.0478515625 0.0888671875
1 0.17578125 0.0537109375 0.0859375 0.064453125
1 0.126953125 0.0263671875 0.0908203125 0.0537109375
1 0.2939453125 0.1767578125 0.0654296875 0.0908203125
1 0.2197265625 0.1611328125 0.0556640625 0.10546875
1 0.3017578125 0.26953125 0.0478515625 0.0654296875
1 0.2646484375 0.5361328125 0.06640625 0.140625
1 0.2099609375 0.650390625 0.0693359375 0.087890625
1 0.1171875 0.7255859375 0.0751953125 0.0693359375
1 0.02734375 0.728515625 0.0546875 0.07421875
1 0.0380859375 0.8427734375 0.076171875 0.1005859375
1 0.12890625 0.8076171875 0.0625 0.0751953125
1 0.220703125 0.806640625 0.0849609375 0.0869140625
1 0.2861328125 0.89453125 0.083984375 0.0625
1 0.8115234375 0.9765625 0.109375 0.046875
1 0.958984375 0.97265625 0.08203125 0.0546875
1 0.5908203125 0.71484375 0.087890625 0.0859375
1 0.3876953125 0.6806640625 0.07421875 0.0751953125
1 0.322265625 0.69921875 0.0595703125 0.0693359375
1 0.41796875 0.771484375 0.0849609375 0.0732421875
1 0.5859375 0.521484375 0.1015625 0.119140625
1 0.7060546875 0.59375 0.0888671875 0.1611328125
1 0.7724609375 0.6982421875 0.0615234375 0.0595703125
1 0.87109375 0.7177734375 0.087890625 0.1123046875
1 0.87109375 0.8037109375 0.1337890625 0.1259765625
1 0.8994140625 0.6279296875 0.0859375 0.076171875
1 0.9560546875 0.6064453125 0.087890625 0.087890625
1 0.9755859375 0.681640625 0.048828125 0.0576171875
1 0.7666015625 0.34765625 0.154296875 0.244140625
1 0.55859375 0.240234375 0.0693359375 0.0595703125
1 0.576171875 0.203125 0.09765625 0.0615234375
1 0.46484375 0.1416015625 0.083984375 0.14453125
1 0.3447265625 0.080078125 0.083984375 0.0849609375
1 0.54296875 0.322265625 0.119140625 0.076171875
1 0.4150390625 0.3642578125 0.0654296875 0.0556640625
1 0.4658203125 0.4150390625 0.0732421875 0.0576171875
1 0.826171875 0.119140625 0.0859375 0.0791015625
1 0.9619140625 0.236328125 0.0751953125 0.0712890625
1 0.951171875 0.1328125 0.0966796875 0.091796875
1 0.919921875 0.029296875 0.1201171875 0.05859375
1 0.544921875 0.029296875 0.0771484375 0.05859375
1 0.6005859375 0.755859375 0.08203125 0.0869140625
1 0.78125 0.7587890625 0.076171875 0.087890625
