1 0.3564453125 0.63671875 0.0537109375 0.087890625
1 0.826171875 0.0458984375 0.07421875 0.0927734375
1 0.951171875 0.9638671875 0.0693359375 0.0673828125
1 0.337890625 0.5517578125 0.0751953125 0.1015625
1 0.5439453125 0.375 0.0732421875 0.0908203125
1 0.58984375 0.81640625 0.046875 0.0751953125
1 0.091796875 0.59765625 0.095703125 0.0556640625
1 0.5673828125 0.4794921875 0.056640625 0.0859375
1 0.26171875 0.9326171875 0.0537109375 0.09375
1 0.83984375 0.5166015625 0.037109375 0.095703125
1 0.4716796875 0.4658203125 0.0712890625 0.0673828125
1 0.3994140625 0.8349609375 0.0654296875 0.1064453125
1 0.0361328125 0.6953125 0.0732421875 0.0908203125
1 0.3427734375 0.8642578125 0.0625 0.091796875
1 0.0537109375 0.302734375 0.0986328125 0.0947265625
1 0.3310546875 0.26953125 0.083984375 0.0859375
1 0.6044921875 0.1103515625 0.048828125 0.123046875
1 0.671875 0.8017578125 0.0693359375 0.0751953125
1 0.3955078125 0.880859375 0.078125 0.0732421875
1 0.841796875 0.8525390625 0.05859375 0.072265625
1 0.794921875 0.521484375 0.041015625 0.078125
1 0.6611328125 0.4921875 0.04296875 0.0859375
1 0.1572265625 0.5419921875 0.091796875 0.1015625
1 0.0654296875 0.2001953125 0.0537109375 0.083984375
1 0.8623046875 0.404296875 0.0419921875 0.09765625
1 0.64453125 0.5595703125 0.0751953125 0.111328125
1 0.421875 0.4931640625 0.06640625 0.072265625
1 0.32421875 0.9130859375 0.0546875 0.0751953125
1 0.74609375 0.8994140625 0.0732421875 0.0595703125
1 0.12890625 0.314453125 0.0673828125 0.076171875
1 0.7763671875 0.9716796875 0.0498046875 0.056640625
1 0.6455078125 0.8369140625 0.076171875 0.056640625
1 0.25390625 0.8642578125 0.076171875 0.0771484375
1 0.974609375 0.8544921875 0.05078125 0.0771484375
1 0.42578125 0.5283203125 0.0556640625 0.0908203125
1 0.2470703125 0.04296875 0.0908203125 0.08203125
1 0.5986328125 0.55078125 0.048828125 0.0771484375
1 0.7421875 0.0205078125 0.0283203125 0.041015625
1 0.8740234375 0.708984375 0.0634765625 0.107421875
1 0.4013671875 0.974609375 0.0419921875 0.05078125
1 0.5703125 0.5595703125 0.05078125 0.1025390625
1 0.5341796875 0.60546875 0.037109375 0.0986328125
1 0.1328125 0.9765625 0.0947265625 0.0458984375
1 0.4345703125 0.7470703125 0.0576171875 0.0478515625
1 0.900390625 0.3349609375 0.060546875 0.111328125
1 0.599609375 0.63671875 0.07421875 0.0615234375
1 0.8955078125 0.5986328125 0.0498046875 0.0546875
1 0.7109375 0.923828125 0.052734375 0.04296875
1 0.2314453125 0.3349609375 0.0400390625 0.0849609375
1 0.8193359375 0.9775390625 0.03515625 0.041015625
1 0.8896484375 0.333984375 0.041015625 0.12109375
1 0.083984375 0.0234375 0.0654296875 0.046875
1 0.0087890625 0.1826171875 0.0185546875 0.041015625
1 0.990234375 0.6640625 0.01953125 0.083984375
1 0.583984375 0.91015625 0.0751953125 0.044921875
1 0.86328125 0.74609375 0.05078125 0.0615234375
1 0.990234375 0.8056640625 0.01953125 0.0478515625
1 0.9658203125 0.8974609375 0.046875 0.05078125
