1 0.03125 0.044921875 0.0625 0.08984375
1 0.208984375 0.056640625 0.087890625 0.0966796875
1 0.2734375 0.1171875 0.0673828125 0.0859375
1 0.03125 0.263671875 0.0625 0.10546875
1 0.1103515625 0.4033203125 0.08203125 0.0947265625
1 0.134765625 0.3095703125 0.0625 0.076171875
1 0.2568359375 0.30078125 0.052734375 0.078125
1 0.05078125 0.59765625 0.0859375 0.1005859375
1 0.2666015625 0.654296875 0.0654296875 0.103515625
1 0.2783203125 0.5390625 0.0908203125 0.1220703125
1 0.314453125 0.509765625 0.06640625 0.095703125
1 0.0205078125 0.9560546875 0.0419921875 0.0869140625
1 0.1572265625 0.91015625 0.0625 0.0615234375
1 0.1611328125 0.783203125 0.076171875 0.0791015625
1 0.0458984375 0.8583984375 0.0869140625 0.080078125
1 0.41015625 0.884765625 0.1142578125 0.0751953125
1 0.3828125 0.95703125 0.078125 0.0693359375
1 0.662109375 0.8798828125 0.0791015625 0.0751953125
1 0.5498046875 0.841796875 0.0927734375 0.0732421875
1 0.5126953125 0.744140625 0.095703125 0.0859375
1 0.7587890625 0.765625 0.0673828125 0.060546875
1 0.9287109375 0.8818359375 0.0771484375 0.103515625
1 0.7978515625 0.9638671875 0.078125 0.0712890625
1 0.4296875 0.498046875 0.078125 0.11328125
1 0.5703125 0.478515625 0.0859375 0.15234375
1 0.720703125 0.5390625 0.1044921875 0.1474609375
1 0.6787109375 0.349609375 0.0869140625 0.072265625
1 0.56640625 0.3515625 0.0791015625 0.0703125
1 0.44140625 0.3330078125 0.1044921875 0.1787109375
1 0.59375 0.1904296875 0.10546875 0.099609375
1 0.79296875 0.275390625 0.1015625 0.0751953125
1 0.7880859375 0.142578125 0.0615234375 0.0654296875
1 0.9521484375 0.1953125 0.0869140625 0.1171875
1 0.94921875 0.318359375 0.0859375 0.0751953125
1 0.83984375 0.4404296875 0.080078125 0.07421875
1 0.9541015625 0.39453125 0.0830078125 0.0693359375
1 0.9833984375 0.509765625 0.0322265625 0.0849609375
