1 0.4296875 0.4443359375 0.0625 0.111328125
1 0.5126953125 0.890625 0.072265625 0.1025390625
1 0.4453125 0.205078125 0.0732421875 0.091796875
1 0.021484375 0.4736328125 0.0439453125 0.0771484375
1 0.271484375 0.5126953125 0.0732421875 0.087890625
1 0.9794921875 0.4599609375 0.0400390625 0.1103515625
1 0.958984375 0.650390625 0.0478515625 0.0732421875
1 0.9677734375 0.244140625 0.05078125 0.1142578125
1 0.9306640625 0.1103515625 0.1220703125 0.0712890625
1 0.7568359375 0.5966796875 0.0869140625 0.0517578125
1 0.1083984375 0.4501953125 0.0888671875 0.05078125
1 0.03125 0.62109375 0.0634765625 0.044921875
1 0.876953125 0.212890625 0.0673828125 0.087890625
1 0.6279296875 0.1376953125 0.0947265625 0.0927734375
1 0.580078125 0.8935546875 0.0400390625 0.068359375
1 0.7841796875 0.47265625 0.0556640625 0.1015625
1 0.017578125 0.802734375 0.0361328125 0.056640625
1 0.5068359375 0.296875 0.052734375 0.07421875
1 0.412109375 0.8916015625 0.0546875 0.0810546875
1 0.138671875 0.24609375 0.046875 0.064453125
1 0.2138671875 0.0263671875 0.0517578125 0.0517578125
1 0.810546875 0.1318359375 0.1005859375 0.10546875
1 0.0751953125 0.794921875 0.07421875 0.0634765625
1 0.0625 0.5302734375 0.087890625 0.0576171875
1 0.185546875 0.08203125 0.099609375 0.06640625
1 0.4453125 0.03515625 0.0634765625 0.06640625
1 0.1591796875 0.86328125 0.1328125 0.0556640625
1 0.193359375 0.6171875 0.0478515625 0.0595703125
1 0.962890625 0.974609375 0.068359375 0.046875
1 0.8662109375 0.53515625 0.0732421875 0.0341796875
1 0.5126953125 0.1103515625 0.06640625 0.0458984375
1 0.8837890625 0.3291015625 0.0576171875 0.0654296875
1 0.6884765625 0.04296875 0.07421875 0.0498046875
1 0.4794921875 0.150390625 0.072265625 0.0458984375
1 0.78125 0.6591796875 0.0576171875 0.0693359375
1 0.3876953125 0.259765625 0.0361328125 0.05859375
1 0.0634765625 0.2900390625 0.056640625 0.037109375
1 0.9482421875 0.8056640625 0.041015625 0.05078125
1 0.919921875 0.9296875 0.0908203125 0.0439453125
1 0.07421875 0.671875 0.087890625 0.044921875
1 0.2119140625 0.833984375 0.072265625 0.0419921875
1 0.599609375 0.791015625 0.05078125 0.0615234375
1 0.9501953125 0.904296875 0.091796875 0.046875
1 0.6708984375 0.5556640625 0.033203125 0.05859375
1 0.8095703125 0.515625 0.0458984375 0.03515625
1 0.8369140625 0.2236328125 0.05859375 0.0458984375
1 0.7451171875 0.427734375 0.060546875 0.06640625
1 0.2431640625 0.509765625 0.076171875 0.080078125
1 0.677734375 0.2255859375 0.1201171875 0.09375
1 0.90625 0.625 0.05078125 0.0439453125
1 0.470703125 0.5673828125 0.046875 0.044921875
1 0.3330078125 0.9853515625 0.09375 0.0283203125
1 0.0478515625 0.884765625 0.041015625 0.0546875
1 0.9833984375 0.6103515625 0.0322265625 0.072265625
1 0.037109375 0.306640625 0.0458984375 0.060546875
1 0.447265625 0.67578125 0.078125 0.048828125
1 0.9580078125 0.5654296875 0.029296875 0.0625
1 0.2626953125 0.5576171875 0.0625 0.0263671875
1 0.4169921875 0.623046875 0.0546875 0.05078125
1 0.29296875 0.6416015625 0.0693359375 0.0390625
1 0.4482421875 0.0146484375 0.1064453125 0.029296875
1 0.6142578125 0.7119140625 0.0419921875 0.033203125
1 0.0283203125 0.9111328125 0.0517578125 0.046875
1 0.9541015625 0.1953125 0.0908203125 0.07421875
1 0.0693359375 0.130859375 0.095703125 0.0498046875
1 0.216796875 0.9814453125 0.0576171875 0.033203125
1 0.96484375 0.0576171875 0.0537109375 0.0361328125
1 0.9111328125 0.814453125 0.037109375 0.0576171875
1 0.609375 0.3466796875 0.0625 0.0400390625
1 0.3212890625 0.9013671875 0.048828125 0.0615234375
1 0.123046875 0.9736328125 0.1220703125 0.0517578125
1 0.646484375 0.8720703125 0.0419921875 0.0537109375
1 0.630859375 0.3935546875 0.1708984375 0.123046875
1 0.9619140625 0.025390625 0.0537109375 0.0478515625
1 0.705078125 0.6474609375 0.103515625 0.0576171875
1 0.7900390625 0.71484375 0.0498046875 0.0537109375
1 0.7099609375 0.82421875 0.0595703125 0.0634765625
1 0.7509765625 0.966796875 0.06640625 0.0546875
1 0.21484375 0.927734375 0.052734375 0.0576171875
1 0.3642578125 0.8798828125 0.0537109375 0.060546875
1 0.353515625 0.93359375 0.0751953125 0.046875
1 0.6943359375 0.478515625 0.060546875 0.052734375
1 0.947265625 0.841796875 0.0625 0.0498046875
1 0.9736328125 0.7783203125 0.0498046875 0.056640625
1 0.978515625 0.3671875 0.0380859375 0.0537109375
