1 0.1005859375 0.54296875 0.126953125 0.107421875
1 0.8251953125 0.240234375 0.1279296875 0.0966796875
1 0.50390625 0.86328125 0.1103515625 0.0625
1 0.5966796875 0.666015625 0.1455078125 0.08203125
1 0.7470703125 0.8544921875 0.109375 0.064453125
1 0.365234375 0.4775390625 0.1123046875 0.0673828125
1 0.279296875 0.0576171875 0.1376953125 0.078125
1 0.443359375 0.6826171875 0.1171875 0.0927734375
1 0.099609375 0.9140625 0.080078125 0.0693359375
1 0.212890625 0.8486328125 0.1181640625 0.0625
1 0.466796875 0.501953125 0.1298828125 0.134765625
1 0.373046875 0.306640625 0.09765625 0.0654296875
1 0.84765625 0.796875 0.1025390625 0.080078125
1 0.17578125 0.353515625 0.13671875 0.1171875
1 0.6015625 0.24609375 0.0751953125 0.052734375
1 0.3212890625 0.22265625 0.0849609375 0.1318359375
1 0.1826171875 0.6630859375 0.0830078125 0.0673828125
1 0.234375 0.7802734375 0.109375 0.1025390625
1 0.4853515625 0.7978515625 0.0927734375 0.0576171875
1 0.087890625 0.265625 0.0625 0.0673828125
1 0.169921875 0.2119140625 0.125 0.0751953125
1 0.4443359375 0.974609375 0.0849609375 0.05078125
1 0.3359375 0.3828125 0.126953125 0.0830078125
1 0.607421875 0.1884765625 0.08984375 0.0625
1 0.11328125 0.7666015625 0.078125 0.0693359375
1 0.85546875 0.5810546875 0.0625 0.0625
1 0.0224609375 0.931640625 0.044921875 0.0556640625
1 0.845703125 0.5107421875 0.09765625 0.0625
1 0.6884765625 0.3095703125 0.087890625 0.0546875
1 0.435546875 0.23046875 0.107421875 0.0869140625
1 0.64453125 0.12109375 0.0703125 0.0849609375
1 0.87109375 0.3837890625 0.107421875 0.0947265625
1 0.8447265625 0.12109375 0.134765625 0.0751953125
1 0.29296875 0.142578125 0.1279296875 0.0771484375
1 0.7724609375 0.337890625 0.1376953125 0.0830078125
1 0.04296875 0.4619140625 0.0869140625 0.08984375
1 0.3056640625 0.9736328125 0.08203125 0.052734375
1 0.025390625 0.677734375 0.0517578125 0.0517578125
1 0.0244140625 0.849609375 0.0498046875 0.080078125
1 0.9375 0.8251953125 0.0771484375 0.0673828125
1 0.7529296875 0.666015625 0.0869140625 0.072265625
1 0.09375 0.6474609375 0.0625 0.044921875
1 0.4716796875 0.0234375 0.080078125 0.04296875
1 0.931640625 0.888671875 0.08984375 0.0400390625
1 0.57421875 0.564453125 0.0546875 0.05078125
1 0.3095703125 0.6220703125 0.064453125 0.060546875
1 0.2490234375 0.5078125 0.0654296875 0.0732421875
1 0.8447265625 0.45703125 0.125 0.07421875
1 0.9482421875 0.1455078125 0.1025390625 0.1171875
1 0.0615234375 0.2099609375 0.0458984375 0.044921875
1 0.052734375 0.11328125 0.0771484375 0.03515625
1 0.7666015625 0.9521484375 0.0908203125 0.060546875
1 0.658203125 0.916015625 0.0576171875 0.052734375
1 0.4091796875 0.7734375 0.0556640625 0.046875
1 0.29296875 0.8212890625 0.072265625 0.0498046875
1 0.3173828125 0.5673828125 0.0576171875 0.0576171875
1 0.4384765625 0.4267578125 0.087890625 0.03515625
1 0.3369140625 0.0927734375 0.10546875 0.0419921875
1 0.2392578125 0.283203125 0.0546875 0.0576171875
1 0.9580078125 0.216796875 0.0830078125 0.08984375
1 0.4716796875 0.259765625 0.0654296875 0.044921875
1 0.3828125 0.025390625 0.0830078125 0.0478515625
