1 0.306640625 0.7431640625 0.05859375 0.0732421875
1 0.3935546875 0.62109375 0.1142578125 0.0341796875
1 0.4228515625 0.6416015625 0.046875 0.0458984375
1 0.048828125 0.060546875 0.0693359375 0.0947265625
1 0.005859375 0.2587890625 0.01171875 0.05078125
1 0.02734375 0.228515625 0.0498046875 0.0400390625
1 0.0693359375 0.2744140625 0.060546875 0.0947265625
1 0.115234375 0.4013671875 0.068359375 0.0927734375
1 0.1787109375 0.3837890625 0.0498046875 0.0537109375
1 0.142578125 0.2255859375 0.0810546875 0.0498046875
1 0.185546875 0.2734375 0.0400390625 0.08203125
1 0.2197265625 0.3349609375 0.080078125 0.08984375
1 0.1669921875 0.076171875 0.0703125 0.06640625
1 0.0947265625 0.03125 0.044921875 0.0625
1 0.302734375 0.14453125 0.08984375 0.095703125
1 0.3857421875 0.240234375 0.0751953125 0.0361328125
1 0.3173828125 0.314453125 0.046875 0.0458984375
1 0.525390625 0.0693359375 0.044921875 0.0703125
1 0.5751953125 0.0166015625 0.0517578125 0.033203125
1 0.5986328125 0.130859375 0.0595703125 0.0830078125
1 0.5234375 0.1689453125 0.07421875 0.1103515625
1 0.80859375 0.072265625 0.0576171875 0.056640625
1 0.859375 0.1162109375 0.0673828125 0.09765625
1 0.9072265625 0.068359375 0.0810546875 0.0810546875
1 0.9638671875 0.234375 0.072265625 0.060546875
1 0.70703125 0.2158203125 0.076171875 0.095703125
1 0.625 0.34375 0.08203125 0.048828125
1 0.849609375 0.46875 0.0859375 0.06640625
1 0.6494140625 0.5830078125 0.056640625 0.083984375
1 0.7333984375 0.724609375 0.0400390625 0.044921875
1 0.8564453125 0.7685546875 0.046875 0.037109375
1 0.841796875 0.8115234375 0.06640625 0.0556640625
1 0.8896484375 0.716796875 0.0478515625 0.03515625
1 0.9208984375 0.6875 0.0556640625 0.0751953125
1 0.8037109375 0.5400390625 0.05859375 0.0654296875
1 0.9677734375 0.4404296875 0.0556640625 0.111328125
1 0.94140625 0.46484375 0.068359375 0.0537109375
1 0.8564453125 0.9697265625 0.0439453125 0.0595703125
1 0.8916015625 0.978515625 0.0908203125 0.04296875
1 0.9443359375 0.9169921875 0.1103515625 0.04296875
1 0.796875 0.98046875 0.05078125 0.0390625
1 0.7265625 0.9501953125 0.0693359375 0.0458984375
1 0.6611328125 0.97265625 0.0673828125 0.0537109375
1 0.3828125 0.9833984375 0.0595703125 0.033203125
1 0.154296875 0.9453125 0.046875 0.0419921875
1 0.12109375 0.98828125 0.0859375 0.0224609375
1 0.0263671875 0.935546875 0.052734375 0.09375
