1 0.4736328125 0.0615234375 0.1103515625 0.0986328125
1 0.24609375 0.125 0.1201171875 0.08984375
1 0.349609375 0.1513671875 0.099609375 0.078125
1 0.0478515625 0.0419921875 0.0966796875 0.083984375
1 0.966796875 0.193359375 0.0654296875 0.1357421875
1 0.59765625 0.3349609375 0.09375 0.09765625
1 0.4931640625 0.3828125 0.1083984375 0.1025390625
1 0.2939453125 0.33984375 0.0810546875 0.1005859375
1 0.33203125 0.50390625 0.076171875 0.08203125
1 0.4228515625 0.5986328125 0.115234375 0.0859375
1 0.58203125 0.5517578125 0.10546875 0.0908203125
1 0.703125 0.478515625 0.107421875 0.095703125
1 0.67578125 0.5751953125 0.0625 0.083984375
1 0.7822265625 0.5546875 0.14453125 0.1396484375
1 0.94140625 0.5498046875 0.0966796875 0.1689453125
1 0.123046875 0.54296875 0.064453125 0.0732421875
1 0.2021484375 0.5830078125 0.1005859375 0.05859375
1 0.2216796875 0.755859375 0.064453125 0.0888671875
1 0.45703125 0.7548828125 0.1220703125 0.1181640625
1 0.587890625 0.6923828125 0.0966796875 0.1396484375
1 0.2958984375 0.822265625 0.08984375 0.09765625
1 0.4306640625 0.9453125 0.099609375 0.1083984375
1 0.7958984375 0.7880859375 0.1416015625 0.158203125
1 0.89453125 0.888671875 0.142578125 0.1728515625
