1 0.39453125 0.5361328125 0.0576171875 0.083984375
1 0.357421875 0.1083984375 0.083984375 0.1005859375
1 0.5123046875 0.03125 0.08828124999999998 0.0634765625
1 0.142578125 0.498046875 0.083984375 0.06640625
1 0.8623046875 0.861328125 0.0732421875 0.0888671875
1 0.47265625 0.54296875 0.0537109375 0.083984375
1 0.1044921875 0.763671875 0.0634765625 0.06640625
1 0.7978515625 0.3505859375 0.0615234375 0.068359375
1 0.17578125 0.455078125 0.0654296875 0.1005859375
1 0.6552734375 0.8359375 0.0537109375 0.099609375
1 0.91796875 0.3359375 0.0556640625 0.0693359375
1 0.5234375 0.181640625 0.0654296875 0.0771484375
1 0.2109375 0.62109375 0.048828125 0.0791015625
1 0.24609375 0.2431640625 0.072265625 0.09765625
1 0.7392578125 0.435546875 0.0546875 0.103515625
1 0.978515625 0.6015625 0.037109375 0.076171875
1 0.80078125 0.4501953125 0.037109375 0.0712890625
1 0.9326171875 0.5361328125 0.044921875 0.0732421875
1 0.3642578125 0.3818359375 0.0546875 0.083984375
1 0.15625 0.2705078125 0.0537109375 0.080078125
1 0.2138671875 0.1416015625 0.078125 0.1064453125
1 0.6591796875 0.595703125 0.046875 0.072265625
1 0.68359375 0.5498046875 0.080078125 0.12109375
1 0.2021484375 0.4248046875 0.0986328125 0.0458984375
1 0.154296875 0.0380859375 0.064453125 0.064453125
1 0.1162109375 0.171875 0.025390625 0.080078125
1 0.31640625 0.6318359375 0.048828125 0.0791015625
1 0.5908203125 0.7998046875 0.025390625 0.076171875
1 0.021484375 0.03515625 0.0439453125 0.0712890625
1 0.0185546875 0.1025390625 0.0380859375 0.1064453125
1 0.76953125 0.5595703125 0.0458984375 0.072265625
1 0.8154296875 0.4970703125 0.03125 0.080078125
1 0.5625 0.201171875 0.025390625 0.080078125
1 0.1552734375 0.6142578125 0.0693359375 0.048828125
1 0.9873046875 0.03515625 0.025390625 0.0615234375
1 0.2685546875 0.5458984375 0.0556640625 0.044921875
1 0.572265625 0.681640625 0.0625 0.0537109375
1 0.5986328125 0.57421875 0.0625 0.052734375
1 0.3740234375 0.8623046875 0.0576171875 0.0517578125
1 0.478515625 0.642578125 0.04296875 0.0576171875
1 0.19921875 0.0146484375 0.0517578125 0.0302734375
1 0.572265625 0.9208984375 0.0537109375 0.0419921875
1 0.8603515625 0.0849609375 0.0419921875 0.07421875
1 0.8115234375 0.841796875 0.052734375 0.0751953125
1 0.48046875 0.271484375 0.0537109375 0.0859375
1 0.576171875 0.88671875 0.0419921875 0.05859375
1 0.5693359375 0.521484375 0.068359375 0.0849609375
1 0.13671875 0.56640625 0.0400390625 0.064453125
1 0.76171875 0.5048828125 0.048828125 0.044921875
1 0.4462890625 0.955078125 0.03125 0.048828125
1 0.7900390625 0.6142578125 0.04296875 0.064453125
1 0.20703125 0.2529296875 0.0537109375 0.03125
1 0.9599609375 0.0791015625 0.0361328125 0.0537109375
1 0.689453125 0.947265625 0.060546875 0.037109375
1 0.234375 0.876953125 0.044921875 0.029296875
1 0.8583984375 0.0947265625 0.0595703125 0.078125
1 0.9912109375 0.2685546875 0.0166015625 0.0908203125
1 0.2490234375 0.9169921875 0.0478515625 0.04296875
1 0.091796875 0.662109375 0.0625 0.0380859375
1 0.4970703125 0.62109375 0.05078125 0.044921875
