1 0.53125 0.125 0.126953125 0.078125
1 0.6064453125 0.205078125 0.11328125 0.091796875
1 0.9052734375 0.099609375 0.1240234375 0.0927734375
1 0.931640625 0.2890625 0.0888671875 0.083984375
1 0.93359375 0.453125 0.0732421875 0.0673828125
1 0.814453125 0.751953125 0.109375 0.07421875
1 0.9580078125 0.7373046875 0.060546875 0.0546875
1 0.580078125 0.841796875 0.0947265625 0.05859375
1 0.5634765625 0.7138671875 0.08984375 0.0732421875
1 0.73828125 0.794921875 0.0673828125 0.0673828125
1 0.8330078125 0.8583984375 0.078125 0.0625
1 0.8984375 0.8095703125 0.0751953125 0.0595703125
1 0.3740234375 0.814453125 0.0693359375 0.0693359375
1 0.4697265625 0.8740234375 0.0712890625 0.0703125
1 0.455078125 0.7734375 0.07421875 0.0576171875
1 0.4443359375 0.7080078125 0.115234375 0.072265625
1 0.2431640625 0.697265625 0.0947265625 0.095703125
1 0.2978515625 0.58984375 0.095703125 0.091796875
1 0.173828125 0.634765625 0.0732421875 0.0791015625
1 0.2216796875 0.830078125 0.0859375 0.0849609375
1 0.0556640625 0.83203125 0.0712890625 0.05859375
1 0.0458984375 0.5 0.0927734375 0.1376953125
1 0.1748046875 0.4072265625 0.072265625 0.0625
1 0.318359375 0.40234375 0.08984375 0.0625
1 0.458984375 0.4072265625 0.0888671875 0.0517578125
1 0.52734375 0.533203125 0.0703125 0.0537109375
1 0.517578125 0.59375 0.08984375 0.06640625
1 0.6044921875 0.4951171875 0.083984375 0.1181640625
1 0.7177734375 0.400390625 0.0634765625 0.0888671875
1 0.6982421875 0.30859375 0.0712890625 0.0625
1 0.296875 0.3125 0.068359375 0.072265625
1 0.2109375 0.263671875 0.1396484375 0.0693359375
1 0.1083984375 0.3203125 0.07421875 0.0859375
1 0.0380859375 0.291015625 0.076171875 0.05859375
1 0.1552734375 0.0927734375 0.0869140625 0.134765625
1 0.7841796875 0.03125 0.0439453125 0.060546875
1 0.23828125 0.0751953125 0.0625 0.0595703125
1 0.2802734375 0.861328125 0.0390625 0.0419921875
1 0.8408203125 0.068359375 0.0625 0.0595703125
1 0.068359375 0.140625 0.0732421875 0.0908203125
1 0.7939453125 0.7060546875 0.0537109375 0.05078125
