1 0.1474609375 0.9443359375 0.072265625 0.10546875
1 0.38671875 0.2529296875 0.0478515625 0.111328125
1 0.2880859375 0.0771484375 0.0859375 0.1171875
1 0.095703125 0.2001953125 0.0458984375 0.091796875
1 0.169921875 0.2080078125 0.0654296875 0.0732421875
1 0.5166015625 0.75390625 0.1171875 0.060546875
1 0.3427734375 0.05859375 0.0478515625 0.0869140625
1 0.33203125 0.1904296875 0.0732421875 0.11328125
1 0.8525390625 0.162109375 0.05078125 0.08203125
1 0.849609375 0.3154296875 0.0634765625 0.1044921875
1 0.298828125 0.3466796875 0.0478515625 0.1328125
1 0.3603515625 0.76953125 0.0712890625 0.0771484375
1 0.8125 0.177734375 0.072265625 0.068359375
1 0.6865234375 0.43359375 0.1015625 0.0458984375
1 0.4375 0.4013671875 0.0458984375 0.0732421875
1 0.9306640625 0.3896484375 0.0517578125 0.0693359375
1 0.5341796875 0.6474609375 0.0380859375 0.078125
1 0.09375 0.3212890625 0.0849609375 0.0986328125
1 0.9423828125 0.8134765625 0.080078125 0.046875
1 0.453125 0.2041015625 0.0595703125 0.0693359375
1 0.4921875 0.2998046875 0.064453125 0.109375
1 0.8427734375 0.419921875 0.0595703125 0.072265625
1 0.0078125 0.7060546875 0.0166015625 0.07421875
1 0.0263671875 0.3759765625 0.0537109375 0.046875
1 0.98046875 0.703125 0.0341796875 0.076171875
1 0.9365234375 0.6171875 0.0771484375 0.126953125
1 0.7421875 0.8642578125 0.0380859375 0.068359375
1 0.3125 0.53125 0.0693359375 0.150390625
1 0.4189453125 0.7626953125 0.0478515625 0.099609375
1 0.0166015625 0.4794921875 0.0341796875 0.046875
1 0.1572265625 0.3701171875 0.05078125 0.125
1 0.962890625 0.52734375 0.0703125 0.087890625
1 0.4658203125 0.8046875 0.0556640625 0.0771484375
1 0.541015625 0.3916015625 0.0712890625 0.0732421875
1 0.3486328125 0.857421875 0.0263671875 0.048828125
1 0.8984375 0.763671875 0.04296875 0.05859375
1 0.6494140625 0.451171875 0.0732421875 0.037109375
1 0.2099609375 0.873046875 0.08203125 0.052734375
1 0.109375 0.748046875 0.0908203125 0.0625
1 0.484375 0.87109375 0.05859375 0.03515625
1 0.69853515625 0.0615234375 0.12470703125000004 0.123046875
1 0.3271484375 0.4755859375 0.037109375 0.109375
1 0.8173828125 0.8251953125 0.0322265625 0.0498046875
1 0.9443359375 0.1806640625 0.0263671875 0.0654296875
1 0.0859375 0.6708984375 0.0654296875 0.1484375
1 0.6123046875 0.4658203125 0.0634765625 0.0419921875
1 0.2705078125 0.982421875 0.0517578125 0.03515625
1 0.541015625 0.486328125 0.0380859375 0.0634765625
1 0.1640625 0.4462890625 0.0673828125 0.0380859375
1 0.357421875 0.5068359375 0.052734375 0.060546875
1 0.3251953125 0.7333984375 0.09765625 0.0478515625
1 0.6728515625 0.8125 0.04296875 0.021484375
1 0.509765625 0.4921875 0.0771484375 0.0546875
1 0.9736328125 0.283203125 0.048828125 0.0458984375
1 0.8408203125 0.0947265625 0.0634765625 0.060546875
1 0.701171875 0.119140625 0.05859375 0.0859375
1 0.8662109375 0.541015625 0.1005859375 0.0517578125
1 0.0791015625 0.9423828125 0.064453125 0.0458984375
1 0.9716796875 0.92578125 0.056640625 0.0439453125
1 0.8564453125 0.986328125 0.0458984375 0.0263671875
1 0.767578125 0.865234375 0.044921875 0.044921875
