1 0.8720703125 0.4267578125 0.046875 0.0390625
1 0.8828125 0.1826171875 0.1103515625 0.076171875
1 0.615234375 0.0693359375 0.1865234375 0.111328125
1 0.8125 0.2900390625 0.0654296875 0.1982421875
1 0.173828125 0.9697265625 0.1865234375 0.0595703125
1 0.0908203125 0.076171875 0.181640625 0.103515625
1 0.7197265625 0.03125 0.208984375 0.0634765625
1 0.3984375 0.220703125 0.07421875 0.0966796875
1 0.92578125 0.697265625 0.1484375 0.1328125
1 0.8232421875 0.8046875 0.091796875 0.0869140625
1 0.0302734375 0.466796875 0.0615234375 0.068359375
1 0.0634765625 0.28125 0.126953125 0.1083984375
1 0.0732421875 0.154296875 0.146484375 0.1396484375
1 0.708984375 0.25 0.1689453125 0.1181640625
1 0.6064453125 0.16796875 0.150390625 0.0810546875
1 0.619140625 0.2998046875 0.1728515625 0.1240234375
1 0.73828125 0.318359375 0.1669921875 0.072265625
1 0.9404296875 0.265625 0.0791015625 0.087890625
