1 0.0380859375 0.0380859375 0.076171875 0.0771484375
1 0.0634765625 0.9541015625 0.068359375 0.091796875
1 0.0302734375 0.8642578125 0.0595703125 0.0673828125
1 0.12890625 0.8173828125 0.080078125 0.08203125
1 0.138671875 0.9033203125 0.0888671875 0.0654296875
1 0.306640625 0.888671875 0.18359375 0.078125
1 0.4306640625 0.8427734375 0.1748046875 0.0869140625
1 0.060546875 0.5986328125 0.0908203125 0.068359375
1 0.1005859375 0.5166015625 0.08984375 0.064453125
1 0.044921875 0.4697265625 0.0703125 0.11328125
1 0.2294921875 0.578125 0.1171875 0.0712890625
1 0.3271484375 0.5048828125 0.0947265625 0.0869140625
1 0.12890625 0.3916015625 0.1064453125 0.0869140625
1 0.1640625 0.2783203125 0.08203125 0.08984375
1 0.248046875 0.267578125 0.0703125 0.0927734375
1 0.1826171875 0.1806640625 0.0576171875 0.0791015625
1 0.4482421875 0.4345703125 0.09375 0.0751953125
1 0.357421875 0.3046875 0.05859375 0.0693359375
1 0.2666015625 0.1240234375 0.0712890625 0.08984375
1 0.2431640625 0.0302734375 0.119140625 0.060546875
1 0.431640625 0.05859375 0.091796875 0.099609375
1 0.5302734375 0.1376953125 0.1015625 0.0634765625
1 0.4150390625 0.17578125 0.0654296875 0.0810546875
1 0.5615234375 0.2841796875 0.00390625 0.001953125
1 0.6240234375 0.3447265625 0.0732421875 0.078125
1 0.5751953125 0.4482421875 0.0615234375 0.080078125
1 0.7421875 0.4248046875 0.076171875 0.0693359375
1 0.6201171875 0.404296875 0.080078125 0.0615234375
1 0.46875 0.5625 0.0654296875 0.1123046875
1 0.5439453125 0.62890625 0.0712890625 0.1044921875
1 0.6904296875 0.53125 0.0771484375 0.087890625
1 0.681640625 0.6787109375 0.0830078125 0.119140625
1 0.5576171875 0.841796875 0.0732421875 0.08984375
1 0.7099609375 0.806640625 0.07421875 0.0966796875
1 0.8251953125 0.810546875 0.0712890625 0.09375
1 0.646484375 0.8603515625 0.0576171875 0.087890625
1 0.501953125 0.96875 0.0869140625 0.0625
1 0.580078125 0.935546875 0.091796875 0.0703125
1 0.916015625 0.8671875 0.0771484375 0.064453125
1 0.7939453125 0.9150390625 0.1083984375 0.076171875
1 0.9052734375 0.5751953125 0.0654296875 0.1044921875
1 0.83984375 0.5546875 0.0546875 0.0849609375
1 0.810546875 0.326171875 0.0751953125 0.0859375
1 0.7353515625 0.224609375 0.087890625 0.080078125
1 0.8203125 0.107421875 0.1103515625 0.1376953125
1 0.9150390625 0.154296875 0.0654296875 0.0751953125
1 0.939453125 0.3330078125 0.09375 0.060546875
1 0.2666015625 0.9296875 0.06640625 0.072265625
1 0.400390625 0.9423828125 0.0693359375 0.107421875
1 0.3671875 0.7197265625 0.0478515625 0.0556640625
1 0.1865234375 0.7685546875 0.0654296875 0.126953125
1 0.24609375 0.822265625 0.07421875 0.0693359375
1 0.7001953125 0.953125 0.056640625 0.06640625
1 0.98046875 0.7451171875 0.0380859375 0.1005859375
1 0.7734375 0.619140625 0.0703125 0.0859375
1 0.986328125 0.375 0.02734375 0.060546875
1 0.681640625 0.349609375 0.060546875 0.0751953125
1 0.951171875 0.076171875 0.0673828125 0.0556640625
