1 0.0849609375 0.6103515625 0.064453125 0.109375
1 0.880859375 0.3603515625 0.0732421875 0.0966796875
1 0.076171875 0.681640625 0.0546875 0.0888671875
1 0.501953125 0.2421875 0.072265625 0.06640625
1 0.8076171875 0.0927734375 0.0673828125 0.109375
1 0.900390625 0.4453125 0.0791015625 0.083984375
1 0.24609375 0.341796875 0.078125 0.0927734375
1 0.59765625 0.037109375 0.0712890625 0.0751953125
1 0.7958984375 0.732421875 0.0791015625 0.0849609375
1 0.3388671875 0.6123046875 0.041015625 0.12890625
1 0.9580078125 0.3330078125 0.037109375 0.095703125
1 0.697265625 0.03125 0.046875 0.0634765625
1 0.8583984375 0.0810546875 0.080078125 0.1259765625
1 0.2861328125 0.0693359375 0.1494140625 0.0859375
1 0.7783203125 0.9228515625 0.0634765625 0.1416015625
1 0.9072265625 0.0439453125 0.0771484375 0.087890625
1 0.3134765625 0.2998046875 0.041015625 0.109375
1 0.125 0.9072265625 0.0732421875 0.11328125
1 0.8193359375 0.162109375 0.0693359375 0.0576171875
1 0.3291015625 0.263671875 0.0634765625 0.1240234375
1 0.9150390625 0.09765625 0.0703125 0.083984375
1 0.2314453125 0.5029296875 0.068359375 0.1181640625
1 0.6953125 0.1806640625 0.0830078125 0.0615234375
1 0.5634765625 0.486328125 0.0400390625 0.0927734375
1 0.40625 0.0546875 0.1044921875 0.09375
1 0.1767578125 0.728515625 0.087890625 0.109375
1 0.458984375 0.720703125 0.033203125 0.0859375
1 0.896484375 0.720703125 0.080078125 0.115234375
1 0.6240234375 0.662109375 0.048828125 0.1123046875
1 0.181640625 0.07421875 0.0625 0.111328125
1 0.7607421875 0.734375 0.03515625 0.0673828125
1 0.318359375 0.873046875 0.1318359375 0.103515625
1 0.6728515625 0.4697265625 0.0869140625 0.0712890625
1 0.0498046875 0.130859375 0.099609375 0.1044921875
1 0.462890625 0.03125 0.060546875 0.0625
1 0.1826171875 0.296875 0.0498046875 0.1103515625
1 0.03515625 0.3037109375 0.0703125 0.080078125
1 0.6181640625 0.2568359375 0.0595703125 0.06640625
1 0.2099609375 0.412109375 0.080078125 0.083984375
1 0.0166015625 0.974609375 0.0341796875 0.05078125
1 0.60546875 0.3154296875 0.107421875 0.05078125
1 0.6513671875 0.05859375 0.041015625 0.11328125
1 0.583984375 0.46875 0.0283203125 0.0810546875
1 0.6748046875 0.3955078125 0.046875 0.0810546875
1 0.3291015625 0.1845703125 0.0673828125 0.0693359375
1 0.2548828125 0.482421875 0.1064453125 0.083984375
1 0.7255859375 0.9619140625 0.033203125 0.076171875
1 0.66796875 0.0341796875 0.0625 0.0673828125
1 0.69140625 0.845703125 0.072265625 0.060546875
1 0.013671875 0.541015625 0.025390625 0.1025390625
1 0.955078125 0.8271484375 0.0498046875 0.0556640625
1 0.87890625 0.580078125 0.09765625 0.0439453125
1 0.0390625 0.943359375 0.048828125 0.1064453125
1 0.3515625 0.4521484375 0.0810546875 0.0439453125
1 0.474609375 0.6103515625 0.0361328125 0.05859375
1 0.69140625 0.78515625 0.0283203125 0.0595703125
1 0.4580078125 0.984375 0.080078125 0.03125
1 0.119140625 0.4599609375 0.0693359375 0.0576171875
1 0.4765625 0.5048828125 0.1025390625 0.037109375
1 0.185546875 0.5439453125 0.1259765625 0.0400390625
1 0.037109375 0.7802734375 0.0654296875 0.0625
1 0.1474609375 0.759765625 0.048828125 0.0712890625
1 0.9345703125 0.630859375 0.087890625 0.0595703125
1 0.02734375 0.4599609375 0.0546875 0.0556640625
1 0.6875 0.53515625 0.044921875 0.0625
1 0.4921875 0.177734375 0.0625 0.0390625
1 0.1259765625 0.498046875 0.052734375 0.0810546875
1 0.0634765625 0.427734375 0.0791015625 0.060546875
1 0.7744140625 0.5283203125 0.0869140625 0.048828125
1 0.287109375 0.923828125 0.158203125 0.0517578125
1 0.7001953125 0.1611328125 0.0830078125 0.033203125
1 0.5322265625 0.541015625 0.0791015625 0.0341796875
1 0.2802734375 0.8935546875 0.0478515625 0.11328125
1 0.3486328125 0.3740234375 0.0400390625 0.123046875
1 0.2646484375 0.6494140625 0.11328125 0.044921875
1 0.060546875 0.849609375 0.046875 0.0283203125
1 0.1640625 0.494140625 0.025390625 0.0654296875
1 0.4326171875 0.5478515625 0.044921875 0.021484375
1 0.017578125 0.0458984375 0.03515625 0.0693359375
1 0.0126953125 0.65625 0.0263671875 0.0634765625
1 0.3740234375 0.240234375 0.044921875 0.0908203125
1 0.23046875 0.3779296875 0.0439453125 0.05078125
1 0.1904296875 0.50390625 0.0361328125 0.0625
1 0.1484375 0.8984375 0.076171875 0.103515625
1 0.7314453125 0.8896484375 0.044921875 0.033203125
