1 0.189453125 0.6650390625 0.1201171875 0.1220703125
1 0.4130859375 0.94140625 0.1171875 0.0693359375
1 0.517578125 0.1494140625 0.1279296875 0.0751953125
1 0.5546875 0.9091796875 0.134765625 0.0693359375
1 0.6767578125 0.859375 0.0771484375 0.08203125
1 0.8740234375 0.255859375 0.1357421875 0.087890625
1 0.05078125 0.0830078125 0.078125 0.0771484375
1 0.37109375 0.23046875 0.09765625 0.1025390625
1 0.5615234375 0.2490234375 0.1904296875 0.0751953125
1 0.1708984375 0.1220703125 0.1875 0.080078125
1 0.6005859375 0.6435546875 0.177734375 0.1171875
1 0.4111328125 0.3525390625 0.1845703125 0.14453125
1 0.2607421875 0.26171875 0.087890625 0.0751953125
1 0.806640625 0.1826171875 0.1357421875 0.0673828125
1 0.431640625 0.5888671875 0.1552734375 0.1455078125
1 0.7041015625 0.5947265625 0.0947265625 0.0703125
1 0.5244140625 0.85546875 0.0703125 0.0576171875
1 0.2529296875 0.45703125 0.0927734375 0.205078125
1 0.6416015625 0.0283203125 0.0751953125 0.056640625
1 0.6982421875 0.4453125 0.1328125 0.0732421875
1 0.17578125 0.4794921875 0.091796875 0.0703125
1 0.8955078125 0.7763671875 0.2080078125 0.0595703125
1 0.841796875 0.5771484375 0.1748046875 0.220703125
1 0.1474609375 0.0390625 0.125 0.078125
1 0.8095703125 0.6708984375 0.130859375 0.087890625
1 0.3056640625 0.6728515625 0.08203125 0.1318359375
1 0.859375 0.9609375 0.1650390625 0.078125
1 0.7890625 0.091796875 0.1708984375 0.0703125
1 0.375 0.1513671875 0.125 0.0654296875
1 0.54296875 0.0625 0.1572265625 0.0625
1 0.3408203125 0.04296875 0.20703125 0.0869140625
1 0.1025390625 0.3720703125 0.1220703125 0.134765625
1 0.3603515625 0.849609375 0.142578125 0.115234375
1 0.7392578125 0.2490234375 0.1650390625 0.0947265625
1 0.0966796875 0.81640625 0.0947265625 0.2197265625
1 0.0283203125 0.328125 0.0576171875 0.0927734375
1 0.8046875 0.4111328125 0.072265625 0.1025390625
1 0.1083984375 0.955078125 0.080078125 0.08984375
1 0.4970703125 0.76171875 0.064453125 0.0595703125
1 0.3974609375 0.6484375 0.1376953125 0.09765625
1 0.736328125 0.3505859375 0.072265625 0.107421875
1 0.5517578125 0.681640625 0.0947265625 0.0595703125
1 0.7431640625 0.962890625 0.1875 0.07421875
1 0.86328125 0.8740234375 0.0625 0.0693359375
1 0.5703125 0.3583984375 0.0830078125 0.078125
1 0.6220703125 0.482421875 0.08984375 0.0673828125
1 0.7802734375 0.27734375 0.0966796875 0.080078125
1 0.09765625 0.326171875 0.0869140625 0.0625
1 0.7158203125 0.66015625 0.068359375 0.0673828125
1 0.8193359375 0.0009765625 0.115234375 0.001953125
1 0.3193359375 0.783203125 0.064453125 0.087890625
1 0.359375 0.640625 0.205078125 0.052734375
1 0.9130859375 0.8505859375 0.1728515625 0.126953125
1 0.859375 0.7392578125 0.0849609375 0.0546875
1 0.853515625 0.5908203125 0.29296875 0.142578125
1 0.7314453125 0.5029296875 0.1201171875 0.0869140625
1 0.2021484375 0.2529296875 0.0703125 0.0478515625
1 0.509765625 0.3916015625 0.1171875 0.0625
1 0.908203125 0.359375 0.052734375 0.0947265625
1 0.9794921875 0.236328125 0.0400390625 0.1904296875
1 0.724609375 0.0546875 0.19921875 0.0546875
1 0.5830078125 0.05078125 0.142578125 0.087890625
1 0.3291015625 0.0634765625 0.1943359375 0.123046875
1 0.841796875 0.9248046875 0.146484375 0.08984375
1 0.3505859375 0.349609375 0.0751953125 0.083984375
1 0.79296875 0.7998046875 0.11328125 0.091796875
1 0.447265625 0.4169921875 0.072265625 0.0615234375
