1 0.8271484375 0.271484375 0.0751953125 0.08203125
1 0.9677734375 0.9169921875 0.0634765625 0.0498046875
1 0.15234375 0.814453125 0.0927734375 0.0625
1 0.62109375 0.26953125 0.087890625 0.076171875
1 0.0537109375 0.6689453125 0.0712890625 0.064453125
1 0.9755859375 0.0703125 0.048828125 0.06640625
1 0.2880859375 0.7919921875 0.1103515625 0.0576171875
1 0.2802734375 0.9189453125 0.1005859375 0.0615234375
1 0.3681640625 0.5263671875 0.0908203125 0.044921875
1 0.80078125 0.6044921875 0.0869140625 0.0478515625
1 0.322265625 0.576171875 0.0576171875 0.076171875
1 0.2841796875 0.4150390625 0.09375 0.046875
1 0.6904296875 0.9111328125 0.07421875 0.0634765625
1 0.50390625 0.439453125 0.0986328125 0.0400390625
1 0.861328125 0.33203125 0.068359375 0.068359375
1 0.8134765625 0.6982421875 0.1328125 0.0732421875
1 0.498046875 0.3447265625 0.1689453125 0.0576171875
1 0.875 0.9189453125 0.1279296875 0.0712890625
1 0.66015625 0.3583984375 0.08203125 0.0595703125
1 0.15625 0.3359375 0.11328125 0.080078125
1 0.2939453125 0.1103515625 0.146484375 0.0986328125
1 0.2275390625 0.548828125 0.078125 0.064453125
1 0.3515625 0.287109375 0.109375 0.091796875
1 0.830078125 0.85546875 0.0732421875 0.0595703125
1 0.1201171875 0.94140625 0.1142578125 0.076171875
1 0.5263671875 0.5234375 0.072265625 0.04296875
1 0.5390625 0.6171875 0.078125 0.0361328125
1 0.6005859375 0.9658203125 0.0966796875 0.0556640625
1 0.7841796875 0.3359375 0.1005859375 0.072265625
1 0.4814453125 0.6171875 0.1015625 0.0654296875
1 0.1201171875 0.3955078125 0.083984375 0.0439453125
1 0.126953125 0.67578125 0.1044921875 0.0361328125
1 0.248046875 0.6416015625 0.1865234375 0.0498046875
1 0.453125 0.38671875 0.0595703125 0.048828125
1 0.8388671875 0.0771484375 0.0625 0.04296875
1 0.4072265625 0.0615234375 0.11328125 0.052734375
1 0.2216796875 0.9765625 0.068359375 0.04296875
1 0.078125 0.900390625 0.09375 0.041015625
1 0.5751953125 0.751953125 0.1015625 0.0458984375
1 0.421875 0.978515625 0.0927734375 0.0361328125
1 0.4033203125 0.287109375 0.0693359375 0.068359375
1 0.6279296875 0.5546875 0.076171875 0.02734375
1 0.1630859375 0.7646484375 0.1171875 0.0322265625
1 0.7275390625 0.5087890625 0.07421875 0.0458984375
1 0.8720703125 0.0244140625 0.0791015625 0.0498046875
1 0.2451171875 0.423828125 0.0810546875 0.0439453125
1 0.96875 0.115234375 0.05078125 0.05078125
1 0.048828125 0.3828125 0.0947265625 0.0537109375
1 0.658203125 0.080078125 0.111328125 0.0615234375
1 0.3505859375 0.978515625 0.083984375 0.0283203125
1 0.1015625 0.4609375 0.08203125 0.02734375
1 0.3671875 0.734375 0.0732421875 0.0283203125
1 0.107421875 0.853515625 0.1044921875 0.0380859375
1 0.66015625 0.5029296875 0.0615234375 0.041015625
1 0.34765625 0.6865234375 0.0888671875 0.0400390625
1 0.7392578125 0.0634765625 0.095703125 0.060546875
1 0.392578125 0.8740234375 0.0830078125 0.0361328125
1 0.8623046875 0.66015625 0.0498046875 0.0400390625
1 0.0576171875 0.2255859375 0.1064453125 0.060546875
1 0.37890625 0.8251953125 0.0869140625 0.037109375
1 0.3212890625 0.03515625 0.1220703125 0.0380859375
1 0.501953125 0.7255859375 0.0732421875 0.0390625
1 0.212890625 0.587890625 0.115234375 0.029296875
1 0.2734375 0.349609375 0.08984375 0.041015625
1 0.474609375 0.2080078125 0.1015625 0.05078125
1 0.1796875 0.5166015625 0.1083984375 0.0244140625
1 0.943359375 0.7392578125 0.0986328125 0.0380859375
1 0.888671875 0.1259765625 0.0361328125 0.0732421875
1 0.021484375 0.7763671875 0.0439453125 0.0390625
1 0.6416015625 0.416015625 0.0771484375 0.05078125
1 0.4951171875 0.794921875 0.068359375 0.0341796875
1 0.8837890625 0.150390625 0.05078125 0.04296875
1 0.5546875 0.009765625 0.0478515625 0.017578125
1 0.5390625 0.9912109375 0.0849609375 0.0166015625
1 0.390625 0.1376953125 0.10546875 0.05859375
1 0.5634765625 0.0576171875 0.12890625 0.0810546875
1 0.6845703125 0.0224609375 0.0625 0.044921875
1 0.1171875 0.23046875 0.11328125 0.060546875
1 0.259765625 0.3291015625 0.0869140625 0.0595703125
1 0.4541015625 0.7587890625 0.0654296875 0.064453125
1 0.25 0.017578125 0.0712890625 0.0361328125
