1 0.2705078125 0.9580078125 0.080078125 0.083984375
1 0.912109375 0.4296875 0.08984375 0.080078125
1 0.953125 0.908203125 0.0927734375 0.087890625
1 0.427734375 0.7744140625 0.0771484375 0.0849609375
1 0.7001953125 0.859375 0.1376953125 0.0947265625
1 0.7646484375 0.3798828125 0.109375 0.080078125
1 0.9453125 0.0322265625 0.1083984375 0.064453125
1 0.9794921875 0.2060546875 0.0400390625 0.072265625
1 0.359375 0.70703125 0.0947265625 0.0830078125
1 0.7705078125 0.1181640625 0.1123046875 0.087890625
1 0.8935546875 0.251953125 0.09765625 0.080078125
1 0.859375 0.87890625 0.0947265625 0.0751953125
1 0.7666015625 0.27734375 0.0751953125 0.080078125
1 0.8857421875 0.6796875 0.1328125 0.080078125
1 0.482421875 0.837890625 0.08984375 0.0771484375
1 0.6171875 0.421875 0.099609375 0.0947265625
1 0.7412109375 0.55078125 0.107421875 0.0849609375
1 0.623046875 0.265625 0.087890625 0.072265625
1 0.755859375 0.6328125 0.087890625 0.0771484375
1 0.8466796875 0.951171875 0.0654296875 0.0849609375
1 0.828125 0.009765625 0.107421875 0.01953125
1 0.1826171875 0.28125 0.060546875 0.0400390625
1 0.91015625 0.5966796875 0.08203125 0.0703125
1 0.6982421875 0.1484375 0.08203125 0.09765625
1 0.4501953125 0.6767578125 0.0869140625 0.08984375
1 0.7080078125 0.810546875 0.1171875 0.1025390625
1 0.8232421875 0.5732421875 0.06640625 0.064453125
