1 0.8974609375 0.23046875 0.126953125 0.08984375
1 0.734375 0.2021484375 0.119140625 0.1123046875
1 0.4990234375 0.2294921875 0.123046875 0.091796875
1 0.4150390625 0.0458984375 0.087890625 0.0791015625
1 0.181640625 0.51171875 0.1650390625 0.1064453125
1 0.591796875 0.533203125 0.220703125 0.1416015625
1 0.4111328125 0.8232421875 0.119140625 0.1875
1 0.9765625 0.787109375 0.0458984375 0.185546875
1 0.84765625 0.8388671875 0.1328125 0.1728515625
1 0.552734375 0.0166015625 0.080078125 0.033203125
1 0.8544921875 0.021484375 0.1669921875 0.0439453125
1 0.9853515625 0.0048828125 0.0283203125 0.009765625
1 0.244140625 0.15234375 0.1044921875 0.0615234375
1 0.212890625 0.029296875 0.078125 0.0595703125
1 0.095703125 0.06640625 0.0830078125 0.08203125
1 0.064453125 0.208984375 0.1240234375 0.07421875
1 0.2509765625 0.2822265625 0.103515625 0.0888671875
1 0.0380859375 0.3037109375 0.0771484375 0.064453125
1 0.03515625 0.484375 0.0458984375 0.1142578125
1 0.681640625 0.4482421875 0.0791015625 0.0498046875
1 0.974609375 0.4853515625 0.05078125 0.068359375
1 0.8193359375 0.52734375 0.0712890625 0.08984375
1 0.755859375 0.697265625 0.060546875 0.0732421875
1 0.671875 0.7060546875 0.0693359375 0.08203125
1 0.5400390625 0.6689453125 0.095703125 0.0732421875
1 0.580078125 0.708984375 0.080078125 0.076171875
1 0.6787109375 0.8271484375 0.07421875 0.07421875
1 0.787109375 0.951171875 0.107421875 0.09765625
1 0.9638671875 0.615234375 0.072265625 0.0732421875
1 0.240234375 0.6865234375 0.0634765625 0.076171875
1 0.1494140625 0.8115234375 0.0966796875 0.099609375
1 0.2451171875 0.9208984375 0.0986328125 0.1572265625
1 0.5634765625 0.966796875 0.1220703125 0.06640625
1 0.0419921875 0.7646484375 0.0849609375 0.126953125
1 0.0224609375 0.630859375 0.0458984375 0.078125
1 0.0380859375 0.8984375 0.072265625 0.123046875
1 0.4365234375 0.201171875 0.078125 0.078125
1 0.2158203125 0.216796875 0.1123046875 0.0625
