1 0.09375 0.0361328125 0.06640625 0.072265625
1 0.029296875 0.1318359375 0.0546875 0.0654296875
1 0.12109375 0.15625 0.1044921875 0.0703125
1 0.041015625 0.2255859375 0.05078125 0.0517578125
1 0.03515625 0.306640625 0.0615234375 0.0595703125
1 0.0322265625 0.3642578125 0.0625 0.0537109375
1 0.087890625 0.388671875 0.0908203125 0.0556640625
1 0.201171875 0.2998046875 0.0791015625 0.0869140625
1 0.27734375 0.2802734375 0.119140625 0.052734375
1 0.2470703125 0.2314453125 0.0625 0.060546875
1 0.4443359375 0.1826171875 0.0673828125 0.060546875
1 0.3544921875 0.41796875 0.078125 0.0712890625
1 0.4794921875 0.3544921875 0.068359375 0.0654296875
1 0.5966796875 0.3681640625 0.0634765625 0.06640625
1 0.595703125 0.2900390625 0.0869140625 0.083984375
1 0.0849609375 0.63671875 0.078125 0.0537109375
1 0.1142578125 0.6875 0.07421875 0.060546875
1 0.0419921875 0.7138671875 0.064453125 0.0703125
1 0.2353515625 0.6943359375 0.0634765625 0.0654296875
1 0.119140625 0.7861328125 0.0791015625 0.05859375
1 0.1826171875 0.828125 0.076171875 0.0771484375
1 0.0751953125 0.876953125 0.0712890625 0.0751953125
1 0.138671875 0.9365234375 0.0791015625 0.0869140625
1 0.29296875 0.8701171875 0.060546875 0.0712890625
1 0.4365234375 0.810546875 0.09375 0.0615234375
1 0.3857421875 0.7587890625 0.08203125 0.0546875
1 0.5439453125 0.8544921875 0.09375 0.1640625
1 0.5888671875 0.9306640625 0.103515625 0.06640625
1 0.953125 0.927734375 0.0478515625 0.0478515625
1 0.9033203125 0.8798828125 0.0517578125 0.0712890625
1 0.8896484375 0.8193359375 0.072265625 0.0556640625
1 0.77734375 0.8232421875 0.0595703125 0.0625
1 0.978515625 0.8486328125 0.04296875 0.0634765625
1 0.9716796875 0.7314453125 0.056640625 0.0771484375
1 0.83203125 0.7353515625 0.0654296875 0.091796875
1 0.7080078125 0.6962890625 0.05859375 0.052734375
1 0.828125 0.6513671875 0.080078125 0.0771484375
1 0.8642578125 0.6025390625 0.064453125 0.0478515625
1 0.89453125 0.6513671875 0.0537109375 0.056640625
1 0.8125 0.6103515625 0.0537109375 0.04296875
1 0.53125 0.57421875 0.0703125 0.0693359375
1 0.8603515625 0.4013671875 0.095703125 0.0595703125
1 0.751953125 0.2451171875 0.0576171875 0.07421875
1 0.8076171875 0.255859375 0.0654296875 0.0693359375
1 0.9404296875 0.2685546875 0.0888671875 0.0771484375
1 0.9765625 0.025390625 0.0458984375 0.05078125
1 0.02734375 0.7490234375 0.048828125 0.0869140625
