1 0.080078125 0.1982421875 0.05859375 0.0859375
1 0.208984375 0.21875 0.1416015625 0.0888671875
1 0.1572265625 0.2939453125 0.1015625 0.05859375
1 0.0400390625 0.5126953125 0.080078125 0.08203125
1 0.029296875 0.3583984375 0.05859375 0.0625
1 0.1748046875 0.375 0.107421875 0.0595703125
1 0.1396484375 0.4404296875 0.0625 0.0751953125
1 0.34375 0.56640625 0.0634765625 0.083984375
1 0.087890625 0.6025390625 0.0439453125 0.0439453125
1 0.1220703125 0.6962890625 0.0888671875 0.154296875
1 0.0234375 0.701171875 0.046875 0.0986328125
1 0.1904296875 0.8642578125 0.1044921875 0.11328125
1 0.0859375 0.9560546875 0.0517578125 0.0869140625
1 0.3056640625 0.8603515625 0.078125 0.0625
1 0.3310546875 0.9541015625 0.0966796875 0.083984375
1 0.033203125 0.841796875 0.06640625 0.07421875
1 0.02734375 0.9677734375 0.0546875 0.064453125
1 0.1220703125 0.05078125 0.1396484375 0.1025390625
1 0.81640625 0.0625 0.0986328125 0.1259765625
1 0.56640625 0.083984375 0.080078125 0.0732421875
1 0.650390625 0.0771484375 0.1337890625 0.0869140625
1 0.7265625 0.1484375 0.109375 0.0703125
1 0.69921875 0.2265625 0.068359375 0.0625
1 0.7119140625 0.2802734375 0.0751953125 0.0810546875
1 0.6376953125 0.2294921875 0.044921875 0.0537109375
1 0.4482421875 0.2021484375 0.1181640625 0.09375
1 0.3857421875 0.2919921875 0.05859375 0.095703125
1 0.3623046875 0.4287109375 0.150390625 0.0732421875
1 0.51953125 0.2958984375 0.0986328125 0.07421875
1 0.63671875 0.3154296875 0.0576171875 0.0615234375
1 0.6826171875 0.359375 0.0615234375 0.0595703125
1 0.6025390625 0.4140625 0.1064453125 0.0703125
1 0.67578125 0.4599609375 0.06640625 0.08984375
1 0.494140625 0.4990234375 0.08203125 0.076171875
1 0.7587890625 0.5263671875 0.048828125 0.052734375
1 0.85546875 0.4775390625 0.0703125 0.0810546875
1 0.4697265625 0.7060546875 0.087890625 0.0625
1 0.5107421875 0.7763671875 0.0703125 0.060546875
1 0.4384765625 0.802734375 0.076171875 0.080078125
1 0.69140625 0.771484375 0.0673828125 0.0693359375
1 0.6689453125 0.828125 0.05859375 0.0625
1 0.7431640625 0.8359375 0.1083984375 0.09375
1 0.798828125 0.9365234375 0.05078125 0.0751953125
1 0.7470703125 0.97265625 0.048828125 0.0537109375
1 0.607421875 0.923828125 0.060546875 0.076171875
1 0.8935546875 0.9462890625 0.0673828125 0.0966796875
1 0.958984375 0.6083984375 0.0810546875 0.1650390625
1 0.9248046875 0.41796875 0.0517578125 0.076171875
1 0.974609375 0.37109375 0.05078125 0.0771484375
1 0.82421875 0.318359375 0.056640625 0.056640625
1 0.9775390625 0.7705078125 0.0439453125 0.083984375
1 0.146484375 0.6806640625 0.08203125 0.109375
