1 0.1669921875 0.4228515625 0.076171875 0.0751953125
1 0.7978515625 0.5263671875 0.087890625 0.0712890625
1 0.5068359375 0.41015625 0.0556640625 0.078125
1 0.1455078125 0.17578125 0.0478515625 0.1015625
1 0.6787109375 0.1767578125 0.083984375 0.087890625
1 0.4501953125 0.064453125 0.1015625 0.076171875
1 0.6513671875 0.8515625 0.1044921875 0.068359375
1 0.87890625 0.9541015625 0.0830078125 0.0908203125
1 0.951171875 0.6181640625 0.0888671875 0.0751953125
1 0.494140625 0.474609375 0.087890625 0.046875
1 0.96484375 0.4052734375 0.0654296875 0.1083984375
1 0.1298828125 0.0615234375 0.095703125 0.0615234375
1 0.2783203125 0.7021484375 0.048828125 0.12109375
1 0.1982421875 0.5283203125 0.115234375 0.0625
1 0.1044921875 0.4541015625 0.091796875 0.06640625
1 0.2109375 0.5810546875 0.173828125 0.064453125
1 0.447265625 0.953125 0.046875 0.0927734375
1 0.603515625 0.673828125 0.0791015625 0.0458984375
1 0.806640625 0.7158203125 0.0517578125 0.0673828125
1 0.0419921875 0.6298828125 0.06640625 0.037109375
1 0.44140625 0.173828125 0.0732421875 0.080078125
1 0.322265625 0.111328125 0.06640625 0.0478515625
1 0.2685546875 0.525390625 0.044921875 0.068359375
1 0.0478515625 0.6015625 0.0751953125 0.0537109375
1 0.0654296875 0.1474609375 0.0703125 0.0517578125
1 0.1298828125 0.0986328125 0.0830078125 0.046875
1 0.669921875 0.2939453125 0.0830078125 0.044921875
1 0.4921875 0.5126953125 0.1044921875 0.0693359375
1 0.76953125 0.8076171875 0.056640625 0.0712890625
1 0.36328125 0.802734375 0.0849609375 0.0458984375
1 0.6796875 0.6005859375 0.0859375 0.056640625
1 0.353515625 0.177734375 0.1123046875 0.0517578125
1 0.5205078125 0.228515625 0.1015625 0.0556640625
1 0.0126953125 0.1630859375 0.0263671875 0.033203125
1 0.4150390625 0.525390625 0.076171875 0.0498046875
1 0.0732421875 0.51953125 0.14453125 0.0556640625
1 0.3466796875 0.3037109375 0.1240234375 0.0537109375
1 0.359375 0.93359375 0.115234375 0.126953125
1 0.1240234375 0.318359375 0.0869140625 0.046875
1 0.4560546875 0.095703125 0.068359375 0.0244140625
1 0.607421875 0.021484375 0.0859375 0.04296875
1 0.458984375 0.142578125 0.0625 0.048828125
1 0.9287109375 0.4013671875 0.0517578125 0.0576171875
1 0.537109375 0.931640625 0.0791015625 0.0419921875
1 0.91796875 0.1953125 0.05078125 0.048828125
1 0.9091796875 0.5400390625 0.064453125 0.064453125
1 0.1494140625 0.970703125 0.1240234375 0.046875
1 0.330078125 0.50390625 0.0986328125 0.064453125
1 0.697265625 0.5439453125 0.0732421875 0.037109375
1 0.181640625 0.8408203125 0.12109375 0.0498046875
1 0.4736328125 0.5732421875 0.087890625 0.052734375
1 0.8701171875 0.6796875 0.091796875 0.0439453125
1 0.537109375 0.1376953125 0.1005859375 0.0595703125
1 0.0625 0.380859375 0.064453125 0.0390625
1 0.083984375 0.564453125 0.1005859375 0.0537109375
1 0.689453125 0.251953125 0.0439453125 0.0478515625
1 0.7646484375 0.896484375 0.0498046875 0.0419921875
1 0.271484375 0.1875 0.12109375 0.05078125
1 0.564453125 0.8466796875 0.06640625 0.046875
1 0.5615234375 0.9658203125 0.072265625 0.0390625
1 0.177734375 0.8359375 0.07421875 0.0869140625
1 0.5576171875 0.5634765625 0.083984375 0.0498046875
1 0.9404296875 0.8857421875 0.0400390625 0.0458984375
1 0.556640625 0.1611328125 0.08984375 0.0439453125
1 0.3427734375 0.9833984375 0.0400390625 0.03125
1 0.1357421875 0.9267578125 0.138671875 0.068359375
1 0.044921875 0.9609375 0.0869140625 0.0546875
1 0.8779296875 0.275390625 0.080078125 0.048828125
1 0.6240234375 0.2734375 0.0595703125 0.05859375
1 0.7158203125 0.9609375 0.0634765625 0.0595703125
1 0.96484375 0.7548828125 0.056640625 0.0537109375
1 0.21875 0.287109375 0.068359375 0.046875
1 0.0478515625 0.353515625 0.08203125 0.046875
1 0.306640625 0.9658203125 0.0625 0.044921875
