1 0.9287109375 0.716796875 0.0595703125 0.0537109375
1 0.9423828125 0.763671875 0.0537109375 0.046875
1 0.7822265625 0.470703125 0.0888671875 0.0693359375
1 0.6259765625 0.6357421875 0.0625 0.0498046875
1 0.5615234375 0.716796875 0.0791015625 0.0615234375
1 0.759765625 0.8310546875 0.0751953125 0.07421875
1 0.7158203125 0.91796875 0.076171875 0.0810546875
1 0.38671875 0.8349609375 0.0810546875 0.072265625
1 0.3154296875 0.73828125 0.0693359375 0.048828125
1 0.5029296875 0.6796875 0.1513671875 0.068359375
1 0.4619140625 0.578125 0.0693359375 0.0732421875
1 0.4443359375 0.642578125 0.080078125 0.0693359375
1 0.3916015625 0.5888671875 0.0693359375 0.0615234375
1 0.423828125 0.5205078125 0.109375 0.076171875
1 0.5009765625 0.486328125 0.0771484375 0.068359375
1 0.4140625 0.431640625 0.0859375 0.0673828125
1 0.291015625 0.55078125 0.0732421875 0.078125
1 0.408203125 0.2587890625 0.0966796875 0.0654296875
1 0.4482421875 0.1875 0.0732421875 0.0556640625
1 0.20703125 0.2060546875 0.15234375 0.0771484375
1 0.1455078125 0.041015625 0.087890625 0.0830078125
1 0.96875 0.0302734375 0.0625 0.060546875
1 0.9853515625 0.1396484375 0.029296875 0.0712890625
1 0.9375 0.1376953125 0.0869140625 0.072265625
1 0.9404296875 0.19921875 0.0673828125 0.0654296875
1 0.9619140625 0.2705078125 0.0751953125 0.0625
1 0.8232421875 0.181640625 0.05078125 0.0654296875
1 0.857421875 0.162109375 0.05859375 0.0634765625
1 0.8349609375 0.0830078125 0.05859375 0.0810546875
1 0.7626953125 0.0205078125 0.072265625 0.0419921875
1 0.255859375 0.962890625 0.0908203125 0.072265625
1 0.111328125 0.9404296875 0.1484375 0.0927734375
1 0.021484375 0.9365234375 0.04296875 0.05859375
1 0.0556640625 0.7158203125 0.0791015625 0.068359375
1 0.134765625 0.6982421875 0.0947265625 0.0615234375
1 0.056640625 0.568359375 0.068359375 0.052734375
1 0.1142578125 0.6259765625 0.08984375 0.0517578125
1 0.1728515625 0.494140625 0.060546875 0.0634765625
1 0.07421875 0.4560546875 0.1025390625 0.1298828125
1 0.1015625 0.36328125 0.1181640625 0.0703125
1 0.18359375 0.53515625 0.052734375 0.048828125
1 0.267578125 0.6533203125 0.0625 0.0634765625
1 0.4873046875 0.9638671875 0.0400390625 0.029296875
1 0.2900390625 0.595703125 0.04296875 0.0302734375
1 0.8779296875 0.0595703125 0.0478515625 0.068359375
1 0.9326171875 0.087890625 0.072265625 0.056640625
