1 0.740234375 0.3984375 0.125 0.1171875
1 0.8623046875 0.52734375 0.115234375 0.1005859375
1 0.0419921875 0.646484375 0.0849609375 0.1298828125
1 0.431640625 0.1767578125 0.123046875 0.125
1 0.7548828125 0.751953125 0.1337890625 0.0859375
1 0.53125 0.2431640625 0.08984375 0.115234375
1 0.4990234375 0.802734375 0.1337890625 0.1259765625
1 0.0537109375 0.4423828125 0.0947265625 0.099609375
1 0.296875 0.158203125 0.09765625 0.0771484375
1 0.8466796875 0.1923828125 0.2197265625 0.21484375
1 0.8994140625 0.8720703125 0.150390625 0.1552734375
1 0.490234375 0.6728515625 0.16015625 0.1123046875
1 0.3515625 0.04296875 0.1875 0.0849609375
1 0.9541015625 0.6884765625 0.0849609375 0.1171875
1 0.9482421875 0.548828125 0.095703125 0.072265625
1 0.728515625 0.041015625 0.162109375 0.078125
1 0.5185546875 0.037109375 0.162109375 0.0703125
1 0.935546875 0.0341796875 0.1220703125 0.0654296875
1 0.05078125 0.7802734375 0.091796875 0.0751953125
