1 0.244140625 0.017578125 0.0634765625 0.0361328125
1 0.3564453125 0.0546875 0.048828125 0.0654296875
1 0.9326171875 0.0947265625 0.0478515625 0.109375
1 0.9716796875 0.091796875 0.056640625 0.126953125
1 0.2216796875 0.1640625 0.13671875 0.1015625
1 0.2041015625 0.2724609375 0.0986328125 0.115234375
1 0.474609375 0.26171875 0.0869140625 0.0791015625
1 0.5654296875 0.2412109375 0.0673828125 0.0810546875
1 0.58984375 0.369140625 0.0693359375 0.0634765625
1 0.3154296875 0.48046875 0.10546875 0.0712890625
1 0.1767578125 0.54296875 0.095703125 0.10546875
1 0.052734375 0.5712890625 0.09375 0.1181640625
1 0.7685546875 0.3359375 0.0888671875 0.138671875
1 0.8349609375 0.26171875 0.048828125 0.0751953125
1 0.8994140625 0.3857421875 0.064453125 0.095703125
1 0.9365234375 0.9326171875 0.1025390625 0.103515625
1 0.779296875 0.9052734375 0.08203125 0.099609375
1 0.5244140625 0.8916015625 0.158203125 0.1005859375
1 0.65234375 0.9306640625 0.0986328125 0.138671875
1 0.1162109375 0.8857421875 0.0888671875 0.0654296875
1 0.1845703125 0.9365234375 0.0986328125 0.0830078125
1 0.0439453125 0.953125 0.087890625 0.0576171875
1 0.6494140625 0.119140625 0.126953125 0.0849609375
