1 0.9091796875 0.2412109375 0.0546875 0.0791015625
1 0.4482421875 0.4736328125 0.0673828125 0.08203125
1 0.857421875 0.8720703125 0.08984375 0.1318359375
1 0.9794921875 0.8662109375 0.0361328125 0.109375
1 0.5810546875 0.658203125 0.09375 0.05859375
1 0.3701171875 0.3935546875 0.0693359375 0.0693359375
1 0.8994140625 0.41015625 0.0810546875 0.064453125
1 0.849609375 0.341796875 0.0400390625 0.0927734375
1 0.5888671875 0.4052734375 0.1396484375 0.109375
1 0.9765625 0.2109375 0.0458984375 0.068359375
1 0.0263671875 0.193359375 0.0439453125 0.0986328125
1 0.2421875 0.376953125 0.0810546875 0.064453125
1 0.0283203125 0.5615234375 0.056640625 0.0478515625
1 0.775390625 0.7412109375 0.0322265625 0.0791015625
1 0.0859375 0.5224609375 0.05859375 0.072265625
1 0.5439453125 0.1298828125 0.123046875 0.1025390625
1 0.83203125 0.802734375 0.0703125 0.046875
1 0.916015625 0.8955078125 0.076171875 0.044921875
1 0.8779296875 0.974609375 0.0546875 0.05078125
1 0.77734375 0.453125 0.0478515625 0.05078125
1 0.369140625 0.8154296875 0.0712890625 0.03515625
1 0.6015625 0.8681640625 0.0810546875 0.0830078125
1 0.228515625 0.2890625 0.076171875 0.0810546875
1 0.41015625 0.02734375 0.109375 0.0361328125
1 0.16015625 0.3232421875 0.078125 0.0439453125
1 0.0380859375 0.1962890625 0.044921875 0.0986328125
1 0.53125 0.0234375 0.0615234375 0.0478515625
1 0.6767578125 0.71875 0.03125 0.08984375
1 0.8427734375 0.4287109375 0.0478515625 0.0517578125
1 0.1650390625 0.0634765625 0.0634765625 0.056640625
1 0.66796875 0.8125 0.033203125 0.0927734375
1 0.0869140625 0.0361328125 0.0478515625 0.0703125
1 0.130859375 0.791015625 0.0771484375 0.0380859375
1 0.2734375 0.3525390625 0.107421875 0.0517578125
1 0.212890625 0.6103515625 0.060546875 0.0419921875
1 0.482421875 0.8818359375 0.1298828125 0.05078125
1 0.95703125 0.6513671875 0.05859375 0.052734375
1 0.234375 0.671875 0.0712890625 0.041015625
1 0.1953125 0.8486328125 0.0732421875 0.0400390625
1 0.455078125 0.701171875 0.0634765625 0.041015625
1 0.44140625 0.7587890625 0.0478515625 0.0537109375
1 0.2861328125 0.5859375 0.05078125 0.0263671875
1 0.763671875 0.91015625 0.044921875 0.029296875
1 0.9345703125 0.0283203125 0.0986328125 0.0244140625
1 0.3564453125 0.876953125 0.0615234375 0.0517578125
1 0.6123046875 0.734375 0.076171875 0.0283203125
1 0.62109375 0.779296875 0.0546875 0.04296875
1 0.8974609375 0.0390625 0.048828125 0.0634765625
1 0.6337890625 0.7822265625 0.046875 0.05078125
1 0.86328125 0.5859375 0.0517578125 0.0498046875
1 0.2509765625 0.0263671875 0.078125 0.0390625
1 0.6240234375 0.1669921875 0.05078125 0.0849609375
1 0.5859375 0.9306640625 0.0771484375 0.060546875
1 0.5146484375 0.396484375 0.0439453125 0.111328125
