1 0.0361328125 0.28515625 0.072265625 0.10546875
1 0.03515625 0.015625 0.0712890625 0.0322265625
1 0.0859375 0.140625 0.125 0.0625
1 0.970703125 0.0869140625 0.0576171875 0.099609375
1 0.888671875 0.1103515625 0.0712890625 0.0830078125
1 0.8505859375 0.0263671875 0.06640625 0.0537109375
1 0.9638671875 0.2138671875 0.072265625 0.0537109375
1 0.5810546875 0.01953125 0.1162109375 0.0400390625
1 0.4833984375 0.037109375 0.083984375 0.0654296875
1 0.4013671875 0.1240234375 0.0654296875 0.08203125
1 0.5927734375 0.15625 0.07421875 0.083984375
1 0.72265625 0.21484375 0.08203125 0.0693359375
1 0.65234375 0.251953125 0.064453125 0.0595703125
1 0.791015625 0.267578125 0.09765625 0.07421875
1 0.8662109375 0.23046875 0.07421875 0.064453125
1 0.693359375 0.3154296875 0.103515625 0.0595703125
1 0.97265625 0.37109375 0.0546875 0.0712890625
1 0.84765625 0.515625 0.07421875 0.0830078125
1 0.7353515625 0.4091796875 0.0791015625 0.068359375
1 0.5810546875 0.4228515625 0.103515625 0.0771484375
1 0.62890625 0.515625 0.0517578125 0.0771484375
1 0.5771484375 0.5234375 0.052734375 0.0791015625
1 0.775390625 0.556640625 0.0595703125 0.072265625
1 0.7265625 0.6240234375 0.0654296875 0.0478515625
1 0.4296875 0.458984375 0.091796875 0.0703125
1 0.3173828125 0.25390625 0.0908203125 0.0654296875
1 0.1787109375 0.47265625 0.078125 0.0625
1 0.3310546875 0.541015625 0.0712890625 0.1064453125
1 0.4169921875 0.583984375 0.0771484375 0.103515625
1 0.166015625 0.2548828125 0.080078125 0.0625
1 0.126953125 0.3388671875 0.078125 0.0673828125
1 0.2275390625 0.2001953125 0.08203125 0.068359375
1 0.2783203125 0.16015625 0.0537109375 0.056640625
1 0.51953125 0.724609375 0.0869140625 0.0732421875
1 0.2099609375 0.783203125 0.201171875 0.1103515625
1 0.314453125 0.83203125 0.099609375 0.126953125
1 0.583984375 0.7958984375 0.15625 0.072265625
1 0.71875 0.755859375 0.115234375 0.0771484375
1 0.5615234375 0.904296875 0.1103515625 0.1435546875
1 0.478515625 0.8720703125 0.080078125 0.0849609375
1 0.3564453125 0.94140625 0.0859375 0.0771484375
1 0.28515625 0.91015625 0.115234375 0.1015625
1 0.2119140625 0.8623046875 0.0625 0.076171875
1 0.1337890625 0.9345703125 0.0771484375 0.0830078125
1 0.0390625 0.962890625 0.078125 0.07421875
1 0.26171875 0.984375 0.072265625 0.03125
1 0.701171875 0.9072265625 0.072265625 0.0771484375
1 0.8076171875 0.9658203125 0.111328125 0.0673828125
1 0.859375 0.904296875 0.099609375 0.068359375
1 0.9111328125 0.9736328125 0.1025390625 0.0478515625
1 0.9892578125 0.9248046875 0.0205078125 0.0625
1 0.9482421875 0.8232421875 0.103515625 0.111328125
1 0.9140625 0.720703125 0.109375 0.087890625
1 0.0283203125 0.7548828125 0.056640625 0.0712890625
1 0.0234375 0.4462890625 0.0478515625 0.0625
1 0.6806640625 0.0712890625 0.0771484375 0.091796875
1 0.9365234375 0.47265625 0.0703125 0.0888671875
1 0.2197265625 0.1376953125 0.0439453125 0.068359375
1 0.4296875 0.955078125 0.08984375 0.0361328125
1 0.4208984375 0.9287109375 0.0986328125 0.037109375
1 0.7783203125 0.7099609375 0.0810546875 0.064453125
1 0.5703125 0.3984375 0.076171875 0.0546875
1 0.826171875 0.423828125 0.041015625 0.0400390625
