1 0.2099609375 0.0302734375 0.05859375 0.0615234375
1 0.1142578125 0.5478515625 0.0771484375 0.08203125
1 0.1787109375 0.4560546875 0.0615234375 0.0654296875
1 0.056640625 0.3876953125 0.0556640625 0.0751953125
1 0.3095703125 0.34375 0.1279296875 0.08984375
1 0.240234375 0.2841796875 0.0810546875 0.0625
1 0.2197265625 0.2255859375 0.0556640625 0.06640625
1 0.37109375 0.5009765625 0.138671875 0.1044921875
1 0.40625 0.4423828125 0.08203125 0.06640625
1 0.447265625 0.3779296875 0.0625 0.068359375
1 0.5029296875 0.3408203125 0.064453125 0.0615234375
1 0.2431640625 0.7060546875 0.080078125 0.103515625
1 0.060546875 0.9462890625 0.0498046875 0.052734375
1 0.0576171875 0.888671875 0.0927734375 0.0654296875
1 0.4697265625 0.091796875 0.064453125 0.0703125
1 0.7470703125 0.0283203125 0.0751953125 0.0576171875
1 0.859375 0.02734375 0.0615234375 0.0556640625
1 0.6923828125 0.34765625 0.068359375 0.0615234375
1 0.5908203125 0.4267578125 0.0751953125 0.0625
1 0.6962890625 0.513671875 0.0771484375 0.0595703125
1 0.595703125 0.6259765625 0.0986328125 0.1142578125
1 0.76171875 0.6396484375 0.064453125 0.091796875
1 0.8974609375 0.5048828125 0.0703125 0.0595703125
1 0.591796875 0.9560546875 0.083984375 0.080078125
1 0.8408203125 0.90625 0.142578125 0.08203125
1 0.8095703125 0.9697265625 0.0966796875 0.060546875
1 0.8681640625 0.966796875 0.0732421875 0.048828125
1 0.966796875 0.9462890625 0.06640625 0.0615234375
1 0.9775390625 0.3701171875 0.0419921875 0.0732421875
1 0.966796875 0.509765625 0.0595703125 0.0625
1 0.0341796875 0.5244140625 0.068359375 0.05859375
1 0.98828125 0.5498046875 0.0224609375 0.060546875
