1 0.0693359375 0.287109375 0.10546875 0.099609375
1 0.6845703125 0.822265625 0.140625 0.115234375
1 0.30859375 0.4697265625 0.0859375 0.111328125
1 0.0361328125 0.203125 0.0732421875 0.126953125
1 0.73046875 0.9482421875 0.1328125 0.1025390625
1 0.1533203125 0.5869140625 0.10546875 0.072265625
1 0.685546875 0.4052734375 0.142578125 0.1279296875
1 0.4765625 0.443359375 0.0947265625 0.1025390625
1 0.8408203125 0.2158203125 0.1416015625 0.1279296875
1 0.1142578125 0.42578125 0.1298828125 0.1376953125
1 0.873046875 0.4638671875 0.1572265625 0.0966796875
1 0.9130859375 0.611328125 0.16015625 0.080078125
1 0.1435546875 0.21875 0.078125 0.0966796875
1 0.5439453125 0.7197265625 0.1318359375 0.08984375
1 0.3701171875 0.9404296875 0.1220703125 0.107421875
1 0.6904296875 0.123046875 0.2177734375 0.125
1 0.8828125 0.349609375 0.1376953125 0.0849609375
1 0.376953125 0.580078125 0.0986328125 0.109375
1 0.1103515625 0.037109375 0.1474609375 0.0703125
1 0.94921875 0.26171875 0.0947265625 0.0849609375
1 0.6328125 0.7275390625 0.130859375 0.056640625
1 0.9521484375 0.4521484375 0.0927734375 0.1640625
1 0.947265625 0.3505859375 0.1044921875 0.0927734375
