1 0.1591796875 0.2333984375 0.1201171875 0.1328125
1 0.6201171875 0.89453125 0.0869140625 0.0546875
1 0.2451171875 0.4267578125 0.0869140625 0.080078125
1 0.57421875 0.951171875 0.1396484375 0.0751953125
1 0.2890625 0.5 0.0595703125 0.0771484375
1 0.65234375 0.6669921875 0.125 0.0703125
1 0.6328125 0.5546875 0.1025390625 0.0703125
1 0.0947265625 0.9765625 0.08984375 0.0458984375
1 0.6728515625 0.2626953125 0.1181640625 0.1318359375
1 0.7158203125 0.119140625 0.087890625 0.080078125
1 0.7080078125 0.4892578125 0.0830078125 0.0595703125
1 0.267578125 0.5703125 0.1025390625 0.0673828125
1 0.150390625 0.8203125 0.1474609375 0.1220703125
1 0.8369140625 0.6982421875 0.08984375 0.091796875
1 0.2822265625 0.6875 0.10546875 0.0673828125
1 0.3505859375 0.6201171875 0.1328125 0.0830078125
1 0.4013671875 0.7314453125 0.0947265625 0.0693359375
1 0.56640625 0.08203125 0.1455078125 0.099609375
1 0.0283203125 0.25390625 0.056640625 0.0595703125
1 0.0283203125 0.9609375 0.056640625 0.078125
1 0.015625 0.517578125 0.0322265625 0.0830078125
1 0.94140625 0.5830078125 0.0693359375 0.072265625
1 0.01171875 0.8994140625 0.0244140625 0.095703125
1 0.94140625 0.7470703125 0.1044921875 0.10546875
1 0.248046875 0.142578125 0.072265625 0.0830078125
1 0.3486328125 0.099609375 0.0625 0.095703125
1 0.5439453125 0.19140625 0.0849609375 0.0751953125
1 0.755859375 0.7578125 0.13671875 0.0625
1 0.1279296875 0.046875 0.1923828125 0.0947265625
1 0.0869140625 0.7392578125 0.060546875 0.0498046875
1 0.44921875 0.3818359375 0.080078125 0.0703125
1 0.64453125 0.7978515625 0.0546875 0.0576171875
1 0.251953125 0.076171875 0.140625 0.0849609375
1 0.0224609375 0.6083984375 0.0458984375 0.0732421875
1 0.873046875 0.95703125 0.107421875 0.0859375
1 0.26953125 0.7421875 0.064453125 0.0703125
1 0.4619140625 0.560546875 0.0751953125 0.087890625
1 0.9404296875 0.48046875 0.1181640625 0.0771484375
1 0.7783203125 0.400390625 0.11328125 0.0625
1 0.86328125 0.0341796875 0.19140625 0.0654296875
1 0.30078125 0.36328125 0.052734375 0.068359375
1 0.943359375 0.8876953125 0.107421875 0.0673828125
1 0.6708984375 0.017578125 0.08203125 0.0322265625
1 0.7109375 0.3828125 0.123046875 0.0771484375
1 0.943359375 0.384765625 0.107421875 0.10546875
1 0.111328125 0.8857421875 0.1201171875 0.08203125
1 0.802734375 0.9453125 0.0869140625 0.0478515625
1 0.1220703125 0.8095703125 0.064453125 0.0703125
1 0.2841796875 0.611328125 0.0556640625 0.1044921875
1 0.92578125 0.349609375 0.052734375 0.0703125
1 0.2392578125 0.36328125 0.0849609375 0.072265625
1 0.2001953125 0.3564453125 0.0322265625 0.0302734375
1 0.5263671875 0.0517578125 0.1494140625 0.0595703125
1 0.978515625 0.0439453125 0.04296875 0.0302734375
1 0.94140625 0.02734375 0.1171875 0.0546875
