1 0.2197265625 0.0263671875 0.0771484375 0.052734375
1 0.0615234375 0.08984375 0.07421875 0.1796875
1 0.1005859375 0.1279296875 0.0947265625 0.0751953125
1 0.107421875 0.23046875 0.0673828125 0.1572265625
1 0.0595703125 0.28125 0.0634765625 0.1103515625
1 0.4013671875 0.2255859375 0.08203125 0.1455078125
1 0.56640625 0.0859375 0.0888671875 0.0927734375
1 0.5400390625 0.14453125 0.06640625 0.06640625
1 0.1865234375 0.4755859375 0.0654296875 0.0615234375
1 0.3095703125 0.505859375 0.1396484375 0.0654296875
1 0.0595703125 0.736328125 0.099609375 0.0576171875
1 0.1142578125 0.8056640625 0.0693359375 0.076171875
1 0.2021484375 0.7802734375 0.072265625 0.06640625
1 0.3955078125 0.6513671875 0.072265625 0.0859375
1 0.294921875 0.8515625 0.0908203125 0.06640625
1 0.30078125 0.9072265625 0.0712890625 0.07421875
1 0.27734375 0.97265625 0.1064453125 0.0537109375
1 0.5146484375 0.951171875 0.0927734375 0.080078125
1 0.421875 0.9150390625 0.0771484375 0.087890625
1 0.3798828125 0.8505859375 0.0693359375 0.064453125
1 0.455078125 0.794921875 0.0927734375 0.1318359375
1 0.59765625 0.7763671875 0.19921875 0.162109375
1 0.66015625 0.732421875 0.0634765625 0.07421875
1 0.603515625 0.9169921875 0.0703125 0.078125
1 0.6669921875 0.9248046875 0.0712890625 0.0615234375
1 0.7568359375 0.9296875 0.1181640625 0.1083984375
1 0.8857421875 0.9619140625 0.0791015625 0.076171875
1 0.9755859375 0.8681640625 0.0478515625 0.1259765625
1 0.8681640625 0.763671875 0.0830078125 0.1103515625
1 0.873046875 0.6611328125 0.0869140625 0.09765625
1 0.9765625 0.6484375 0.0458984375 0.130859375
1 0.974609375 0.5107421875 0.0498046875 0.078125
1 0.8388671875 0.5126953125 0.078125 0.0625
1 0.7470703125 0.576171875 0.0654296875 0.0888671875
1 0.5908203125 0.5244140625 0.0908203125 0.0810546875
1 0.7314453125 0.4462890625 0.14453125 0.0703125
1 0.712890625 0.3427734375 0.083984375 0.0888671875
1 0.759765625 0.126953125 0.0810546875 0.0634765625
1 0.7021484375 0.1689453125 0.1171875 0.1064453125
1 0.6298828125 0.021484375 0.0517578125 0.04296875
1 0.9638671875 0.2509765625 0.064453125 0.12109375
1 0.943359375 0.0302734375 0.1123046875 0.0615234375
1 0.0322265625 0.63671875 0.0615234375 0.0791015625
1 0.2822265625 0.5556640625 0.1279296875 0.05078125
1 0.0322265625 0.3974609375 0.0595703125 0.07421875
1 0.2978515625 0.0087890625 0.07421875 0.017578125
