1 0.6611328125 0.9326171875 0.109375 0.05859375
1 0.4609375 0.2294921875 0.0966796875 0.076171875
1 0.5126953125 0.556640625 0.072265625 0.064453125
1 0.1064453125 0.0849609375 0.1171875 0.052734375
1 0.041015625 0.2978515625 0.0810546875 0.0625
1 0.177734375 0.251953125 0.083984375 0.0546875
1 0.1728515625 0.6513671875 0.078125 0.0947265625
1 0.361328125 0.7919921875 0.0869140625 0.0576171875
1 0.431640625 0.2607421875 0.103515625 0.046875
1 0.1494140625 0.1416015625 0.1318359375 0.0546875
1 0.1416015625 0.025390625 0.099609375 0.046875
1 0.72978515625 0.1611328125 0.078125 0.0517578125
1 0.5498046875 0.388671875 0.1103515625 0.0458984375
1 0.63671875 0.146484375 0.060546875 0.107421875
1 0.6923828125 0.8564453125 0.08203125 0.0537109375
1 0.79296875 0.0458984375 0.103515625 0.060546875
1 0.2646484375 0.0537109375 0.1064453125 0.044921875
1 0.71484375 0.279296875 0.0751953125 0.06640625
1 0.4951171875 0.603515625 0.0849609375 0.04296875
1 0.3046875 0.2900390625 0.0859375 0.03515625
1 0.828125 0.767578125 0.107421875 0.0439453125
1 0.2216796875 0.603515625 0.12109375 0.052734375
1 0.0849609375 0.8759765625 0.08203125 0.041015625
1 0.37109375 0.65234375 0.126953125 0.0537109375
1 0.2548828125 0.56640625 0.1044921875 0.0546875
1 0.9091796875 0.556640625 0.04296875 0.0830078125
1 0.0537109375 0.947265625 0.091796875 0.0400390625
1 0.91015625 0.083984375 0.1044921875 0.068359375
1 0.5498046875 0.30078125 0.0849609375 0.064453125
1 0.8125 0.423828125 0.0625 0.0380859375
1 0.44921875 0.1103515625 0.1171875 0.1025390625
1 0.6875 0.3271484375 0.064453125 0.068359375
1 0.380859375 0.7080078125 0.0810546875 0.0546875
1 0.904296875 0.3974609375 0.0537109375 0.0390625
1 0.888671875 0.5517578125 0.0439453125 0.0791015625
1 0.048828125 0.6962890625 0.080078125 0.03125
1 0.435546875 0.7060546875 0.0869140625 0.0458984375
1 0.2568359375 0.396484375 0.078125 0.029296875
1 0.0380859375 0.984375 0.0771484375 0.0302734375
1 0.626953125 0.4296875 0.076171875 0.0380859375
1 0.05078125 0.666015625 0.0908203125 0.029296875
1 0.666015625 0.5380859375 0.052734375 0.0517578125
1 0.69140625 0.01171875 0.06640625 0.0244140625
1 0.5498046875 0.7353515625 0.0791015625 0.044921875
1 0.126953125 0.7080078125 0.0537109375 0.0400390625
1 0.2275390625 0.06640625 0.056640625 0.0517578125
1 0.92578125 0.7880859375 0.1474609375 0.115234375
1 0.306640625 0.01171875 0.0869140625 0.0234375
1 0.03125 0.7236328125 0.0625 0.0361328125
1 0.7333984375 0.4111328125 0.1015625 0.046875
1 0.9482421875 0.2431640625 0.09765625 0.0322265625
1 0.189453125 0.84375 0.0732421875 0.025390625
1 0.33203125 0.4443359375 0.0947265625 0.0390625
1 0.8671875 0.87109375 0.0322265625 0.0537109375
1 0.96875 0.9501953125 0.0615234375 0.0439453125
1 0.3095703125 0.8017578125 0.0830078125 0.0458984375
1 0.1875 0.9765625 0.1025390625 0.04296875
1 0.3759765625 0.83984375 0.1103515625 0.0380859375
1 0.0263671875 0.0322265625 0.0537109375 0.048828125
1 0.017578125 0.5947265625 0.0341796875 0.0322265625
1 0.2890625 0.7001953125 0.0625 0.03515625
1 0.0224609375 0.060546875 0.044921875 0.033203125
1 0.759765625 0.50390625 0.08203125 0.0625
1 0.619140625 0.75390625 0.0478515625 0.02734375
1 0.6875 0.6376953125 0.056640625 0.0390625
1 0.9443359375 0.2158203125 0.083984375 0.033203125
1 0.1591796875 0.16796875 0.0966796875 0.0498046875
1 0.798828125 0.3076171875 0.083984375 0.0478515625
1 0.900390625 0.0556640625 0.1064453125 0.0419921875
1 0.759765625 0.474609375 0.130859375 0.0986328125
1 0.236328125 0.8935546875 0.033203125 0.0478515625
1 0.9453125 0.9638671875 0.0966796875 0.0283203125
1 0.533203125 0.65234375 0.12890625 0.05078125
1 0.0166015625 0.1591796875 0.033203125 0.033203125
1 0.0234375 0.3828125 0.044921875 0.025390625
1 0.2900390625 0.6064453125 0.095703125 0.0654296875
1 0.8056640625 0.5791015625 0.142578125 0.0517578125
1 0.6591796875 0.18359375 0.0556640625 0.029296875
1 0.876953125 0.0234375 0.05859375 0.0478515625
1 0.140625 0.408203125 0.126953125 0.0439453125
1 0.15234375 0.96875 0.0888671875 0.04296875
1 0.130859375 0.673828125 0.05859375 0.046875
1 0.7177734375 0.30859375 0.072265625 0.03515625
1 0.78125 0.5849609375 0.1630859375 0.0634765625
