1 0.0595703125 0.02734375 0.1201171875 0.0546875
1 0.34765625 0.123046875 0.111328125 0.0966796875
1 0.7607421875 0.96484375 0.06640625 0.06640625
1 0.869140625 0.8359375 0.083984375 0.0732421875
1 0.6728515625 0.2109375 0.087890625 0.0478515625
1 0.29296875 0.572265625 0.09375 0.052734375
1 0.05859375 0.2119140625 0.1025390625 0.0859375
1 0.3740234375 0.453125 0.1015625 0.056640625
1 0.8828125 0.2705078125 0.060546875 0.0791015625
1 0.1591796875 0.255859375 0.1025390625 0.0654296875
1 0.8486328125 0.591796875 0.0732421875 0.0517578125
1 0.2060546875 0.2109375 0.1044921875 0.0732421875
1 0.4013671875 0.2431640625 0.068359375 0.0546875
1 0.8583984375 0.328125 0.0888671875 0.060546875
1 0.443359375 0.3095703125 0.0830078125 0.060546875
1 0.236328125 0.62890625 0.10546875 0.0546875
1 0.3916015625 0.5615234375 0.06640625 0.048828125
1 0.494140625 0.25 0.0517578125 0.0986328125
1 0.6015625 0.2490234375 0.0927734375 0.0517578125
1 0.5400390625 0.1484375 0.0908203125 0.0458984375
1 0.716796875 0.15625 0.0654296875 0.0419921875
1 0.1875 0.5205078125 0.0927734375 0.0478515625
1 0.3994140625 0.708984375 0.095703125 0.0361328125
1 0.53125 0.619140625 0.0908203125 0.041015625
1 0.05078125 0.33984375 0.0986328125 0.0380859375
1 0.3427734375 0.56640625 0.0771484375 0.044921875
1 0.64453125 0.58984375 0.1669921875 0.0390625
1 0.33984375 0.916015625 0.1162109375 0.0400390625
1 0.5419921875 0.904296875 0.1298828125 0.03515625
1 0.630859375 0.2216796875 0.060546875 0.060546875
1 0.7236328125 0.6171875 0.0888671875 0.0361328125
1 0.8955078125 0.3828125 0.072265625 0.0576171875
1 0.8740234375 0.64453125 0.0927734375 0.03515625
1 0.1240234375 0.869140625 0.111328125 0.033203125
1 0.029296875 0.21484375 0.05859375 0.056640625
1 0.697265625 0.544921875 0.0703125 0.03125
1 0.869140625 0.935546875 0.10546875 0.0302734375
1 0.0068359375 0.25390625 0.0146484375 0.087890625
1 0.5078125 0.3046875 0.0673828125 0.0263671875
1 0.3310546875 0.876953125 0.0693359375 0.0576171875
1 0.2734375 0.666015625 0.1328125 0.0673828125
1 0.494140625 0.6904296875 0.05078125 0.0732421875
1 0.53125 0.9755859375 0.0703125 0.0283203125
1 0.8203125 0.375 0.0498046875 0.0380859375
1 0.4501953125 0.1806640625 0.06640625 0.05859375
1 0.6337890625 0.2998046875 0.12109375 0.0517578125
1 0.9287109375 0.255859375 0.0615234375 0.041015625
1 0.9775390625 0.2744140625 0.044921875 0.0302734375
1 0.6591796875 0.66015625 0.09375 0.0341796875
1 0.3994140625 0.6025390625 0.04296875 0.05859375
1 0.4140625 0.9501953125 0.0908203125 0.04296875
1 0.4013671875 0.5146484375 0.0810546875 0.0322265625
1 0.8623046875 0.978515625 0.0517578125 0.029296875
1 0.9755859375 0.9775390625 0.0478515625 0.0263671875
1 0.0244140625 0.974609375 0.0498046875 0.029296875
1 0.03515625 0.876953125 0.0703125 0.0419921875
1 0.6416015625 0.7734375 0.0625 0.017578125
1 0.53515625 0.212890625 0.123046875 0.0390625
1 0.58203125 0.1875 0.03515625 0.064453125
1 0.451171875 0.9404296875 0.0849609375 0.0185546875
1 0.0361328125 0.6591796875 0.0732421875 0.0322265625
1 0.12109375 0.0087890625 0.0810546875 0.0185546875
1 0.263671875 0.599609375 0.123046875 0.03515625
1 0.2197265625 0.96484375 0.06640625 0.0439453125
1 0.4892578125 0.662109375 0.0908203125 0.044921875
1 0.3720703125 0.9658203125 0.0888671875 0.0361328125
1 0.4716796875 0.9892578125 0.076171875 0.0205078125
1 0.4365234375 0.9296875 0.1298828125 0.0498046875
1 0.6259765625 0.845703125 0.154296875 0.0458984375
1 0.4619140625 0.5009765625 0.0703125 0.046875
1 0.5888671875 0.5341796875 0.2080078125 0.1328125
1 0.5458984375 0.57421875 0.0595703125 0.0673828125
1 0.1689453125 0.1826171875 0.1572265625 0.111328125
