1 0.0703125 0.4208984375 0.0908203125 0.0927734375
1 0.4130859375 0.4189453125 0.080078125 0.068359375
1 0.48828125 0.3017578125 0.111328125 0.0673828125
1 0.759765625 0.4853515625 0.0634765625 0.0732421875
1 0.119140625 0.123046875 0.080078125 0.0771484375
1 0.068359375 0.1923828125 0.1142578125 0.0546875
1 0.77734375 0.8974609375 0.048828125 0.08203125
1 0.66796875 0.5791015625 0.08984375 0.0556640625
1 0.826171875 0.7822265625 0.1328125 0.052734375
1 0.427734375 0.5849609375 0.0947265625 0.0634765625
1 0.9912109375 0.7734375 0.017578125 0.0654296875
1 0.533203125 0.5048828125 0.0927734375 0.0751953125
1 0.9140625 0.7939453125 0.03515625 0.060546875
1 0.9775390625 0.46875 0.044921875 0.0771484375
1 0.5439453125 0.2353515625 0.029296875 0.0771484375
1 0.6865234375 0.4677734375 0.0673828125 0.0576171875
1 0.0830078125 0.56640625 0.1162109375 0.068359375
1 0.4736328125 0.0380859375 0.0625 0.0537109375
1 0.830078125 0.740234375 0.06640625 0.0693359375
1 0.330078125 0.2373046875 0.123046875 0.0517578125
1 0.2197265625 0.7919921875 0.0966796875 0.0634765625
1 0.3505859375 0.224609375 0.0888671875 0.068359375
1 0.890625 0.501953125 0.0693359375 0.0615234375
1 0.0693359375 0.2724609375 0.138671875 0.0400390625
1 0.3271484375 0.9091796875 0.0869140625 0.044921875
1 0.9765625 0.8818359375 0.046875 0.0595703125
1 0.6298828125 0.98046875 0.0546875 0.0390625
1 0.666015625 0.513671875 0.05859375 0.048828125
1 0.306640625 0.8486328125 0.095703125 0.044921875
1 0.529296875 0.173828125 0.08984375 0.0849609375
1 0.5947265625 0.634765625 0.060546875 0.0322265625
1 0.3037109375 0.96875 0.056640625 0.041015625
1 0.251953125 0.51953125 0.0517578125 0.0576171875
1 0.0849609375 0.939453125 0.0712890625 0.0478515625
1 0.8896484375 0.5791015625 0.0703125 0.0498046875
1 0.0537109375 0.1474609375 0.1064453125 0.08203125
1 0.078125 0.751953125 0.0517578125 0.0263671875
1 0.748046875 0.947265625 0.087890625 0.03515625
1 0.5654296875 0.5927734375 0.0693359375 0.0693359375
1 0.2998046875 0.5732421875 0.1298828125 0.0439453125
1 0.615234375 0.8857421875 0.064453125 0.0498046875
1 0.5439453125 0.9111328125 0.0732421875 0.046875
1 0.0556640625 0.8466796875 0.1123046875 0.056640625
1 0.3671875 0.728515625 0.0703125 0.04296875
1 0.0869140625 0.2451171875 0.0615234375 0.0546875
1 0.2744140625 0.453125 0.1181640625 0.0830078125
1 0.15234375 0.5283203125 0.08203125 0.0458984375
1 0.3896484375 0.5419921875 0.0830078125 0.041015625
1 0.0302734375 0.9580078125 0.0576171875 0.0439453125
1 0.19140625 0.0380859375 0.0791015625 0.0556640625
1 0.9326171875 0.982421875 0.0400390625 0.0322265625
1 0.2861328125 0.26171875 0.0849609375 0.03515625
1 0.4833984375 0.3994140625 0.056640625 0.0576171875
1 0.486328125 0.3740234375 0.044921875 0.0869140625
1 0.125 0.8818359375 0.0927734375 0.033203125
1 0.4130859375 0.8076171875 0.083984375 0.037109375
1 0.4912109375 0.912109375 0.0810546875 0.048828125
1 0.0419921875 0.7763671875 0.0849609375 0.048828125
1 0.943359375 0.1220703125 0.064453125 0.0478515625
1 0.3193359375 0.4716796875 0.0966796875 0.03515625
1 0.056640625 0.7392578125 0.0615234375 0.0244140625
1 0.25 0.12109375 0.04296875 0.037109375
1 0.564453125 0.865234375 0.1064453125 0.046875
1 0.9326171875 0.6201171875 0.0537109375 0.037109375
1 0.0166015625 0.4033203125 0.033203125 0.0517578125
1 0.1728515625 0.57421875 0.0830078125 0.091796875
1 0.98046875 0.20703125 0.0380859375 0.029296875
1 0.4560546875 0.9541015625 0.0390625 0.03515625
1 0.142578125 0.958984375 0.0615234375 0.0322265625
1 0.041015625 0.912109375 0.0595703125 0.041015625
1 0.15234375 0.90625 0.041015625 0.0283203125
1 0.0771484375 0.7236328125 0.068359375 0.052734375
1 0.7685546875 0.755859375 0.0439453125 0.0625
1 0.353515625 0.6044921875 0.0458984375 0.05859375
1 0.4638671875 0.619140625 0.0966796875 0.0439453125
1 0.53125 0.5634765625 0.103515625 0.04296875
1 0.07421875 0.447265625 0.0732421875 0.0771484375
1 0.962890625 0.4619140625 0.046875 0.078125
1 0.9619140625 0.18359375 0.0458984375 0.02734375
