1 0.0224609375 0.0078125 0.0458984375 0.0166015625
1 0.259765625 0.154296875 0.0634765625 0.125
1 0.326171875 0.201171875 0.0771484375 0.0654296875
1 0.1728515625 0.2138671875 0.087890625 0.06640625
1 0.0732421875 0.2666015625 0.1025390625 0.1962890625
1 0.169921875 0.3349609375 0.08984375 0.07421875
1 0.2548828125 0.3603515625 0.0849609375 0.1171875
1 0.21875 0.4072265625 0.080078125 0.0791015625
1 0.3203125 0.3603515625 0.0458984375 0.0810546875
1 0.3466796875 0.326171875 0.08203125 0.0654296875
1 0.3447265625 0.2763671875 0.0634765625 0.068359375
1 0.4423828125 0.33203125 0.1142578125 0.169921875
1 0.6298828125 0.1044921875 0.0732421875 0.0966796875
1 0.724609375 0.103515625 0.150390625 0.076171875
1 0.82421875 0.052734375 0.1494140625 0.0732421875
1 0.8212890625 0.2265625 0.0830078125 0.115234375
1 0.740234375 0.2841796875 0.1669921875 0.095703125
1 0.6572265625 0.357421875 0.080078125 0.169921875
1 0.71875 0.41015625 0.103515625 0.13671875
1 0.8212890625 0.423828125 0.0478515625 0.0771484375
1 0.857421875 0.359375 0.0791015625 0.087890625
1 0.68359375 0.5263671875 0.0927734375 0.099609375
1 0.7412109375 0.69921875 0.1806640625 0.0732421875
1 0.607421875 0.7626953125 0.0986328125 0.1416015625
1 0.4033203125 0.734375 0.099609375 0.091796875
1 0.5419921875 0.6943359375 0.072265625 0.0634765625
1 0.4658203125 0.609375 0.0791015625 0.0673828125
1 0.2822265625 0.62890625 0.0654296875 0.123046875
1 0.2138671875 0.650390625 0.0615234375 0.12890625
1 0.119140625 0.7919921875 0.0556640625 0.0908203125
1 0.0205078125 0.943359375 0.0419921875 0.0810546875
1 0.0380859375 0.767578125 0.068359375 0.1943359375
1 0.353515625 0.93359375 0.076171875 0.1318359375
1 0.5107421875 0.8564453125 0.1123046875 0.0771484375
1 0.513671875 0.9609375 0.078125 0.0771484375
1 0.6162109375 0.8681640625 0.0693359375 0.0732421875
1 0.66015625 0.9189453125 0.0595703125 0.080078125
1 0.7197265625 0.822265625 0.09375 0.091796875
1 0.8271484375 0.7763671875 0.1025390625 0.0634765625
1 0.865234375 0.845703125 0.1708984375 0.0712890625
1 0.8291015625 0.921875 0.0908203125 0.15625
1 0.97265625 0.8076171875 0.0546875 0.0869140625
1 0.9892578125 0.4130859375 0.021484375 0.126953125
1 0.98828125 0.2119140625 0.0234375 0.0478515625
1 0.0087890625 0.849609375 0.0185546875 0.0947265625
1 0.40625 0.615234375 0.1083984375 0.0419921875
1 0.2822265625 0.2529296875 0.0478515625 0.0751953125
