1 0.3369140625 0.0087890625 0.103515625 0.017578125
1 0.396484375 0.087890625 0.080078125 0.1767578125
1 0.40625 0.138671875 0.0625 0.06640625
1 0.34765625 0.2724609375 0.05859375 0.091796875
1 0.4794921875 0.27734375 0.111328125 0.1494140625
1 0.6787109375 0.2373046875 0.2255859375 0.119140625
1 0.9765625 0.275390625 0.0458984375 0.0771484375
1 0.705078125 0.3330078125 0.15625 0.1181640625
1 0.2509765625 0.291015625 0.076171875 0.1435546875
1 0.0966796875 0.2685546875 0.07421875 0.0576171875
1 0.041015625 0.234375 0.0830078125 0.0517578125
1 0.1455078125 0.4169921875 0.078125 0.078125
1 0.1806640625 0.4853515625 0.1044921875 0.087890625
1 0.072265625 0.576171875 0.0791015625 0.1513671875
1 0.1748046875 0.6220703125 0.080078125 0.095703125
1 0.310546875 0.634765625 0.0888671875 0.0537109375
1 0.4072265625 0.595703125 0.0693359375 0.0849609375
1 0.544921875 0.4697265625 0.22265625 0.1318359375
1 0.6123046875 0.5888671875 0.068359375 0.078125
1 0.77734375 0.568359375 0.0751953125 0.10546875
1 0.546875 0.693359375 0.0595703125 0.0458984375
1 0.4189453125 0.7412109375 0.072265625 0.19921875
1 0.2900390625 0.8046875 0.0869140625 0.1728515625
1 0.5458984375 0.9501953125 0.087890625 0.064453125
1 0.27734375 0.9462890625 0.0458984375 0.0791015625
1 0.3173828125 0.966796875 0.0615234375 0.0654296875
1 0.1162109375 0.9072265625 0.0693359375 0.1259765625
1 0.0712890625 0.7861328125 0.09375 0.052734375
1 0.7587890625 0.841796875 0.158203125 0.0849609375
1 0.810546875 0.6943359375 0.0927734375 0.1904296875
1 0.900390625 0.755859375 0.0712890625 0.2197265625
1 0.9501953125 0.6328125 0.091796875 0.111328125
1 0.90234375 0.916015625 0.0556640625 0.11328125
1 0.98828125 0.1142578125 0.0224609375 0.087890625
1 0.3603515625 0.373046875 0.078125 0.1044921875
1 0.1689453125 0.0791015625 0.125 0.158203125
1 0.3232421875 0.056640625 0.138671875 0.11328125
1 0.5244140625 0.4326171875 0.1513671875 0.1123046875
