1 0.94921875 0.64453125 0.0849609375 0.115234375
1 0.357421875 0.7939453125 0.080078125 0.0947265625
1 0.583984375 0.6552734375 0.0908203125 0.0927734375
1 0.8466796875 0.693359375 0.1298828125 0.123046875
1 0.4052734375 0.541015625 0.0966796875 0.072265625
1 0.4501953125 0.119140625 0.0517578125 0.1357421875
1 0.84765625 0.306640625 0.0830078125 0.1142578125
1 0.6650390625 0.8994140625 0.0927734375 0.10546875
1 0.9609375 0.4833984375 0.078125 0.09765625
1 0.5458984375 0.17578125 0.123046875 0.091796875
1 0.8828125 0.109375 0.0869140625 0.0751953125
1 0.9736328125 0.2939453125 0.052734375 0.1357421875
1 0.8056640625 0.0576171875 0.087890625 0.0830078125
1 0.7197265625 0.1416015625 0.080078125 0.1005859375
1 0.154296875 0.9130859375 0.080078125 0.087890625
1 0.544921875 0.869140625 0.080078125 0.08984375
1 0.7138671875 0.8134765625 0.0947265625 0.107421875
1 0.265625 0.158203125 0.1025390625 0.13671875
1 0.17578125 0.76171875 0.072265625 0.0947265625
1 0.685546875 0.2529296875 0.0771484375 0.0830078125
1 0.619140625 0.4775390625 0.0654296875 0.0576171875
1 0.677734375 0.5888671875 0.0771484375 0.0595703125
1 0.318359375 0.6279296875 0.11328125 0.1318359375
1 0.720703125 0.966796875 0.078125 0.0654296875
1 0.7607421875 0.2998046875 0.087890625 0.08984375
1 0.978515625 0.9111328125 0.04296875 0.0625
1 0.1552734375 0.0888671875 0.1181640625 0.1494140625
1 0.484375 0.2734375 0.064453125 0.0625
1 0.2568359375 0.58984375 0.0849609375 0.1025390625
1 0.2724609375 0.7587890625 0.1025390625 0.0849609375
1 0.4375 0.6240234375 0.0673828125 0.0595703125
1 0.8330078125 0.3876953125 0.0771484375 0.0732421875
1 0.7978515625 0.9150390625 0.068359375 0.05859375
1 0.560546875 0.0341796875 0.0478515625 0.0654296875
1 0.74609375 0.392578125 0.0625 0.0673828125
1 0.16796875 0.443359375 0.0927734375 0.072265625
1 0.1904296875 0.515625 0.0673828125 0.08203125
1 0.0517578125 0.3369140625 0.099609375 0.115234375
1 0.052734375 0.9697265625 0.0732421875 0.060546875
1 0.11328125 0.0439453125 0.107421875 0.0849609375
1 0.1875 0.3134765625 0.0751953125 0.1220703125
1 0.158203125 0.5576171875 0.08203125 0.0771484375
1 0.7958984375 0.2119140625 0.08203125 0.064453125
1 0.1953125 0.3486328125 0.115234375 0.0947265625
1 0.849609375 0.8544921875 0.08984375 0.064453125
1 0.0908203125 0.7109375 0.068359375 0.0625
1 0.033203125 0.6396484375 0.0625 0.095703125
1 0.029296875 0.7578125 0.0546875 0.0771484375
1 0.3154296875 0.4931640625 0.052734375 0.052734375
1 0.234375 0.029296875 0.080078125 0.05859375
1 0.525390625 0.0302734375 0.0478515625 0.0576171875
1 0.4208984375 0.1240234375 0.037109375 0.1357421875
1 0.140625 0.802734375 0.052734375 0.0478515625
