1 0.5595703125 0.7587890625 0.125 0.0810546875
1 0.3212890625 0.7470703125 0.0849609375 0.0849609375
1 0.4921875 0.2861328125 0.185546875 0.1298828125
1 0.8330078125 0.7216796875 0.1171875 0.0947265625
1 0.521484375 0.1826171875 0.1201171875 0.0927734375
1 0.94140625 0.2431640625 0.1005859375 0.052734375
1 0.1513671875 0.318359375 0.0849609375 0.087890625
1 0.931640625 0.1865234375 0.1005859375 0.0498046875
1 0.228515625 0.947265625 0.09765625 0.10546875
1 0.5556640625 0.9658203125 0.142578125 0.0673828125
1 0.9306640625 0.498046875 0.123046875 0.0576171875
1 0.0009765625 0.1357421875 0.001953125 0.08203125
1 0.9453125 0.8701171875 0.1083984375 0.0927734375
1 0.0859375 0.546875 0.078125 0.08984375
