1 0.7509765625 0.642578125 0.0712890625 0.0888671875
1 0.2998046875 0.205078125 0.0654296875 0.0966796875
1 0.4296875 0.2333984375 0.076171875 0.0771484375
1 0.2578125 0.087890625 0.0634765625 0.083984375
1 0.82421875 0.3740234375 0.0615234375 0.0869140625
1 0.19140625 0.126953125 0.0615234375 0.078125
1 0.009765625 0.265625 0.01953125 0.0546875
1 0.4775390625 0.931640625 0.060546875 0.087890625
1 0.8564453125 0.75 0.05078125 0.0869140625
1 0.9677734375 0.943359375 0.0634765625 0.0869140625
1 0.896484375 0.6962890625 0.0537109375 0.0771484375
1 0.6435546875 0.7314453125 0.064453125 0.072265625
1 0.6162109375 0.349609375 0.0830078125 0.0634765625
1 0.810546875 0.048828125 0.0546875 0.0986328125
1 0.9248046875 0.482421875 0.09375 0.0654296875
1 0.9501953125 0.67578125 0.0517578125 0.0732421875
1 0.1796875 0.9228515625 0.0791015625 0.1142578125
1 0.5849609375 0.0947265625 0.0654296875 0.0986328125
1 0.666015625 0.1650390625 0.064453125 0.0751953125
1 0.8203125 0.5341796875 0.0546875 0.087890625
1 0.427734375 0.4921875 0.072265625 0.0830078125
1 0.47265625 0.0771484375 0.06640625 0.0654296875
1 0.76171875 0.802734375 0.1201171875 0.05078125
1 0.8935546875 0.361328125 0.041015625 0.0625
1 0.64453125 0.5 0.05859375 0.0546875
1 0.888671875 0.916015625 0.07421875 0.091796875
1 0.87109375 0.248046875 0.041015625 0.068359375
1 0.3837890625 0.50390625 0.0546875 0.0654296875
1 0.31640625 0.666015625 0.0888671875 0.08203125
1 0.8701171875 0.8251953125 0.064453125 0.046875
1 0.0234375 0.4248046875 0.0478515625 0.064453125
1 0.625 0.986328125 0.0595703125 0.0234375
1 0.87890625 0.9501953125 0.0673828125 0.0458984375
1 0.7861328125 0.57421875 0.1044921875 0.0478515625
1 0.0537109375 0.392578125 0.1083984375 0.0615234375
1 0.861328125 0.5556640625 0.0400390625 0.0810546875
1 0.2587890625 0.1533203125 0.03515625 0.0654296875
1 0.859375 0.072265625 0.0400390625 0.1005859375
1 0.458984375 0.74609375 0.0341796875 0.078125
1 0.1962890625 0.4921875 0.087890625 0.0537109375
1 0.8505859375 0.95703125 0.0498046875 0.0654296875
1 0.6123046875 0.828125 0.095703125 0.0419921875
1 0.4208984375 0.953125 0.05078125 0.0546875
1 0.443359375 0.4296875 0.07421875 0.0458984375
1 0.1435546875 0.578125 0.072265625 0.048828125
1 0.7578125 0.439453125 0.046875 0.083984375
1 0.646484375 0.791015625 0.095703125 0.04296875
1 0.720703125 0.955078125 0.041015625 0.0693359375
1 0.84375 0.1123046875 0.0458984375 0.048828125
1 0.0341796875 0.201171875 0.052734375 0.037109375
1 0.744140625 0.353515625 0.0517578125 0.087890625
1 0.376953125 0.359375 0.0869140625 0.064453125
1 0.5888671875 0.1787109375 0.0556640625 0.076171875
1 0.474609375 0.4931640625 0.0615234375 0.0439453125
1 0.568359375 0.5986328125 0.048828125 0.046875
1 0.2802734375 0.9833984375 0.0380859375 0.0322265625
1 0.6689453125 0.1162109375 0.04296875 0.0625
1 0.3232421875 0.3701171875 0.033203125 0.04296875
1 0.3251953125 0.8193359375 0.0498046875 0.03515625
1 0.9013671875 0.43359375 0.0478515625 0.0634765625
1 0.7900390625 0.4677734375 0.076171875 0.0537109375
1 0.6181640625 0.8720703125 0.0791015625 0.0458984375
1 0.3955078125 0.4208984375 0.044921875 0.048828125
1 0.822265625 0.9375 0.03125 0.0830078125
1 0.7607421875 0.9501953125 0.0634765625 0.041015625
1 0.9853515625 0.4306640625 0.0283203125 0.0439453125
1 0.4599609375 0.408203125 0.0595703125 0.0390625
1 0.1650390625 0.990234375 0.0458984375 0.01953125
1 0.5625 0.5498046875 0.0849609375 0.0537109375
1 0.1298828125 0.4677734375 0.0576171875 0.0576171875
