1 0.6005859375 0.6328125 0.126953125 0.1376953125
1 0.9609375 0.544921875 0.078125 0.125
1 0.890625 0.494140625 0.072265625 0.0947265625
1 0.9404296875 0.16015625 0.0625 0.0927734375
1 0.17578125 0.740234375 0.091796875 0.1025390625
1 0.087890625 0.232421875 0.1171875 0.095703125
1 0.69140625 0.181640625 0.1044921875 0.0849609375
1 0.9130859375 0.3203125 0.087890625 0.0517578125
1 0.150390625 0.4296875 0.1181640625 0.115234375
1 0.9287109375 0.3955078125 0.0849609375 0.072265625
1 0.7060546875 0.0419921875 0.09765625 0.0830078125
1 0.8193359375 0.8955078125 0.1396484375 0.1279296875
1 0.068359375 0.517578125 0.087890625 0.0771484375
1 0.1630859375 0.125 0.107421875 0.0927734375
1 0.607421875 0.26171875 0.08984375 0.0849609375
1 0.802734375 0.6318359375 0.0771484375 0.0947265625
1 0.2470703125 0.8251953125 0.0966796875 0.0830078125
1 0.802734375 0.34765625 0.0830078125 0.0869140625
1 0.6337890625 0.9580078125 0.103515625 0.0830078125
1 0.744140625 0.7646484375 0.0849609375 0.080078125
1 0.060546875 0.087890625 0.0927734375 0.0869140625
1 0.0546875 0.9453125 0.0966796875 0.087890625
1 0.7880859375 0.462890625 0.0771484375 0.0732421875
1 0.1171875 0.560546875 0.10546875 0.09765625
1 0.775390625 0.6884765625 0.0673828125 0.052734375
1 0.8994140625 0.234375 0.0703125 0.064453125
1 0.8642578125 0.1689453125 0.0556640625 0.076171875
