1 0.5302734375 0.48828125 0.0966796875 0.08203125
1 0.5703125 0.130859375 0.0869140625 0.078125
1 0.5927734375 0.2900390625 0.1123046875 0.0771484375
1 0.7265625 0.078125 0.0947265625 0.072265625
1 0.931640625 0.16015625 0.08984375 0.0771484375
1 0.6796875 0.9140625 0.1298828125 0.0849609375
1 0.4638671875 0.7880859375 0.0947265625 0.087890625
1 0.87109375 0.01171875 0.09765625 0.0244140625
1 0.75390625 0.279296875 0.0947265625 0.0703125
1 0.84375 0.1484375 0.091796875 0.0888671875
1 0.970703125 0.2392578125 0.0576171875 0.080078125
1 0.3642578125 0.5830078125 0.0654296875 0.0625
1 0.8447265625 0.4169921875 0.0703125 0.0703125
1 0.9560546875 0.7939453125 0.087890625 0.068359375
1 0.40234375 0.212890625 0.0703125 0.0771484375
1 0.2080078125 0.1875 0.072265625 0.0771484375
1 0.67578125 0.712890625 0.08203125 0.0625
1 0.5341796875 0.6142578125 0.080078125 0.0703125
1 0.4501953125 0.4599609375 0.0673828125 0.080078125
1 0.9501953125 0.29296875 0.0732421875 0.0673828125
1 0.3916015625 0.0859375 0.087890625 0.072265625
1 0.2880859375 0.2080078125 0.0703125 0.0849609375
1 0.169921875 0.3330078125 0.080078125 0.0625
1 0.08984375 0.4482421875 0.080078125 0.068359375
1 0.181640625 0.6259765625 0.08984375 0.1201171875
1 0.376953125 0.806640625 0.0703125 0.0751953125
1 0.94921875 0.0224609375 0.08984375 0.044921875
1 0.869140625 0.734375 0.0595703125 0.0751953125
1 0.5693359375 0.4140625 0.0849609375 0.0693359375
1 0.3125 0.1455078125 0.0673828125 0.0576171875
1 0.728515625 0.39453125 0.0625 0.060546875
1 0.08203125 0.0380859375 0.115234375 0.0771484375
1 0.88671875 0.9541015625 0.123046875 0.091796875
1 0.8505859375 0.5654296875 0.072265625 0.072265625
1 0.912109375 0.4345703125 0.064453125 0.064453125
1 0.3720703125 0.673828125 0.060546875 0.0595703125
1 0.1904296875 0.8876953125 0.0771484375 0.0869140625
1 0.09375 0.794921875 0.0625 0.1123046875
1 0.44140625 0.6455078125 0.0595703125 0.0576171875
1 0.7255859375 0.7724609375 0.08203125 0.080078125
1 0.712890625 0.595703125 0.0673828125 0.052734375
1 0.1357421875 0.7763671875 0.072265625 0.0751953125
1 0.029296875 0.82421875 0.0546875 0.0703125
1 0.5380859375 0.703125 0.0576171875 0.052734375
1 0.2158203125 0.970703125 0.091796875 0.0576171875
1 0.021484375 0.5439453125 0.0400390625 0.0556640625
1 0.244140625 0.689453125 0.0498046875 0.064453125
1 0.7080078125 0.7978515625 0.0576171875 0.0576171875
1 0.7216796875 0.2255859375 0.0556640625 0.052734375
1 0.6865234375 0.3232421875 0.1005859375 0.04296875
1 0.0244140625 0.275390625 0.044921875 0.0625
1 0.7841796875 0.8427734375 0.0595703125 0.1123046875
1 0.8359375 0.6005859375 0.107421875 0.0771484375
