1 0.265625 0.23828125 0.064453125 0.0908203125
1 0.349609375 0.115234375 0.140625 0.0888671875
1 0.2490234375 0.7919921875 0.1142578125 0.0751953125
1 0.326171875 0.259765625 0.12109375 0.1337890625
1 0.0556640625 0.5 0.0849609375 0.0986328125
1 0.87109375 0.1357421875 0.126953125 0.271484375
1 0.05859375 0.2578125 0.1181640625 0.06640625
1 0.9443359375 0.1708984375 0.076171875 0.173828125
1 0.337890625 0.51953125 0.1875 0.099609375
1 0.1640625 0.64453125 0.1337890625 0.0751953125
1 0.7529296875 0.5537109375 0.1181640625 0.1123046875
1 0.9228515625 0.3388671875 0.125 0.0693359375
1 0.1171875 0.103515625 0.203125 0.0712890625
1 0.1806640625 0.6923828125 0.0751953125 0.091796875
1 0.103515625 0.478515625 0.091796875 0.087890625
1 0.9619140625 0.677734375 0.0751953125 0.13671875
1 0.2900390625 0.5400390625 0.072265625 0.1640625
1 0.4267578125 0.548828125 0.087890625 0.1171875
1 0.4248046875 0.35546875 0.0595703125 0.0859375
1 0.4951171875 0.388671875 0.0810546875 0.1025390625
1 0.533203125 0.3857421875 0.0693359375 0.0771484375
1 0.28515625 0.0205078125 0.2109375 0.0380859375
1 0.2177734375 0.158203125 0.1669921875 0.1005859375
