1 0.35546875 0.578125 0.107421875 0.1025390625
1 0.7431640625 0.4296875 0.1328125 0.109375
1 0.1259765625 0.029296875 0.1171875 0.0595703125
1 0.703125 0.1337890625 0.1279296875 0.107421875
1 0.55859375 0.0283203125 0.09765625 0.056640625
1 0.2587890625 0.3671875 0.08984375 0.0947265625
1 0.8720703125 0.080078125 0.115234375 0.1201171875
1 0.8916015625 0.4814453125 0.087890625 0.1005859375
1 0.4599609375 0.4892578125 0.119140625 0.0869140625
1 0.20703125 0.544921875 0.1240234375 0.1318359375
1 0.734375 0.8515625 0.109375 0.1748046875
1 0.220703125 0.8154296875 0.091796875 0.1025390625
1 0.2392578125 0.6728515625 0.08984375 0.107421875
1 0.5771484375 0.916015625 0.064453125 0.103515625
1 0.19921875 0.236328125 0.087890625 0.08203125
1 0.3759765625 0.423828125 0.0771484375 0.080078125
1 0.96875 0.66796875 0.0615234375 0.2177734375
1 0.40625 0.064453125 0.1748046875 0.107421875
1 0.3505859375 0.130859375 0.142578125 0.09765625
1 0.4248046875 0.734375 0.1103515625 0.1474609375
1 0.1318359375 0.4921875 0.10546875 0.099609375
1 0.66796875 0.72265625 0.06640625 0.0712890625
1 0.1318359375 0.6474609375 0.0751953125 0.1025390625
1 0.4755859375 0.96875 0.1142578125 0.0625
1 0.46484375 0.662109375 0.0771484375 0.0771484375
1 0.7763671875 0.978515625 0.0908203125 0.0419921875
1 0.0458984375 0.6279296875 0.087890625 0.1220703125
1 0.033203125 0.2470703125 0.0625 0.115234375
1 0.0263671875 0.5205078125 0.0537109375 0.1171875
1 0.341796875 0.2890625 0.07421875 0.0703125
