1 0.2138671875 0.037109375 0.1142578125 0.07421875
1 0.4111328125 0.078125 0.1181640625 0.09765625
1 0.2607421875 0.19921875 0.0576171875 0.083984375
1 0.3818359375 0.2265625 0.146484375 0.1064453125
1 0.5908203125 0.2041015625 0.0576171875 0.080078125
1 0.185546875 0.365234375 0.0478515625 0.0439453125
1 0.2041015625 0.50390625 0.0478515625 0.0517578125
1 0.45703125 0.470703125 0.1220703125 0.0712890625
1 0.392578125 0.6171875 0.1201171875 0.0556640625
1 0.486328125 0.6904296875 0.0615234375 0.0576171875
1 0.064453125 0.6572265625 0.1123046875 0.076171875
1 0.08984375 0.5791015625 0.091796875 0.064453125
1 0.0673828125 0.8330078125 0.103515625 0.0556640625
1 0.2138671875 0.8125 0.0615234375 0.0615234375
1 0.23828125 0.9013671875 0.0703125 0.10546875
1 0.4111328125 0.87890625 0.0859375 0.1142578125
1 0.4677734375 0.873046875 0.0546875 0.08984375
1 0.4609375 0.9716796875 0.076171875 0.0556640625
1 0.046875 0.9736328125 0.0693359375 0.0517578125
1 0.0322265625 0.8828125 0.064453125 0.048828125
1 0.595703125 0.373046875 0.09375 0.1103515625
1 0.0439453125 0.060546875 0.0732421875 0.1162109375
1 0.0322265625 0.3076171875 0.0634765625 0.0546875
1 0.6650390625 0.162109375 0.041015625 0.0751953125
1 0.7470703125 0.2373046875 0.1123046875 0.06640625
1 0.8251953125 0.2158203125 0.0537109375 0.111328125
1 0.8935546875 0.2890625 0.0498046875 0.05859375
1 0.7275390625 0.384765625 0.06640625 0.1025390625
1 0.7490234375 0.3427734375 0.04296875 0.056640625
1 0.955078125 0.3916015625 0.068359375 0.0458984375
1 0.654296875 0.6943359375 0.0771484375 0.0498046875
1 0.93359375 0.814453125 0.1015625 0.1396484375
1 0.8095703125 0.8916015625 0.072265625 0.1201171875
1 0.8681640625 0.896484375 0.0634765625 0.0634765625
1 0.70703125 0.9716796875 0.06640625 0.0556640625
1 0.650390625 0.970703125 0.0673828125 0.0576171875
1 0.5908203125 0.8349609375 0.0537109375 0.0546875
1 0.6357421875 0.8330078125 0.076171875 0.0419921875
1 0.826171875 0.615234375 0.0634765625 0.09765625
1 0.853515625 0.5234375 0.0693359375 0.095703125
1 0.796875 0.509765625 0.0595703125 0.09375
1 0.685546875 0.5146484375 0.0927734375 0.06640625
1 0.95703125 0.626953125 0.0849609375 0.0986328125
1 0.9794921875 0.5146484375 0.0400390625 0.0654296875
1 0.392578125 0.9775390625 0.06640625 0.044921875
