1 0.0556640625 0.685546875 0.0576171875 0.09765625
1 0.318359375 0.953125 0.064453125 0.087890625
1 0.0185546875 0.3115234375 0.0380859375 0.0654296875
1 0.134765625 0.65625 0.0556640625 0.078125
1 0.4892578125 0.26171875 0.0693359375 0.0712890625
1 0.0244140625 0.03125 0.048828125 0.0634765625
1 0.521484375 0.5751953125 0.107421875 0.05859375
1 0.0283203125 0.7705078125 0.056640625 0.0732421875
1 0.2607421875 0.53125 0.0859375 0.0537109375
1 0.7490234375 0.4892578125 0.0673828125 0.0625
1 0.44140625 0.4814453125 0.03125 0.1064453125
1 0.4951171875 0.380859375 0.0751953125 0.0869140625
1 0.044921875 0.115234375 0.08984375 0.0625
1 0.3984375 0.3251953125 0.0634765625 0.080078125
1 0.0654296875 0.3974609375 0.0625 0.068359375
1 0.6982421875 0.7060546875 0.048828125 0.0732421875
1 0.693359375 0.3671875 0.0908203125 0.046875
1 0.1142578125 0.3876953125 0.0498046875 0.0576171875
1 0.8291015625 0.7421875 0.04296875 0.0654296875
1 0.390625 0.4833984375 0.0703125 0.0517578125
1 0.38671875 0.2578125 0.0517578125 0.1015625
1 0.4658203125 0.103515625 0.0458984375 0.064453125
1 0.0126953125 0.44921875 0.0263671875 0.0283203125
1 0.41796875 0.654296875 0.05859375 0.0546875
1 0.6650390625 0.9091796875 0.1240234375 0.0546875
1 0.0576171875 0.841796875 0.0625 0.0390625
1 0.140625 0.025390625 0.0712890625 0.0517578125
1 0.392578125 0.41796875 0.0634765625 0.05859375
1 0.412109375 0.76953125 0.0244140625 0.056640625
1 0.369140625 0.6962890625 0.0537109375 0.05859375
1 0.626953125 0.45703125 0.0625 0.0302734375
1 0.9140625 0.1181640625 0.02734375 0.056640625
1 0.9736328125 0.38671875 0.052734375 0.03515625
1 0.27783203125 0.83017578125 0.09423828125 0.04091796874999998
1 0.048828125 0.013671875 0.06640625 0.0283203125
1 0.416015625 0.6298828125 0.0439453125 0.0595703125
1 0.4052734375 0.52734375 0.083984375 0.041015625
1 0.615234375 0.4775390625 0.0546875 0.0625
1 0.005859375 0.123046875 0.0126953125 0.0400390625
1 0.5244140625 0.162109375 0.078125 0.0419921875
1 0.41796875 0.6884765625 0.0712890625 0.0556640625
1 0.4150390625 0.3251953125 0.060546875 0.072265625
1 0.0576171875 0.8740234375 0.0927734375 0.037109375
1 0.2275390625 0.8447265625 0.0712890625 0.0341796875
1 0.697265625 0.3828125 0.05859375 0.0595703125
1 0.642578125 0.87890625 0.0673828125 0.0625
1 0.1318359375 0.8896484375 0.072265625 0.0498046875
1 0.9521484375 0.0556640625 0.05859375 0.052734375
1 0.396484375 0.0654296875 0.0419921875 0.060546875
1 0.359375 0.0322265625 0.0751953125 0.0625
1 0.94921875 0.40625 0.0537109375 0.056640625
