1 0.6005859375 0.5595703125 0.087890625 0.0576171875
1 0.955078125 0.1025390625 0.0673828125 0.083984375
1 0.84375 0.7998046875 0.0810546875 0.0595703125
1 0.9521484375 0.55078125 0.0771484375 0.078125
1 0.138671875 0.1357421875 0.099609375 0.0947265625
1 0.474609375 0.318359375 0.109375 0.0634765625
1 0.6513671875 0.1611328125 0.0810546875 0.0712890625
1 0.6015625 0.673828125 0.08203125 0.0625
1 0.2685546875 0.8154296875 0.119140625 0.0703125
1 0.984375 0.529296875 0.03125 0.076171875
1 0.29296875 0.4873046875 0.0673828125 0.072265625
1 0.72265625 0.5087890625 0.0869140625 0.0498046875
1 0.2978515625 0.25 0.1123046875 0.060546875
1 0.0615234375 0.1689453125 0.1220703125 0.0830078125
1 0.169921875 0.3349609375 0.08984375 0.0830078125
1 0.2763671875 0.5751953125 0.12109375 0.0498046875
1 0.0703125 0.2548828125 0.095703125 0.046875
1 0.201171875 0.4873046875 0.0869140625 0.06640625
1 0.9921875 0.669921875 0.015625 0.044921875
1 0.4638671875 0.07421875 0.083984375 0.052734375
1 0.033203125 0.69921875 0.0673828125 0.0634765625
1 0.7373046875 0.763671875 0.09375 0.064453125
1 0.3232421875 0.205078125 0.0830078125 0.0673828125
1 0.3359375 0.5556640625 0.11533203125000002 0.04941406250000002
1 0.826171875 0.4228515625 0.072265625 0.0625
1 0.8203125 0.8662109375 0.076171875 0.05078125
1 0.1376953125 0.6484375 0.107421875 0.0341796875
1 0.9765625 0.9052734375 0.0458984375 0.0546875
1 0.9609375 0.4482421875 0.0517578125 0.0986328125
1 0.654296875 0.904296875 0.0810546875 0.0341796875
1 0.2451171875 0.2294921875 0.0947265625 0.0576171875
1 0.4326171875 0.1943359375 0.087890625 0.07421875
1 0.0361328125 0.3984375 0.0703125 0.0517578125
1 0.7216796875 0.3720703125 0.0908203125 0.0556640625
1 0.8984375 0.7265625 0.0810546875 0.041015625
1 0.466796875 0.9443359375 0.1142578125 0.0625
1 0.04296875 0.5498046875 0.08203125 0.0400390625
1 0.5595703125 0.2294921875 0.0888671875 0.0322265625
1 0.9306640625 0.3076171875 0.1025390625 0.162109375
1 0.34765625 0.162109375 0.1015625 0.0517578125
1 0.5078125 0.73828125 0.0634765625 0.052734375
1 0.232421875 0.9052734375 0.080078125 0.029296875
1 0.71484375 0.1572265625 0.0654296875 0.068359375
1 0.6123046875 0.044921875 0.0947265625 0.0498046875
1 0.841796875 0.5654296875 0.16796875 0.048828125
1 0.359375 0.669921875 0.095703125 0.0556640625
1 0.9658203125 0.2861328125 0.0673828125 0.048828125
1 0.4248046875 0.9921875 0.1083984375 0.015625
1 0.1591796875 0.9765625 0.12890625 0.046875
1 0.53125 0.0205078125 0.0546875 0.0400390625
1 0.59765625 0.078125 0.099609375 0.037109375
1 0.1025390625 0.3271484375 0.1044921875 0.0498046875
1 0.0615234375 0.0107421875 0.0634765625 0.0185546875
1 0.76171875 0.3701171875 0.0712890625 0.0439453125
1 0.0439453125 0.98828125 0.087890625 0.0234375
1 0.8564453125 0.0205078125 0.0390625 0.0419921875
1 0.73046875 0.3232421875 0.0712890625 0.06640625
1 0.1865234375 0.5693359375 0.080078125 0.048828125
1 0.984375 0.0859375 0.03125 0.04296875
1 0.404296875 0.90625 0.1123046875 0.0517578125
1 0.4765625 0.416015625 0.16796875 0.060546875
1 0.11328125 0.75390625 0.0908203125 0.064453125
1 0.2568359375 0.4716796875 0.0576171875 0.0712890625
1 0.4755859375 0.6884765625 0.080078125 0.0693359375
1 0.8525390625 0.3974609375 0.0693359375 0.048828125
1 0.2412109375 0.01953125 0.076171875 0.01953125
1 0.3076171875 0.9189453125 0.0498046875 0.02734375
1 0.9921875 0.759765625 0.015625 0.0224609375
1 0.4736328125 0.05078125 0.0458984375 0.02734375
1 0.6533203125 0.890625 0.0693359375 0.0302734375
1 0.9404296875 0.7041015625 0.0478515625 0.0322265625
1 0.802734375 0.4853515625 0.068359375 0.08203125
1 0.873046875 0.6181640625 0.052734375 0.037109375
1 0.568359375 0.3759765625 0.056640625 0.099609375
1 0.509765625 0.3525390625 0.091796875 0.0537109375
1 0.2236328125 0.181640625 0.07421875 0.095703125
