1 0.3798828125 0.0673828125 0.0654296875 0.1064453125
1 0.6435546875 0.41015625 0.07421875 0.1083984375
1 0.4814453125 0.1142578125 0.0830078125 0.078125
1 0.361328125 0.390625 0.046875 0.0791015625
1 0.5322265625 0.216796875 0.0859375 0.1103515625
1 0.236328125 0.173828125 0.0693359375 0.05078125
1 0.41015625 0.689453125 0.0732421875 0.091796875
1 0.2275390625 0.4140625 0.0732421875 0.1533203125
1 0.9423828125 0.92578125 0.0712890625 0.1123046875
1 0.466796875 0.3505859375 0.0986328125 0.1318359375
1 0.2998046875 0.4111328125 0.05078125 0.083984375
1 0.6708984375 0.2216796875 0.1220703125 0.0791015625
1 0.07421875 0.4287109375 0.1103515625 0.1201171875
1 0.15234375 0.6826171875 0.0888671875 0.0546875
1 0.1875 0.5849609375 0.0908203125 0.0576171875
1 0.9736328125 0.515625 0.052734375 0.037109375
1 0.44140625 0.1748046875 0.0849609375 0.046875
1 0.1103515625 0.873046875 0.0966796875 0.05859375
1 0.009765625 0.66796875 0.0205078125 0.0693359375
1 0.9248046875 0.69921875 0.056640625 0.072265625
1 0.0322265625 0.859375 0.064453125 0.04296875
1 0.716796875 0.7578125 0.04296875 0.095703125
1 0.4873046875 0.529296875 0.0771484375 0.068359375
1 0.853515625 0.314453125 0.107421875 0.0966796875
1 0.767578125 0.5791015625 0.0751953125 0.1552734375
1 0.4599609375 0.54296875 0.0390625 0.0703125
1 0.4169921875 0.248046875 0.1142578125 0.087890625
1 0.853515625 0.5859375 0.056640625 0.0478515625
1 0.48828125 0.79296875 0.02734375 0.0634765625
1 0.158203125 0.03515625 0.0498046875 0.0556640625
1 0.69140625 0.0302734375 0.0283203125 0.0498046875
1 0.3203125 0.7978515625 0.0712890625 0.04296875
1 0.7646484375 0.984375 0.05078125 0.0302734375
1 0.0703125 0.75 0.09375 0.04296875
1 0.86328125 0.7216796875 0.072265625 0.1005859375
1 0.7685546875 0.6611328125 0.0634765625 0.0498046875
1 0.8369140625 0.44140625 0.0419921875 0.083984375
1 0.59765625 0.9033203125 0.0419921875 0.0654296875
1 0.4208984375 0.2138671875 0.0498046875 0.0615234375
1 0.3427734375 0.455078125 0.0654296875 0.0380859375
1 0.8876953125 0.87109375 0.0927734375 0.0595703125
1 0.072265625 0.728515625 0.14453125 0.0498046875
1 0.0078125 0.017578125 0.0166015625 0.033203125
1 0.5703125 0.5185546875 0.0859375 0.0283203125
1 0.1865234375 0.2880859375 0.0458984375 0.046875
1 0.8388671875 0.9111328125 0.0615234375 0.060546875
1 0.6806640625 0.8720703125 0.0693359375 0.03125
1 0.3408203125 0.4970703125 0.044921875 0.044921875
1 0.9833984375 0.1982421875 0.0322265625 0.0966796875
1 0.1279296875 0.34765625 0.0361328125 0.0341796875
1 0.3779296875 0.875 0.0654296875 0.0439453125
1 0.7333984375 0.5400390625 0.111328125 0.041015625
1 0.5654296875 0.4951171875 0.10546875 0.091796875
1 0.75390625 0.88671875 0.0546875 0.0517578125
1 0.8310546875 0.615234375 0.064453125 0.0400390625
1 0.85546875 0.4619140625 0.0537109375 0.0576171875
1 0.166015625 0.9677734375 0.08203125 0.033203125
1 0.533203125 0.1474609375 0.0419921875 0.083984375
1 0.513671875 0.5869140625 0.0400390625 0.0185546875
1 0.0146484375 0.919921875 0.0302734375 0.0537109375
1 0.978515625 0.8408203125 0.04296875 0.0478515625
1 0.990234375 0.9599609375 0.01953125 0.0771484375
