1 0.0595703125 0.69140625 0.0771484375 0.0927734375
1 0.4775390625 0.7880859375 0.1123046875 0.087890625
1 0.9521484375 0.037109375 0.095703125 0.0751953125
1 0.9716796875 0.9521484375 0.056640625 0.0947265625
1 0.7080078125 0.380859375 0.1669921875 0.107421875
1 0.5283203125 0.103515625 0.091796875 0.142578125
1 0.7158203125 0.7236328125 0.072265625 0.1201171875
1 0.61328125 0.7822265625 0.08203125 0.10546875
1 0.083984375 0.06640625 0.1376953125 0.0751953125
1 0.6044921875 0.0283203125 0.189453125 0.056640625
1 0.6943359375 0.90234375 0.2353515625 0.08984375
1 0.7255859375 0.7939453125 0.1162109375 0.1484375
1 0.5498046875 0.935546875 0.0703125 0.1220703125
1 0.650390625 0.55078125 0.1767578125 0.078125
1 0.4228515625 0.6044921875 0.0732421875 0.140625
1 0.1201171875 0.146484375 0.1572265625 0.0849609375
1 0.1005859375 0.2275390625 0.087890625 0.1123046875
1 0.61328125 0.703125 0.0625 0.0625
1 0.90234375 0.8583984375 0.1953125 0.087890625
1 0.556640625 0.408203125 0.1142578125 0.0673828125
1 0.69140625 0.2138671875 0.2099609375 0.0849609375
1 0.3232421875 0.6396484375 0.1171875 0.224609375
1 0.6806640625 0.4794921875 0.0673828125 0.125
1 0.537109375 0.6728515625 0.0703125 0.1025390625
1 0.5419921875 0.603515625 0.080078125 0.072265625
1 0.71484375 0.60546875 0.2275390625 0.0927734375
1 0.1689453125 0.810546875 0.1025390625 0.072265625
1 0.7763671875 0.4873046875 0.0595703125 0.115234375
1 0.3955078125 0.865234375 0.087890625 0.0576171875
1 0.564453125 0.2373046875 0.134765625 0.0703125
1 0.052734375 0.505859375 0.1025390625 0.125
1 0.1669921875 0.181640625 0.0703125 0.1142578125
1 0.638671875 0.326171875 0.107421875 0.15234375
1 0.203125 0.3828125 0.09765625 0.1083984375
1 0.0478515625 0.0224609375 0.0947265625 0.044921875
1 0.654296875 0.19140625 0.0595703125 0.0751953125
1 0.07421875 0.3017578125 0.0546875 0.1201171875
1 0.69140625 0.69140625 0.0654296875 0.0849609375
1 0.6494140625 0.4658203125 0.115234375 0.11328125
