1 0.0419921875 0.0185546875 0.0810546875 0.0380859375
1 0.0908203125 0.0947265625 0.0849609375 0.080078125
1 0.2099609375 0.0830078125 0.109375 0.1494140625
1 0.24609375 0.0078125 0.095703125 0.015625
1 0.0390625 0.3984375 0.078125 0.1279296875
1 0.0263671875 0.7705078125 0.0537109375 0.10546875
1 0.0966796875 0.73046875 0.0458984375 0.064453125
1 0.08203125 0.57421875 0.076171875 0.1181640625
1 0.0419921875 0.4970703125 0.0849609375 0.0849609375
1 0.376953125 0.474609375 0.201171875 0.0830078125
1 0.2119140625 0.6826171875 0.140625 0.1005859375
1 0.1689453125 0.818359375 0.0986328125 0.07421875
1 0.16796875 0.9443359375 0.0693359375 0.103515625
1 0.0947265625 0.927734375 0.0654296875 0.0849609375
1 0.408203125 0.9189453125 0.1416015625 0.0791015625
1 0.4560546875 0.9716796875 0.0556640625 0.0556640625
1 0.681640625 0.916015625 0.1787109375 0.1279296875
1 0.4716796875 0.712890625 0.09765625 0.0751953125
1 0.357421875 0.6357421875 0.07421875 0.1103515625
1 0.3896484375 0.5703125 0.1025390625 0.0693359375
1 0.31640625 0.31640625 0.064453125 0.068359375
1 0.35546875 0.3955078125 0.0947265625 0.060546875
1 0.4853515625 0.3583984375 0.0908203125 0.12890625
1 0.5546875 0.34765625 0.0556640625 0.064453125
1 0.62890625 0.3916015625 0.0458984375 0.0517578125
1 0.63671875 0.33984375 0.0634765625 0.05859375
1 0.7568359375 0.3408203125 0.078125 0.056640625
1 0.728515625 0.4306640625 0.0947265625 0.1201171875
1 0.6728515625 0.490234375 0.0947265625 0.0888671875
1 0.6591796875 0.5810546875 0.09375 0.0947265625
1 0.6201171875 0.2646484375 0.083984375 0.0751953125
1 0.5888671875 0.1796875 0.1015625 0.087890625
1 0.48046875 0.1572265625 0.1005859375 0.146484375
1 0.8271484375 0.5556640625 0.091796875 0.1220703125
1 0.9482421875 0.603515625 0.0703125 0.10546875
1 0.8837890625 0.7998046875 0.111328125 0.08984375
1 0.9833984375 0.6328125 0.0322265625 0.140625
1 0.9755859375 0.50390625 0.048828125 0.0595703125
1 0.9267578125 0.0400390625 0.0908203125 0.0810546875
1 0.732421875 0.0224609375 0.0810546875 0.0458984375
1 0.56640625 0.4228515625 0.052734375 0.04296875
1 0.1044921875 0.62890625 0.0693359375 0.12109375
