1 0.6943359375 0.1025390625 0.1171875 0.0576171875
1 0.5634765625 0.4921875 0.1015625 0.0634765625
1 0.2119140625 0.056640625 0.10546875 0.0947265625
1 0.4248046875 0.8212890625 0.1201171875 0.0546875
1 0.814453125 0.7724609375 0.0869140625 0.05859375
1 0.35546875 0.462890625 0.0947265625 0.0537109375
1 0.853515625 0.083984375 0.12890625 0.0771484375
1 0.6640625 0.125 0.0947265625 0.0458984375
1 0.59765625 0.28125 0.1181640625 0.05078125
1 0.6953125 0.9169921875 0.130859375 0.0498046875
1 0.466796875 0.5439453125 0.142578125 0.0634765625
1 0.650390625 0.443359375 0.1298828125 0.0517578125
1 0.884765625 0.1376953125 0.1376953125 0.06640625
1 0.1357421875 0.7509765625 0.142578125 0.0771484375
1 0.7080078125 0.517578125 0.0810546875 0.0390625
1 0.5205078125 0.916015625 0.1015625 0.0517578125
1 0.123046875 0.4697265625 0.1845703125 0.0869140625
1 0.876953125 0.48828125 0.1865234375 0.0791015625
1 0.396484375 0.884765625 0.1494140625 0.0439453125
1 0.2705078125 0.560546875 0.138671875 0.0615234375
1 0.6669921875 0.189453125 0.107421875 0.0546875
1 0.0849609375 0.1396484375 0.125 0.0517578125
1 0.978515625 0.5830078125 0.04296875 0.0595703125
1 0.5517578125 0.8583984375 0.126953125 0.0341796875
1 0.775390625 0.5517578125 0.0693359375 0.0576171875
1 0.9013671875 0.5224609375 0.1533203125 0.056640625
1 0.3740234375 0.5 0.1416015625 0.0419921875
1 0.58203125 0.83984375 0.115234375 0.0419921875
1 0.8974609375 0.2529296875 0.0625 0.03125
1 0.0419921875 0.25390625 0.083984375 0.0693359375
1 0.333984375 0.13671875 0.185546875 0.068359375
1 0.046875 0.83984375 0.09375 0.0380859375
1 0.513671875 0.3251953125 0.07421875 0.0361328125
1 0.1455078125 0.8310546875 0.0986328125 0.0302734375
1 0.4521484375 0.181640625 0.1494140625 0.03515625
1 0.3603515625 0.6708984375 0.1337890625 0.029296875
1 0.26171875 0.2080078125 0.099609375 0.046875
1 0.634765625 0.58984375 0.111328125 0.04296875
1 0.236328125 0.90625 0.12890625 0.0380859375
1 0.13671875 0.2509765625 0.0986328125 0.0341796875
1 0.1669921875 0.630859375 0.1103515625 0.0390625
1 0.087890625 0.3056640625 0.1611328125 0.048828125
1 0.7353515625 0.6181640625 0.125 0.0380859375
1 0.095703125 0.22265625 0.1728515625 0.025390625
1 0.7685546875 0.8916015625 0.1083984375 0.046875
1 0.95703125 0.2119140625 0.0703125 0.029296875
1 0.275390625 0.638671875 0.1025390625 0.0283203125
1 0.0517578125 0.9892578125 0.0947265625 0.0205078125
1 0.912109375 0.572265625 0.1298828125 0.0390625
1 0.3037109375 0.9580078125 0.1669921875 0.0615234375
1 0.123046875 0.7001953125 0.1328125 0.0283203125
1 0.3251953125 0.7177734375 0.14453125 0.0458984375
1 0.0888671875 0.9765625 0.1240234375 0.0302734375
1 0.0439453125 0.326171875 0.0869140625 0.0283203125
1 0.8896484375 0.873046875 0.1513671875 0.0341796875
1 0.796875 0.859375 0.080078125 0.0361328125
1 0.076171875 0.923828125 0.1259765625 0.0380859375
1 0.08984375 0.17578125 0.1708984375 0.0791015625
1 0.8642578125 0.5234375 0.1220703125 0.0283203125
1 0.8681640625 0.9013671875 0.1142578125 0.029296875
1 0.0546875 0.876953125 0.107421875 0.0361328125
1 0.0615234375 0.6396484375 0.1240234375 0.10546875
1 0.7392578125 0.837890625 0.06640625 0.0458984375
1 0.333984375 0.1494140625 0.1494140625 0.0537109375
1 0.2900390625 0.7900390625 0.162109375 0.046875
1 0.580078125 0.181640625 0.115234375 0.060546875
1 0.1337890625 0.955078125 0.197265625 0.0380859375
1 0.0673828125 0.400390625 0.1171875 0.048828125
1 0.41015625 0.8603515625 0.1416015625 0.033203125
1 0.296875 0.01171875 0.0546875 0.0224609375
1 0.486328125 0.92578125 0.0927734375 0.0390625
1 0.1220703125 0.74609375 0.1572265625 0.185546875
1 0.470703125 0.1845703125 0.0849609375 0.072265625
1 0.65625 0.5908203125 0.0810546875 0.0537109375
1 0.9189453125 0.857421875 0.09375 0.044921875
