1 0.8564453125 0.76953125 0.1005859375 0.0703125
1 0.9365234375 0.8330078125 0.1142578125 0.072265625
1 0.0341796875 0.6865234375 0.0693359375 0.0908203125
1 0.9287109375 0.28125 0.1298828125 0.0751953125
1 0.07421875 0.810546875 0.1005859375 0.0771484375
1 0.0966796875 0.4013671875 0.080078125 0.0947265625
1 0.0458984375 0.3515625 0.083984375 0.1259765625
1 0.0009765625 0.4755859375 0.001953125 0.0673828125
1 0.9345703125 0.45703125 0.125 0.0859375
1 0.837890625 0.3876953125 0.107421875 0.0927734375
1 0.9560546875 0.0703125 0.087890625 0.0869140625
