1 0.0302734375 0.107421875 0.0615234375 0.0625
1 0.0849609375 0.1845703125 0.05859375 0.0732421875
1 0.1025390625 0.166015625 0.142578125 0.076171875
1 0.2041015625 0.1357421875 0.0625 0.1083984375
1 0.025390625 0.2998046875 0.05078125 0.0986328125
1 0.01953125 0.384765625 0.0390625 0.064453125
1 0.044921875 0.439453125 0.0849609375 0.0654296875
1 0.0087890625 0.4921875 0.0185546875 0.0517578125
1 0.0517578125 0.57421875 0.1044921875 0.0849609375
1 0.044921875 0.7265625 0.0908203125 0.080078125
1 0.15625 0.7158203125 0.0791015625 0.0869140625
1 0.0654296875 0.8203125 0.1318359375 0.068359375
1 0.220703125 0.8330078125 0.083984375 0.091796875
1 0.65625 0.890625 0.0771484375 0.126953125
1 0.677734375 0.892578125 0.138671875 0.1279296875
1 0.6171875 0.7333984375 0.080078125 0.1083984375
1 0.44140625 0.7333984375 0.0869140625 0.10546875
1 0.294921875 0.7822265625 0.1181640625 0.0927734375
1 0.34375 0.8056640625 0.0576171875 0.0625
1 0.3623046875 0.9072265625 0.0791015625 0.1044921875
1 0.2783203125 0.8525390625 0.0908203125 0.052734375
1 0.4697265625 0.5458984375 0.130859375 0.06640625
1 0.5615234375 0.443359375 0.0986328125 0.1044921875
1 0.9130859375 0.5126953125 0.1044921875 0.09765625
1 0.572265625 0.34375 0.1435546875 0.0830078125
1 0.2734375 0.1591796875 0.072265625 0.0771484375
1 0.365234375 0.1669921875 0.0966796875 0.0732421875
1 0.27734375 0.0849609375 0.0810546875 0.0654296875
1 0.3427734375 0.087890625 0.0869140625 0.0576171875
1 0.2861328125 0.025390625 0.12109375 0.05078125
1 0.51953125 0.0537109375 0.11328125 0.06640625
1 0.4677734375 0.0205078125 0.078125 0.0419921875
1 0.8310546875 0.0419921875 0.0830078125 0.0791015625
1 0.9609375 0.0966796875 0.0771484375 0.08203125
