1 0.5478515625 0.546875 0.0712890625 0.107421875
1 0.5 0.689453125 0.0673828125 0.064453125
1 0.0927734375 0.3759765625 0.1201171875 0.0634765625
1 0.490234375 0.8017578125 0.0869140625 0.103515625
1 0.740234375 0.392578125 0.080078125 0.083984375
1 0.2392578125 0.740234375 0.150390625 0.1591796875
1 0.189453125 0.63671875 0.1103515625 0.083984375
1 0.671875 0.6142578125 0.0703125 0.119140625
1 0.0009765625 0.255859375 0.001953125 0.1171875
1 0.283203125 0.90625 0.166015625 0.123046875
1 0.1162109375 0.439453125 0.1240234375 0.0908203125
1 0.2890625 0.30859375 0.1181640625 0.078125
1 0.35546875 0.0380859375 0.0869140625 0.0771484375
1 0.4306640625 0.2900390625 0.1201171875 0.1005859375
1 0.7373046875 0.0712890625 0.087890625 0.142578125
1 0.9296875 0.984375 0.0986328125 0.0302734375
1 0.69921875 0.9541015625 0.0859375 0.0615234375
1 0.51953125 0.9072265625 0.080078125 0.0634765625
1 0.97265625 0.7978515625 0.0546875 0.0927734375
1 0.7275390625 0.4521484375 0.0888671875 0.0771484375
1 0.3935546875 0.138671875 0.0595703125 0.068359375
1 0.4248046875 0.3330078125 0.0859375 0.1044921875
1 0.361328125 0.8955078125 0.115234375 0.05859375
1 0.08984375 0.611328125 0.064453125 0.0595703125
1 0.037109375 0.578125 0.0537109375 0.072265625
