1 0.365234375 0.056640625 0.083984375 0.0986328125
1 0.2626953125 0.115234375 0.0859375 0.0791015625
1 0.0986328125 0.2158203125 0.0654296875 0.064453125
1 0.1259765625 0.3115234375 0.0810546875 0.08984375
1 0.220703125 0.3544921875 0.080078125 0.0654296875
1 0.337890625 0.2548828125 0.0595703125 0.0546875
1 0.30078125 0.390625 0.068359375 0.078125
1 0.3701171875 0.35546875 0.0625 0.0595703125
1 0.4296875 0.4248046875 0.076171875 0.0712890625
1 0.5126953125 0.2470703125 0.052734375 0.1318359375
1 0.5693359375 0.23046875 0.0712890625 0.0947265625
1 0.521484375 0.1201171875 0.0595703125 0.080078125
1 0.564453125 0.17578125 0.0703125 0.0556640625
1 0.673828125 0.267578125 0.0732421875 0.087890625
1 0.6123046875 0.3017578125 0.064453125 0.068359375
1 0.5927734375 0.361328125 0.107421875 0.06640625
1 0.5869140625 0.451171875 0.080078125 0.076171875
1 0.75 0.322265625 0.0654296875 0.0615234375
1 0.48828125 0.4755859375 0.0693359375 0.080078125
1 0.08984375 0.466796875 0.060546875 0.0546875
1 0.080078125 0.541015625 0.1103515625 0.07421875
1 0.3876953125 0.6083984375 0.107421875 0.1220703125
1 0.138671875 0.7060546875 0.0712890625 0.05859375
1 0.0537109375 0.71484375 0.0751953125 0.0615234375
1 0.0537109375 0.7890625 0.0810546875 0.08984375
1 0.2431640625 0.734375 0.11328125 0.083984375
1 0.2236328125 0.869140625 0.080078125 0.0908203125
1 0.1396484375 0.8759765625 0.0791015625 0.072265625
1 0.2001953125 0.8193359375 0.080078125 0.0576171875
1 0.1787109375 0.76953125 0.11328125 0.0546875
1 0.4482421875 0.8447265625 0.078125 0.083984375
1 0.4345703125 0.7080078125 0.0712890625 0.0751953125
1 0.1171875 0.98046875 0.0703125 0.0380859375
1 0.04296875 0.9638671875 0.0810546875 0.072265625
1 0.443359375 0.953125 0.0947265625 0.0869140625
1 0.5087890625 0.9423828125 0.056640625 0.0576171875
1 0.6328125 0.8662109375 0.12109375 0.0576171875
1 0.56640625 0.7587890625 0.1064453125 0.0771484375
1 0.607421875 0.701171875 0.1103515625 0.078125
1 0.7099609375 0.705078125 0.0888671875 0.0830078125
1 0.7138671875 0.6201171875 0.083984375 0.0888671875
1 0.669921875 0.546875 0.0830078125 0.0712890625
1 0.7158203125 0.0263671875 0.0634765625 0.052734375
1 0.6083984375 0.064453125 0.0869140625 0.09765625
1 0.7138671875 0.0888671875 0.0556640625 0.0712890625
1 0.759765625 0.12109375 0.0859375 0.0703125
1 0.779296875 0.2099609375 0.0869140625 0.056640625
1 0.8857421875 0.216796875 0.0869140625 0.1005859375
1 0.822265625 0.296875 0.0693359375 0.0625
1 0.98046875 0.3115234375 0.0390625 0.11328125
1 0.9404296875 0.326171875 0.0810546875 0.0576171875
1 0.8466796875 0.4140625 0.0693359375 0.0712890625
1 0.857421875 0.5458984375 0.11328125 0.06640625
1 0.9765625 0.455078125 0.046875 0.08984375
1 0.92578125 0.7236328125 0.0869140625 0.1044921875
1 0.9775390625 0.75 0.044921875 0.119140625
1 0.861328125 0.857421875 0.083984375 0.0625
1 0.7451171875 0.8828125 0.072265625 0.078125
1 0.6904296875 0.95703125 0.0771484375 0.0859375
1 0.9580078125 0.9541015625 0.078125 0.0654296875
1 0.9736328125 0.1337890625 0.052734375 0.111328125
1 0.9267578125 0.078125 0.052734375 0.0693359375
1 0.970703125 0.0546875 0.0576171875 0.060546875
1 0.466796875 0.25 0.072265625 0.0859375
1 0.212890625 0.6611328125 0.0771484375 0.0703125
1 0.6728515625 0.0458984375 0.0771484375 0.072265625
1 0.1376953125 0.8193359375 0.068359375 0.0673828125
1 0.72265625 0.8359375 0.08203125 0.0595703125
1 0.02734375 0.03515625 0.052734375 0.0673828125
1 0.87890625 0.5361328125 0.125 0.11328125
1 0.5546875 0.8251953125 0.06640625 0.056640625
