1 0.9423828125 0.0224609375 0.068359375 0.0458984375
1 0.9111328125 0.068359375 0.0810546875 0.0517578125
1 0.953125 0.2109375 0.0927734375 0.138671875
1 0.6884765625 0.0654296875 0.1025390625 0.115234375
1 0.4619140625 0.0244140625 0.1376953125 0.0498046875
1 0.271484375 0.0224609375 0.1044921875 0.0458984375
1 0.3125 0.15234375 0.095703125 0.1005859375
1 0.466796875 0.10546875 0.107421875 0.0947265625
1 0.1826171875 0.2294921875 0.07421875 0.080078125
1 0.2822265625 0.2373046875 0.0625 0.0400390625
1 0.048828125 0.107421875 0.0986328125 0.0595703125
1 0.06640625 0.064453125 0.0634765625 0.033203125
1 0.0263671875 0.025390625 0.0537109375 0.0517578125
1 0.828125 0.271484375 0.0654296875 0.1064453125
1 0.7119140625 0.3994140625 0.0849609375 0.0693359375
1 0.6240234375 0.515625 0.0517578125 0.0849609375
1 0.68359375 0.48828125 0.060546875 0.064453125
1 0.6943359375 0.5673828125 0.068359375 0.0732421875
1 0.822265625 0.53125 0.1044921875 0.0986328125
1 0.9140625 0.4560546875 0.0654296875 0.0771484375
1 0.94140625 0.548828125 0.0732421875 0.1044921875
1 0.7802734375 0.6025390625 0.05859375 0.05078125
1 0.3310546875 0.5107421875 0.1015625 0.064453125
1 0.4111328125 0.48828125 0.087890625 0.05859375
1 0.2255859375 0.451171875 0.0576171875 0.0654296875
1 0.134765625 0.4599609375 0.07421875 0.0615234375
1 0.3916015625 0.34375 0.0625 0.083984375
1 0.4345703125 0.28125 0.076171875 0.0732421875
1 0.28515625 0.6826171875 0.0830078125 0.0654296875
1 0.3740234375 0.6650390625 0.0732421875 0.0634765625
1 0.4931640625 0.6328125 0.0693359375 0.0537109375
1 0.4765625 0.7021484375 0.0625 0.064453125
1 0.533203125 0.7197265625 0.0625 0.0791015625
1 0.5771484375 0.7060546875 0.0458984375 0.0517578125
1 0.70703125 0.7431640625 0.064453125 0.0517578125
1 0.626953125 0.619140625 0.06640625 0.0546875
1 0.873046875 0.7265625 0.048828125 0.0546875
1 0.857421875 0.814453125 0.06640625 0.0849609375
1 0.9150390625 0.8466796875 0.072265625 0.0693359375
1 0.7861328125 0.91015625 0.0849609375 0.076171875
1 0.69140625 0.94921875 0.1240234375 0.0556640625
1 0.55859375 0.7998046875 0.0908203125 0.0703125
1 0.3994140625 0.9287109375 0.0615234375 0.1416015625
1 0.298828125 0.8525390625 0.064453125 0.0595703125
1 0.26171875 0.8037109375 0.0439453125 0.0498046875
1 0.1015625 0.826171875 0.0576171875 0.056640625
1 0.046875 0.849609375 0.0712890625 0.0595703125
1 0.0400390625 0.7919921875 0.0810546875 0.048828125
1 0.2021484375 0.734375 0.0693359375 0.0546875
1 0.0986328125 0.7275390625 0.1708984375 0.0751953125
1 0.318359375 0.5966796875 0.0556640625 0.048828125
1 0.50390625 0.9677734375 0.0615234375 0.0634765625
1 0.8359375 0.9775390625 0.0732421875 0.044921875
1 0.77734375 0.98828125 0.072265625 0.0234375
1 0.96875 0.982421875 0.0625 0.0341796875
1 0.1044921875 0.5869140625 0.05078125 0.0498046875
1 0.2265625 0.6484375 0.1240234375 0.052734375
1 0.6328125 0.724609375 0.0693359375 0.0498046875
1 0.748046875 0.5341796875 0.0625 0.0517578125
1 0.908203125 0.1328125 0.060546875 0.0498046875
