1 0.236328125 0.7861328125 0.0908203125 0.2021484375
1 0.04296875 0.556640625 0.0859375 0.1142578125
1 0.07421875 0.5107421875 0.0693359375 0.0625
1 0.224609375 0.607421875 0.1005859375 0.1201171875
1 0.2880859375 0.693359375 0.0966796875 0.146484375
1 0.4296875 0.7412109375 0.2255859375 0.1298828125
1 0.376953125 0.60546875 0.0517578125 0.1005859375
1 0.4609375 0.6162109375 0.0830078125 0.1171875
1 0.498046875 0.4345703125 0.0732421875 0.134765625
1 0.5703125 0.5546875 0.0830078125 0.115234375
1 0.322265625 0.38671875 0.111328125 0.1005859375
1 0.24609375 0.341796875 0.091796875 0.263671875
1 0.41796875 0.9140625 0.1416015625 0.087890625
1 0.5673828125 0.916015625 0.099609375 0.072265625
1 0.671875 0.931640625 0.130859375 0.111328125
1 0.76171875 0.9111328125 0.0830078125 0.1611328125
1 0.64453125 0.7587890625 0.095703125 0.0859375
1 0.765625 0.736328125 0.1787109375 0.1591796875
1 0.6669921875 0.6875 0.0537109375 0.111328125
1 0.7734375 0.625 0.109375 0.1103515625
1 0.8232421875 0.490234375 0.138671875 0.1376953125
1 0.6875 0.2646484375 0.0947265625 0.134765625
1 0.1533203125 0.1611328125 0.1328125 0.0634765625
1 0.4052734375 0.15234375 0.1640625 0.3056640625
1 0.4794921875 0.203125 0.037109375 0.0830078125
1 0.54296875 0.150390625 0.0751953125 0.2919921875
1 0.0126953125 0.5166015625 0.0263671875 0.158203125
1 0.6455078125 0.0986328125 0.083984375 0.197265625
1 0.6962890625 0.041015625 0.0537109375 0.0830078125
1 0.884765625 0.2021484375 0.0830078125 0.119140625
1 0.900390625 0.2490234375 0.0712890625 0.099609375
1 0.1904296875 0.0576171875 0.068359375 0.115234375
1 0.974609375 0.482421875 0.05078125 0.1533203125
1 0.966796875 0.6083984375 0.060546875 0.123046875
1 0.9208984375 0.7060546875 0.099609375 0.1298828125
1 0.9052734375 0.81640625 0.078125 0.0791015625
1 0.279296875 0.8330078125 0.080078125 0.0771484375
1 0.421875 0.6484375 0.0732421875 0.1064453125
1 0.58203125 0.041015625 0.0673828125 0.08203125
1 0.474609375 0.2900390625 0.06640625 0.126953125
1 0.4189453125 0.3115234375 0.0693359375 0.083984375
1 0.5517578125 0.5029296875 0.0712890625 0.072265625
1 0.6337890625 0.373046875 0.125 0.0986328125
1 0.509765625 0.283203125 0.0537109375 0.052734375
1 0.4921875 0.3544921875 0.1240234375 0.1591796875
1 0.5908203125 0.2783203125 0.1796875 0.25390625
1 0.1416015625 0.4287109375 0.0498046875 0.09375
1 0.1494140625 0.4658203125 0.1220703125 0.1806640625
1 0.7373046875 0.9208984375 0.080078125 0.158203125
1 0.7197265625 0.86328125 0.0498046875 0.0712890625
