1 0.2607421875 0.50390625 0.0732421875 0.0791015625
1 0.44921875 0.1572265625 0.0576171875 0.087890625
1 0.05078125 0.2626953125 0.056640625 0.0869140625
1 0.03515625 0.8876953125 0.0703125 0.06640625
1 0.236328125 0.056640625 0.0927734375 0.0693359375
1 0.6044921875 0.333984375 0.0341796875 0.0771484375
1 0.5322265625 0.5771484375 0.111328125 0.060546875
1 0.291015625 0.5615234375 0.0849609375 0.046875
1 0.7529296875 0.3369140625 0.0654296875 0.072265625
1 0.24609375 0.2666015625 0.0791015625 0.0517578125
1 0.8740234375 0.3017578125 0.06640625 0.076171875
1 0.79296875 0.3212890625 0.0673828125 0.0654296875
1 0.2421875 0.6650390625 0.08984375 0.044921875
1 0.0419921875 0.349609375 0.0771484375 0.0478515625
1 0.5126953125 0.3154296875 0.08203125 0.052734375
1 0.55078125 0.625 0.0732421875 0.052734375
1 0.6083984375 0.2763671875 0.0751953125 0.060546875
1 0.72265625 0.2490234375 0.083984375 0.072265625
1 0.630859375 0.06640625 0.0625 0.0458984375
1 0.01171875 0.68359375 0.0244140625 0.0498046875
1 0.76953125 0.720703125 0.083984375 0.04296875
1 0.3662109375 0.044921875 0.072265625 0.056640625
1 0.1357421875 0.5986328125 0.0888671875 0.033203125
1 0.037109375 0.5595703125 0.05859375 0.0478515625
1 0.02734375 0.587890625 0.0556640625 0.0625
1 0.9169921875 0.6337890625 0.0791015625 0.0390625
1 0.0107421875 0.3525390625 0.0224609375 0.033203125
1 0.07421875 0.0927734375 0.0595703125 0.0361328125
1 0.267578125 0.6240234375 0.0673828125 0.0400390625
1 0.0966796875 0.6708984375 0.08203125 0.033203125
1 0.2783203125 0.3857421875 0.06640625 0.0498046875
1 0.912109375 0.447265625 0.076171875 0.080078125
1 0.2265625 0.9697265625 0.1005859375 0.048828125
1 0.8662109375 0.90234375 0.0595703125 0.0283203125
1 0.185546875 0.2080078125 0.0546875 0.0478515625
1 0.98046875 0.8984375 0.0390625 0.0654296875
1 0.8642578125 0.5859375 0.0634765625 0.0361328125
1 0.7392578125 0.3671875 0.0478515625 0.0556640625
1 0.2080078125 0.3935546875 0.0947265625 0.0380859375
1 0.728515625 0.63671875 0.0927734375 0.04296875
1 0.9326171875 0.125 0.05078125 0.0498046875
1 0.58203125 0.951171875 0.0732421875 0.05078125
1 0.654296875 0.771484375 0.05078125 0.05859375
1 0.98046875 0.2646484375 0.0380859375 0.05859375
1 0.513671875 0.6865234375 0.078125 0.0322265625
1 0.5576171875 0.3564453125 0.0478515625 0.025390625
1 0.3544921875 0.4833984375 0.0576171875 0.0283203125
1 0.5 0.650390625 0.0771484375 0.029296875
1 0.68359375 0.025390625 0.060546875 0.048828125
1 0.8515625 0.408203125 0.078125 0.056640625
1 0.6748046875 0.9501953125 0.0712890625 0.04296875
1 0.7509765625 0.236328125 0.0888671875 0.03125
1 0.8818359375 0.1484375 0.078125 0.0380859375
1 0.0390625 0.97265625 0.078125 0.03125
1 0.376953125 0.0146484375 0.068359375 0.029296875
1 0.330078125 0.3486328125 0.072265625 0.03515625
1 0.328125 0.990234375 0.046875 0.01953125
1 0.1552734375 0.931640625 0.123046875 0.037109375
1 0.328125 0.6591796875 0.0771484375 0.037109375
1 0.880859375 0.6572265625 0.048828125 0.025390625
1 0.27734375 0.4296875 0.0966796875 0.0458984375
1 0.822265625 0.96875 0.0576171875 0.029296875
1 0.3037109375 0.78125 0.0625 0.03125
1 0.9716796875 0.744140625 0.0517578125 0.0244140625
1 0.212890625 0.4931640625 0.0576171875 0.0224609375
1 0.9423828125 0.3271484375 0.0439453125 0.0400390625
1 0.4775390625 0.71484375 0.0703125 0.0185546875
1 0.8330078125 0.623046875 0.052734375 0.0341796875
1 0.5400390625 0.7373046875 0.05078125 0.0419921875
1 0.314453125 0.748046875 0.0830078125 0.03515625
1 0.7177734375 0.0283203125 0.05078125 0.0380859375
1 0.900390625 0.7099609375 0.103515625 0.04296875
1 0.7060546875 0.0263671875 0.064453125 0.044921875
1 0.9853515625 0.013671875 0.025390625 0.02734375
1 0.6611328125 0.9892578125 0.0361328125 0.0205078125
1 0.419921875 0.3642578125 0.072265625 0.03125
1 0.7060546875 0.099609375 0.0400390625 0.03125
1 0.6103515625 0.7744140625 0.0419921875 0.0390625
1 0.3916015625 0.3759765625 0.07587890624999999 0.0361328125
1 0.353515625 0.8369140625 0.03515625 0.0498046875
1 0.431640625 0.5732421875 0.0634765625 0.0341796875
1 0.587890625 0.6640625 0.0498046875 0.0322265625
1 0.3388671875 0.728515625 0.0888671875 0.0458984375
1 0.8212890625 0.3173828125 0.0615234375 0.037109375
1 0.62890625 0.701171875 0.0966796875 0.0439453125
