1 0.7919921875 0.0302734375 0.0712890625 0.060546875
1 0.96484375 0.060546875 0.0693359375 0.0693359375
1 0.576171875 0.064453125 0.123046875 0.052734375
1 0.6181640625 0.154296875 0.0810546875 0.0703125
1 0.486328125 0.18359375 0.0732421875 0.0703125
1 0.7998046875 0.1708984375 0.0830078125 0.064453125
1 0.8525390625 0.28125 0.08984375 0.0673828125
1 0.98046875 0.1767578125 0.0390625 0.068359375
1 0.11328125 0.0927734375 0.076171875 0.07421875
1 0.326171875 0.0166015625 0.060546875 0.0341796875
1 0.3896484375 0.0830078125 0.0751953125 0.078125
1 0.201171875 0.1884765625 0.171875 0.0537109375
1 0.232421875 0.232421875 0.048828125 0.041015625
1 0.4130859375 0.2734375 0.0712890625 0.05859375
1 0.5146484375 0.3369140625 0.076171875 0.0546875
1 0.6201171875 0.3017578125 0.0966796875 0.064453125
1 0.5087890625 0.4091796875 0.0498046875 0.05078125
1 0.576171875 0.42578125 0.0478515625 0.05859375
1 0.4345703125 0.4072265625 0.05859375 0.07421875
1 0.7041015625 0.515625 0.0673828125 0.0625
1 0.6796875 0.59765625 0.0703125 0.056640625
1 0.568359375 0.560546875 0.0537109375 0.0537109375
1 0.453125 0.6083984375 0.0966796875 0.0771484375
1 0.35546875 0.6015625 0.0673828125 0.072265625
1 0.615234375 0.5908203125 0.0830078125 0.0419921875
1 0.56640625 0.7177734375 0.060546875 0.080078125
1 0.484375 0.76171875 0.0517578125 0.0625
1 0.578125 0.7998046875 0.0615234375 0.0546875
1 0.615234375 0.7109375 0.052734375 0.06640625
1 0.798828125 0.7998046875 0.08203125 0.064453125
1 0.9150390625 0.8603515625 0.0693359375 0.0771484375
1 0.982421875 0.7646484375 0.03515625 0.0615234375
1 0.974609375 0.65234375 0.0498046875 0.05859375
1 0.91015625 0.53125 0.052734375 0.0693359375
1 0.9765625 0.40234375 0.0458984375 0.0498046875
1 0.9384765625 0.4541015625 0.0478515625 0.0498046875
1 0.2109375 0.501953125 0.0849609375 0.091796875
1 0.326171875 0.3828125 0.06640625 0.09375
1 0.3134765625 0.4423828125 0.0546875 0.0732421875
1 0.1474609375 0.3994140625 0.0595703125 0.0439453125
1 0.16796875 0.76953125 0.0625 0.0947265625
1 0.2705078125 0.8359375 0.0869140625 0.044921875
1 0.0986328125 0.9130859375 0.0888671875 0.0625
1 0.3408203125 0.978515625 0.0703125 0.04296875
1 0.287109375 0.953125 0.080078125 0.0810546875
1 0.20703125 0.9287109375 0.09765625 0.1015625
1 0.6728515625 0.8740234375 0.056640625 0.0625
1 0.6513671875 0.9677734375 0.0849609375 0.064453125
1 0.5576171875 0.9521484375 0.078125 0.0732421875
1 0.9482421875 0.974609375 0.0693359375 0.0498046875
1 0.2978515625 0.267578125 0.0869140625 0.06640625
