1 0.9765625 0.2666015625 0.046875 0.0947265625
1 0.5390625 0.7666015625 0.078125 0.0703125
1 0.7294921875 0.0341796875 0.078125 0.0673828125
1 0.2744140625 0.47265625 0.1083984375 0.1240234375
1 0.4326171875 0.2509765625 0.05078125 0.11328125
1 0.904296875 0.759765625 0.0908203125 0.0458984375
1 0.3603515625 0.2021484375 0.091796875 0.158203125
1 0.416015625 0.3193359375 0.1435546875 0.068359375
1 0.2587890625 0.9541015625 0.103515625 0.0478515625
1 0.548828125 0.609375 0.1376953125 0.083984375
1 0.84765625 0.6875 0.06640625 0.0595703125
1 0.6279296875 0.810546875 0.10546875 0.0673828125
1 0.6640625 0.5419921875 0.0341796875 0.1103515625
1 0.974609375 0.7255859375 0.0498046875 0.056640625
1 0.46875 0.9091796875 0.107421875 0.1376953125
1 0.712890625 0.3701171875 0.1328125 0.0654296875
1 0.328125 0.0791015625 0.0703125 0.068359375
1 0.783203125 0.3681640625 0.0966796875 0.0615234375
1 0.896484375 0.4326171875 0.11328125 0.056640625
1 0.4267578125 0.123046875 0.119140625 0.0400390625
1 0.1904296875 0.96875 0.0869140625 0.037109375
1 0.1416015625 0.0419921875 0.115234375 0.083984375
1 0.169921875 0.7578125 0.15234375 0.083984375
1 0.20703125 0.2724609375 0.09765625 0.0703125
1 0.6728515625 0.6357421875 0.09375 0.0546875
1 0.0498046875 0.94140625 0.1005859375 0.0517578125
1 0.6044921875 0.6845703125 0.08203125 0.0595703125
1 0.095703125 0.390625 0.0576171875 0.0576171875
1 0.904296875 0.1728515625 0.1064453125 0.0517578125
1 0.8876953125 0.02734375 0.076171875 0.0546875
1 0.7958984375 0.3271484375 0.0517578125 0.0712890625
1 0.580078125 0.31640625 0.134765625 0.0966796875
1 0.689453125 0.9541015625 0.0771484375 0.0908203125
1 0.7705078125 0.8876953125 0.0595703125 0.0517578125
1 0.2138671875 0.6748046875 0.0849609375 0.041015625
1 0.0283203125 0.3330078125 0.056640625 0.06640625
1 0.5205078125 0.6591796875 0.07421875 0.037109375
1 0.3466796875 0.4599609375 0.130859375 0.05859375
1 0.8330078125 0.337890625 0.0791015625 0.11328125
1 0.2890625 0.3837890625 0.1083984375 0.0791015625
1 0.3857421875 0.6396484375 0.1396484375 0.1181640625
1 0.6865234375 0.7412109375 0.09375 0.046875
1 0.8818359375 0.2802734375 0.072265625 0.0927734375
1 0.1787109375 0.2177734375 0.099609375 0.0712890625
1 0.029296875 0.3935546875 0.05859375 0.0390625
1 0.8154296875 0.8408203125 0.0693359375 0.1171875
1 0.15234375 0.705078125 0.1162109375 0.076171875
1 0.779296875 0.1357421875 0.0927734375 0.0537109375
1 0.5048828125 0.0615234375 0.1748046875 0.052734375
1 0.8203125 0.189453125 0.134765625 0.1123046875
1 0.5595703125 0.0478515625 0.0869140625 0.0595703125
1 0.3974609375 0.341796875 0.0654296875 0.0908203125
1 0.3427734375 0.6240234375 0.08984375 0.068359375
1 0.9892578125 0.0361328125 0.021484375 0.029296875
1 0.982421875 0.6953125 0.03515625 0.03515625
1 0.369140625 0.7724609375 0.1416015625 0.0537109375
1 0.37109375 0.021484375 0.080078125 0.0390625
1 0.212890625 0.0224609375 0.0888671875 0.0419921875
1 0.044921875 0.576171875 0.0859375 0.0400390625
1 0.0732421875 0.0732421875 0.146484375 0.0498046875
1 0.0419921875 0.5625 0.0830078125 0.05078125
1 0.25390625 0.64453125 0.119140625 0.05078125
1 0.2451171875 0.2412109375 0.083984375 0.109375
1 0.0615234375 0.896484375 0.0986328125 0.0244140625
1 0.169921875 0.6337890625 0.0615234375 0.0244140625
1 0.77734375 0.783203125 0.078125 0.0419921875
1 0.08984375 0.673828125 0.1005859375 0.0625
1 0.7255859375 0.9658203125 0.0478515625 0.0244140625
1 0.5830078125 0.107421875 0.0595703125 0.044921875
1 0.2431640625 0.603515625 0.029296875 0.0498046875
1 0.0380859375 0.09765625 0.0654296875 0.048828125
1 0.115234375 0.5322265625 0.0615234375 0.0244140625
1 0.3095703125 0.69140625 0.1396484375 0.060546875
1 0.3876953125 0.8427734375 0.0625 0.046875
