1 0.0078125 0.9521484375 0.015625 0.06640625
1 0.123046875 0.6904296875 0.078125 0.0703125
1 0.142578125 0.5537109375 0.1103515625 0.08203125
1 0.19921875 0.9697265625 0.2353515625 0.0595703125
1 0.357421875 0.892578125 0.07421875 0.0634765625
1 0.41796875 0.7685546875 0.072265625 0.0576171875
1 0.5576171875 0.8388671875 0.0888671875 0.078125
1 0.4423828125 0.900390625 0.0751953125 0.05078125
1 0.4931640625 0.966796875 0.0849609375 0.0654296875
1 0.6884765625 0.9033203125 0.107421875 0.0908203125
1 0.7744140625 0.61328125 0.0986328125 0.1279296875
1 0.8955078125 0.6181640625 0.1044921875 0.1064453125
1 0.9609375 0.671875 0.0771484375 0.09375
1 0.876953125 0.5205078125 0.0615234375 0.08984375
1 0.4638671875 0.546875 0.0849609375 0.1015625
1 0.47265625 0.6435546875 0.1376953125 0.099609375
1 0.5322265625 0.4345703125 0.0654296875 0.091796875
1 0.134765625 0.43359375 0.126953125 0.078125
1 0.1083984375 0.451171875 0.099609375 0.0625
1 0.1943359375 0.392578125 0.1689453125 0.0703125
1 0.2587890625 0.271484375 0.083984375 0.0693359375
1 0.353515625 0.2568359375 0.1064453125 0.0810546875
1 0.0341796875 0.0537109375 0.068359375 0.0693359375
1 0.1875 0.0185546875 0.2177734375 0.037109375
1 0.0791015625 0.259765625 0.130859375 0.0927734375
1 0.173828125 0.255859375 0.0595703125 0.0888671875
1 0.294921875 0.142578125 0.1103515625 0.1044921875
1 0.583984375 0.1640625 0.1201171875 0.0703125
1 0.7265625 0.15625 0.078125 0.08984375
1 0.693359375 0.2705078125 0.1318359375 0.0810546875
1 0.94140625 0.294921875 0.11328125 0.0791015625
1 0.8583984375 0.0341796875 0.0703125 0.068359375
1 0.947265625 0.056640625 0.080078125 0.0810546875
1 0.521484375 0.0419921875 0.076171875 0.0849609375
1 0.6142578125 0.0322265625 0.134765625 0.0654296875
1 0.2919921875 0.0556640625 0.05859375 0.0751953125
