1 0.947265625 0.841796875 0.0576171875 0.06640625
1 0.962890625 0.5595703125 0.0732421875 0.103515625
1 0.81640625 0.6240234375 0.1181640625 0.087890625
1 0.8857421875 0.783203125 0.1396484375 0.0673828125
1 0.8154296875 0.8525390625 0.0654296875 0.0654296875
1 0.6728515625 0.818359375 0.0771484375 0.0751953125
1 0.7880859375 0.9013671875 0.060546875 0.052734375
1 0.787109375 0.970703125 0.083984375 0.0478515625
1 0.771484375 0.541015625 0.0751953125 0.0986328125
1 0.76171875 0.46484375 0.1083984375 0.0634765625
1 0.669921875 0.4296875 0.0546875 0.0595703125
1 0.6240234375 0.375 0.064453125 0.0751953125
1 0.4716796875 0.4443359375 0.0634765625 0.08203125
1 0.5068359375 0.5185546875 0.0693359375 0.0625
1 0.4443359375 0.6416015625 0.0732421875 0.064453125
1 0.537109375 0.775390625 0.0693359375 0.0849609375
1 0.3193359375 0.78125 0.0732421875 0.0478515625
1 0.48828125 0.82421875 0.0673828125 0.0654296875
1 0.5283203125 0.876953125 0.072265625 0.0546875
1 0.6142578125 0.8623046875 0.068359375 0.0634765625
1 0.7236328125 0.9736328125 0.0634765625 0.052734375
1 0.3291015625 0.9208984375 0.109375 0.076171875
1 0.1943359375 0.8251953125 0.1416015625 0.0615234375
1 0.2373046875 0.7255859375 0.11328125 0.08984375
1 0.8125 0.1494140625 0.0654296875 0.0693359375
1 0.076171875 0.6201171875 0.0888671875 0.0654296875
1 0.03515625 0.6953125 0.05859375 0.083984375
1 0.1142578125 0.7490234375 0.0859375 0.0498046875
1 0.1044921875 0.5078125 0.087890625 0.0556640625
1 0.333984375 0.4462890625 0.048828125 0.060546875
1 0.1953125 0.4208984375 0.0615234375 0.08203125
1 0.2802734375 0.4775390625 0.0966796875 0.0654296875
1 0.2041015625 0.3251953125 0.08203125 0.0634765625
1 0.1015625 0.3212890625 0.0859375 0.0546875
1 0.1337890625 0.255859375 0.076171875 0.05859375
1 0.3427734375 0.24609375 0.095703125 0.0703125
1 0.3193359375 0.28125 0.0732421875 0.0546875
1 0.38671875 0.173828125 0.0947265625 0.06640625
1 0.416015625 0.103515625 0.072265625 0.08203125
1 0.533203125 0.185546875 0.125 0.13671875
1 0.623046875 0.2216796875 0.0712890625 0.08203125
1 0.6796875 0.2451171875 0.0625 0.091796875
1 0.7470703125 0.265625 0.07421875 0.080078125
1 0.7353515625 0.3232421875 0.0693359375 0.0791015625
1 0.732421875 0.1416015625 0.0712890625 0.072265625
1 0.982421875 0.2607421875 0.0341796875 0.060546875
1 0.1005859375 0.0380859375 0.134765625 0.076171875
1 0.052734375 0.0927734375 0.1064453125 0.12109375
1 0.12890625 0.1875 0.068359375 0.060546875
1 0.248046875 0.30859375 0.0625 0.083984375
1 0.248046875 0.4921875 0.060546875 0.0419921875
1 0.337890625 0.8359375 0.068359375 0.0556640625
1 0.5419921875 0.9599609375 0.044921875 0.0517578125
1 0.673828125 0.896484375 0.0751953125 0.046875
1 0.517578125 0.041015625 0.0615234375 0.0712890625
1 0.5595703125 0.0615234375 0.0478515625 0.0517578125
1 0.0810546875 0.98046875 0.080078125 0.0380859375
