1 0.966796875 0.5322265625 0.0654296875 0.0859375
1 0.958984375 0.2880859375 0.0810546875 0.08203125
1 0.8203125 0.2783203125 0.1015625 0.119140625
1 0.7587890625 0.1767578125 0.087890625 0.0615234375
1 0.9326171875 0.1572265625 0.0673828125 0.099609375
1 0.76171875 0.044921875 0.0888671875 0.0908203125
1 0.6875 0.1171875 0.0546875 0.0537109375
1 0.666015625 0.0625 0.091796875 0.06640625
1 0.5732421875 0.0703125 0.1025390625 0.072265625
1 0.5751953125 0.181640625 0.0712890625 0.0634765625
1 0.5654296875 0.3056640625 0.130859375 0.087890625
1 0.62890625 0.365234375 0.1318359375 0.09765625
1 0.07421875 0.0341796875 0.111328125 0.052734375
1 0.11328125 0.1181640625 0.1015625 0.0693359375
1 0.228515625 0.201171875 0.0966796875 0.0673828125
1 0.380859375 0.134765625 0.07421875 0.0908203125
1 0.3994140625 0.05078125 0.068359375 0.0693359375
1 0.205078125 0.4189453125 0.0673828125 0.080078125
1 0.4814453125 0.443359375 0.087890625 0.1494140625
1 0.5849609375 0.583984375 0.083984375 0.0908203125
1 0.7353515625 0.6962890625 0.08984375 0.173828125
1 0.7548828125 0.8662109375 0.064453125 0.12890625
1 0.9453125 0.822265625 0.0654296875 0.20703125
1 0.884765625 0.8935546875 0.076171875 0.0791015625
1 0.5048828125 0.7822265625 0.0947265625 0.1845703125
1 0.4248046875 0.763671875 0.0751953125 0.1015625
1 0.3544921875 0.8193359375 0.0751953125 0.0478515625
1 0.2451171875 0.64453125 0.10546875 0.16015625
1 0.05859375 0.4736328125 0.0830078125 0.05859375
1 0.271484375 0.447265625 0.1279296875 0.1796875
1 0.119140625 0.5185546875 0.1083984375 0.0615234375
1 0.0302734375 0.755859375 0.060546875 0.099609375
1 0.18359375 0.931640625 0.1650390625 0.076171875
1 0.0712890625 0.966796875 0.076171875 0.0654296875
1 0.0341796875 0.166015625 0.0693359375 0.0546875
1 0.447265625 0.5830078125 0.0576171875 0.0576171875
1 0.73828125 0.46484375 0.0908203125 0.078125
1 0.900390625 0.52734375 0.0595703125 0.0947265625
1 0.44921875 0.2119140625 0.06640625 0.0625
1 0.33203125 0.162109375 0.076171875 0.0703125
1 0.5595703125 0.9375 0.0556640625 0.07421875
1 0.607421875 0.875 0.0625 0.0732421875
1 0.1064453125 0.541015625 0.1064453125 0.0576171875
1 0.130859375 0.6044921875 0.080078125 0.0625
1 0.572265625 0.673828125 0.072265625 0.0869140625
1 0.6533203125 0.2421875 0.060546875 0.083984375
1 0.6181640625 0.517578125 0.0859375 0.083984375
1 0.62109375 0.630859375 0.05859375 0.0849609375
