1 0.0986328125 0.1943359375 0.072265625 0.119140625
1 0.2392578125 0.2666015625 0.05859375 0.09375
1 0.3916015625 0.330078125 0.0703125 0.083984375
1 0.34765625 0.427734375 0.10546875 0.0693359375
1 0.3525390625 0.49609375 0.0625 0.0654296875
1 0.1630859375 0.490234375 0.0673828125 0.076171875
1 0.2236328125 0.4853515625 0.0625 0.080078125
1 0.0244140625 0.3740234375 0.0498046875 0.119140625
1 0.0244140625 0.458984375 0.0498046875 0.0634765625
1 0.046875 0.73828125 0.05859375 0.099609375
1 0.0185546875 0.9111328125 0.037109375 0.087890625
1 0.05859375 0.8818359375 0.06640625 0.0712890625
1 0.2041015625 0.765625 0.0869140625 0.1044921875
1 0.3876953125 0.876953125 0.10546875 0.0908203125
1 0.2939453125 0.9560546875 0.1025390625 0.0869140625
1 0.1201171875 0.9736328125 0.0732421875 0.0517578125
1 0.4404296875 0.76953125 0.109375 0.115234375
1 0.638671875 0.7236328125 0.1123046875 0.10546875
1 0.5859375 0.7919921875 0.087890625 0.07421875
1 0.5625 0.845703125 0.0751953125 0.0791015625
1 0.740234375 0.9560546875 0.1259765625 0.087890625
1 0.830078125 0.9912109375 0.0986328125 0.017578125
1 0.810546875 0.8935546875 0.0634765625 0.078125
1 0.908203125 0.8681640625 0.0712890625 0.0595703125
1 0.9482421875 0.8037109375 0.0673828125 0.09765625
1 0.87890625 0.740234375 0.078125 0.095703125
1 0.7216796875 0.4814453125 0.0751953125 0.080078125
1 0.6279296875 0.48828125 0.0693359375 0.06640625
1 0.478515625 0.248046875 0.0908203125 0.1748046875
1 0.3896484375 0.2373046875 0.0654296875 0.0947265625
1 0.6953125 0.23828125 0.083984375 0.099609375
1 0.6748046875 0.314453125 0.0810546875 0.0849609375
1 0.802734375 0.380859375 0.06640625 0.0927734375
1 0.857421875 0.240234375 0.0986328125 0.1982421875
1 0.681640625 0.1162109375 0.09375 0.125
1 0.4580078125 0.0068359375 0.068359375 0.0146484375
1 0.4189453125 0.0283203125 0.044921875 0.056640625
1 0.4677734375 0.109375 0.0634765625 0.07421875
1 0.33203125 0.0126953125 0.0693359375 0.0263671875
1 0.1650390625 0.0595703125 0.0625 0.060546875
1 0.1015625 0.0361328125 0.05078125 0.0517578125
1 0.0400390625 0.0166015625 0.044921875 0.033203125
1 0.83203125 0.0400390625 0.0693359375 0.080078125
1 0.49609375 0.630859375 0.09375 0.119140625
1 0.21484375 0.01953125 0.05078125 0.033203125
1 0.5126953125 0.90234375 0.07421875 0.04296875
1 0.7021484375 0.90625 0.1103515625 0.072265625
1 0.720703125 0.8212890625 0.0537109375 0.04296875
1 0.4638671875 0.4833984375 0.052734375 0.044921875
1 0.9345703125 0.009765625 0.0556640625 0.0205078125
1 0.048828125 0.17578125 0.0732421875 0.107421875
1 0.1103515625 0.328125 0.0556640625 0.0556640625
1 0.1689453125 0.4013671875 0.0625 0.0478515625
1 0.0791015625 0.609375 0.0458984375 0.0458984375
1 0.150390625 0.1962890625 0.0517578125 0.109375
