1 0.173828125 0.9453125 0.0830078125 0.0654296875
1 0.7158203125 0.4423828125 0.0791015625 0.0966796875
1 0.697265625 0.9609375 0.0849609375 0.0595703125
1 0.1650390625 0.693359375 0.0810546875 0.1015625
1 0.7958984375 0.07421875 0.046875 0.095703125
1 0.8388671875 0.10546875 0.068359375 0.08203125
1 0.046875 0.15625 0.09375 0.06640625
1 0.662109375 0.18359375 0.109375 0.060546875
1 0.345703125 0.0888671875 0.0478515625 0.1171875
1 0.0771484375 0.69921875 0.0791015625 0.072265625
1 0.8818359375 0.6904296875 0.0849609375 0.06640625
1 0.8916015625 0.72265625 0.0947265625 0.08984375
1 0.8583984375 0.8134765625 0.0546875 0.064453125
1 0.0478515625 0.7451171875 0.087890625 0.0654296875
1 0.0390625 0.8525390625 0.076171875 0.076171875
1 0.416015625 0.232421875 0.072265625 0.0615234375
1 0.447265625 0.72265625 0.0654296875 0.046875
1 0.1923828125 0.443359375 0.10546875 0.0673828125
1 0.2646484375 0.169921875 0.1474609375 0.0625
1 0.4892578125 0.623046875 0.0361328125 0.0751953125
1 0.9111328125 0.515625 0.041015625 0.0673828125
1 0.806640625 0.4765625 0.0771484375 0.0341796875
1 0.333984375 0.787109375 0.11328125 0.056640625
1 0.041015625 0.4755859375 0.08203125 0.04296875
1 0.1923828125 0.671875 0.0986328125 0.0673828125
1 0.7880859375 0.9375 0.0947265625 0.0703125
1 0.1103515625 0.9326171875 0.0888671875 0.0625
1 0.0693359375 0.134765625 0.0986328125 0.048828125
1 0.0693359375 0.4521484375 0.138671875 0.05078125
1 0.890625 0.5673828125 0.0927734375 0.0546875
1 0.029296875 0.0595703125 0.05859375 0.064453125
1 0.8447265625 0.9140625 0.05859375 0.044921875
1 0.95703125 0.171875 0.04296875 0.05859375
1 0.876953125 0.9892578125 0.0712890625 0.0205078125
1 0.8486328125 0.015625 0.0673828125 0.03125
1 0.2763671875 0.5185546875 0.107421875 0.0400390625
1 0.1201171875 0.51171875 0.0693359375 0.0439453125
1 0.9755859375 0.5283203125 0.048828125 0.056640625
1 0.8828125 0.4814453125 0.099609375 0.052734375
1 0.70703125 0.736328125 0.0419921875 0.0673828125
1 0.2236328125 0.765625 0.1162109375 0.044921875
1 0.2607421875 0.73828125 0.05078125 0.06640625
1 0.5634765625 0.2255859375 0.048828125 0.046875
1 0.9228515625 0.6015625 0.0478515625 0.0341796875
1 0.5615234375 0.4384765625 0.05078125 0.0751953125
1 0.748046875 0.775390625 0.0654296875 0.04296875
1 0.62890625 0.38671875 0.0927734375 0.0693359375
1 0.111328125 0.67578125 0.0478515625 0.033203125
1 0.09765625 0.5205078125 0.0673828125 0.025390625
1 0.9697265625 0.8466796875 0.0380859375 0.0634765625
1 0.5849609375 0.1591796875 0.052734375 0.046875
1 0.7275390625 0.8046875 0.048828125 0.06640625
1 0.9853515625 0.251953125 0.0283203125 0.04296875
1 0.7587890625 0.404296875 0.09375 0.0556640625
1 0.28125 0.919921875 0.0966796875 0.041015625
1 0.0419921875 0.2529296875 0.0810546875 0.0458984375
1 0.3642578125 0.314453125 0.0703125 0.0439453125
1 0.544921875 0.79296875 0.1083984375 0.0439453125
1 0.2783203125 0.8154296875 0.1259765625 0.056640625
1 0.2392578125 0.537109375 0.095703125 0.0556640625
1 0.02734375 0.9892578125 0.0537109375 0.021484375
1 0.8916015625 0.1923828125 0.044921875 0.0546875
1 0.625 0.9833984375 0.0595703125 0.0322265625
1 0.6123046875 0.4814453125 0.06640625 0.0634765625
1 0.4501953125 0.458984375 0.0732421875 0.0625
1 0.4384765625 0.521484375 0.091796875 0.0419921875
1 0.982421875 0.2978515625 0.03515625 0.0380859375
1 0.240234375 0.1953125 0.0546875 0.044921875
1 0.0732421875 0.5927734375 0.048828125 0.021484375
1 0.994140625 0.8525390625 0.0107421875 0.0185546875
1 0.05078125 0.5703125 0.1015625 0.037109375
1 0.5869140625 0.49609375 0.0576171875 0.0517578125
1 0.119140625 0.3076171875 0.078125 0.0361328125
1 0.0126953125 0.099609375 0.0263671875 0.056640625
1 0.0302734375 0.30859375 0.060546875 0.0400390625
1 0.216796875 0.5009765625 0.0751953125 0.041015625
1 0.0927734375 0.876953125 0.0439453125 0.0439453125
1 0.1123046875 0.96875 0.076171875 0.0283203125
1 0.3828125 0.1826171875 0.0693359375 0.0400390625
1 0.943359375 0.8466796875 0.03515625 0.0498046875
