1 0.421875 0.3974609375 0.09765625 0.0771484375
1 0.9736328125 0.7783203125 0.052734375 0.072265625
1 0.783203125 0.7958984375 0.1171875 0.107421875
1 0.6240234375 0.01953125 0.0791015625 0.0390625
1 0.33203125 0.166015625 0.064453125 0.08203125
1 0.6728515625 0.0615234375 0.0673828125 0.1103515625
1 0.986328125 0.9345703125 0.02734375 0.0869140625
1 0.3017578125 0.0791015625 0.0849609375 0.1005859375
1 0.69921875 0.740234375 0.1552734375 0.0732421875
1 0.8916015625 0.2685546875 0.2158203125 0.09765625
1 0.6357421875 0.41796875 0.251953125 0.1572265625
1 0.2998046875 0.76953125 0.0703125 0.130859375
1 0.623046875 0.8525390625 0.1474609375 0.1474609375
1 0.240234375 0.291015625 0.1474609375 0.1328125
1 0.7890625 0.6494140625 0.1396484375 0.16015625
1 0.3896484375 0.5556640625 0.16015625 0.08203125
1 0.5322265625 0.0634765625 0.080078125 0.123046875
1 0.8505859375 0.0166015625 0.1474609375 0.0341796875
1 0.4306640625 0.0478515625 0.1123046875 0.0966796875
1 0.169921875 0.4287109375 0.240234375 0.1455078125
1 0.345703125 0.869140625 0.1826171875 0.1201171875
1 0.181640625 0.087890625 0.0595703125 0.0771484375
1 0.978515625 0.4794921875 0.04296875 0.0703125
1 0.9169921875 0.599609375 0.1650390625 0.185546875
1 0.4130859375 0.7392578125 0.0771484375 0.08984375
1 0.0888671875 0.576171875 0.1787109375 0.06640625
1 0.48046875 0.0048828125 0.1376953125 0.009765625
1 0.123046875 0.7294921875 0.1806640625 0.1689453125
1 0.912109375 0.16015625 0.17578125 0.107421875
1 0.79296875 0.083984375 0.15234375 0.0654296875
1 0.576171875 0.1533203125 0.107421875 0.0625
1 0.5927734375 0.2421875 0.1572265625 0.23046875
1 0.357421875 0.4677734375 0.0673828125 0.0966796875
1 0.6953125 0.90625 0.2822265625 0.1875
1 0.6396484375 0.6171875 0.0703125 0.0546875
1 0.73828125 0.0166015625 0.087890625 0.0341796875
1 0.7001953125 0.841796875 0.0673828125 0.10546875
1 0.8681640625 0.763671875 0.0576171875 0.0498046875
1 0.330078125 0.400390625 0.0927734375 0.2177734375
1 0.4892578125 0.962890625 0.0751953125 0.0673828125
1 0.759765625 0.015625 0.10546875 0.0322265625
1 0.111328125 0.1171875 0.0849609375 0.150390625
1 0.34765625 0.591796875 0.0830078125 0.08984375
1 0.58203125 0.599609375 0.064453125 0.185546875
1 0.3603515625 0.0341796875 0.0927734375 0.0693359375
1 0.552734375 0.2275390625 0.0732421875 0.1376953125
1 0.408203125 0.8916015625 0.2421875 0.1455078125
1 0.1630859375 0.3154296875 0.072265625 0.2021484375
1 0.9765625 0.5859375 0.0458984375 0.072265625
1 0.8232421875 0.33203125 0.1328125 0.064453125
1 0.185546875 0.029296875 0.1328125 0.0595703125
1 0.474609375 0.525390625 0.0546875 0.0517578125
1 0.576171875 0.4482421875 0.09765625 0.068359375
1 0.7080078125 0.4970703125 0.2177734375 0.10546875
1 0.0693359375 0.6103515625 0.1396484375 0.0595703125
1 0.02734375 0.8212890625 0.052734375 0.1015625
1 0.1435546875 0.84375 0.0546875 0.04296875
1 0.462890625 0.7705078125 0.0732421875 0.1474609375
1 0.5029296875 0.740234375 0.0576171875 0.0576171875
1 0.3603515625 0.8349609375 0.0673828125 0.0576171875
1 0.064453125 0.951171875 0.125 0.09765625
1 0.3193359375 0.970703125 0.10546875 0.0576171875
1 0.599609375 0.9716796875 0.080078125 0.0556640625
1 0.7021484375 0.96484375 0.060546875 0.0703125
1 0.8095703125 0.578125 0.044921875 0.046875
1 0.9931640625 0.2431640625 0.0126953125 0.0625
1 0.8916015625 0.115234375 0.1396484375 0.0830078125
