1 0.0634765625 0.671875 0.0654296875 0.138671875
1 0.140625 0.8037109375 0.154296875 0.09375
1 0.2333984375 0.6318359375 0.1025390625 0.0908203125
1 0.259765625 0.572265625 0.0791015625 0.0791015625
1 0.2431640625 0.5087890625 0.095703125 0.099609375
1 0.0556640625 0.50390625 0.1123046875 0.0595703125
1 0.111328125 0.5654296875 0.095703125 0.0703125
1 0.12890625 0.349609375 0.0732421875 0.1044921875
1 0.154296875 0.1728515625 0.103515625 0.060546875
1 0.119140625 0.244140625 0.0849609375 0.072265625
1 0.056640625 0.1640625 0.0849609375 0.1171875
1 0.2666015625 0.3203125 0.1064453125 0.0546875
1 0.26171875 0.390625 0.115234375 0.083984375
1 0.4345703125 0.6025390625 0.11328125 0.1572265625
1 0.5390625 0.57421875 0.197265625 0.09375
1 0.595703125 0.4189453125 0.0712890625 0.0537109375
1 0.6982421875 0.400390625 0.1083984375 0.0703125
1 0.8037109375 0.4140625 0.1162109375 0.0732421875
1 0.650390625 0.2412109375 0.076171875 0.0517578125
1 0.708984375 0.26171875 0.1083984375 0.072265625
1 0.85546875 0.283203125 0.1171875 0.080078125
1 0.91796875 0.2265625 0.1259765625 0.08203125
1 0.609375 0.80859375 0.0654296875 0.0625
1 0.451171875 0.9638671875 0.0771484375 0.072265625
1 0.65625 0.896484375 0.111328125 0.07421875
1 0.78125 0.8642578125 0.0966796875 0.076171875
1 0.888671875 0.9775390625 0.130859375 0.044921875
1 0.962890625 0.8984375 0.07421875 0.06640625
1 0.9462890625 0.7353515625 0.1064453125 0.0869140625
1 0.826171875 0.626953125 0.1279296875 0.107421875
1 0.7001953125 0.5107421875 0.115234375 0.072265625
1 0.814453125 0.525390625 0.111328125 0.0615234375
1 0.9140625 0.517578125 0.171875 0.15625
1 0.9677734375 0.3828125 0.064453125 0.0849609375
1 0.970703125 0.2841796875 0.05859375 0.0517578125
1 0.8115234375 0.015625 0.109375 0.03125
1 0.958984375 0.0224609375 0.08203125 0.044921875
1 0.8447265625 0.845703125 0.1396484375 0.1044921875
1 0.607421875 0.9697265625 0.111328125 0.060546875
