1 0.095703125 0.859375 0.078125 0.0859375
1 0.8447265625 0.4345703125 0.103515625 0.0517578125
1 0.8154296875 0.7568359375 0.0595703125 0.0693359375
1 0.2705078125 0.037109375 0.0654296875 0.072265625
1 0.8876953125 0.3544921875 0.146484375 0.0546875
1 0.880859375 0.7294921875 0.0673828125 0.091796875
1 0.8291015625 0.2177734375 0.0947265625 0.060546875
1 0.544921875 0.03125 0.048828125 0.0625
1 0.3984375 0.6884765625 0.0732421875 0.0673828125
1 0.974609375 0.5576171875 0.05078125 0.0615234375
1 0.4375 0.126953125 0.0478515625 0.083984375
1 0.171875 0.6728515625 0.0927734375 0.0810546875
1 0.43359375 0.3046875 0.1572265625 0.08203125
1 0.21875 0.51953125 0.0947265625 0.0439453125
1 0.1357421875 0.07421875 0.15234375 0.068359375
1 0.0615234375 0.7216796875 0.123046875 0.0634765625
1 0.3828125 0.9267578125 0.1279296875 0.1328125
1 0.791015625 0.0556640625 0.0419921875 0.0732421875
1 0.626953125 0.0830078125 0.1044921875 0.0380859375
1 0.46484375 0.5361328125 0.0947265625 0.08203125
1 0.4736328125 0.0302734375 0.046875 0.060546875
1 0.3388671875 0.9775390625 0.0693359375 0.044921875
1 0.29296875 0.8095703125 0.1103515625 0.0517578125
1 0.5322265625 0.94140625 0.0693359375 0.099609375
1 0.2255859375 0.8447265625 0.11328125 0.04296875
1 0.9169921875 0.359375 0.083984375 0.154296875
1 0.5732421875 0.3974609375 0.1015625 0.0732421875
1 0.7041015625 0.115234375 0.107421875 0.0419921875
1 0.9658203125 0.8671875 0.0634765625 0.0419921875
1 0.58203125 0.4150390625 0.095703125 0.0732421875
1 0.5849609375 0.3212890625 0.0546875 0.0615234375
1 0.3076171875 0.6357421875 0.12109375 0.060546875
1 0.7958984375 0.0126953125 0.041015625 0.0263671875
1 0.4287109375 0.5927734375 0.0947265625 0.0341796875
1 0.4873046875 0.1689453125 0.06640625 0.0556640625
1 0.6474609375 0.3623046875 0.0986328125 0.0478515625
1 0.3330078125 0.216796875 0.0966796875 0.0546875
1 0.0302734375 0.38671875 0.060546875 0.0771484375
1 0.587890625 0.9306640625 0.056640625 0.0498046875
1 0.9697265625 0.6904296875 0.056640625 0.0537109375
1 0.0791015625 0.462890625 0.158203125 0.0595703125
1 0.9150390625 0.8583984375 0.1103515625 0.04296875
1 0.9755859375 0.40625 0.048828125 0.0458984375
1 0.4208984375 0.80078125 0.16015625 0.0498046875
1 0.4482421875 0.984375 0.0712890625 0.0302734375
1 0.4814453125 0.84375 0.0693359375 0.0400390625
1 0.015625 0.484375 0.0322265625 0.0341796875
1 0.8310546875 0.421875 0.0595703125 0.0849609375
1 0.0380859375 0.42578125 0.0771484375 0.041015625
1 0.025390625 0.9248046875 0.05078125 0.048828125
1 0.650390625 0.810546875 0.0595703125 0.0341796875
1 0.7021484375 0.7744140625 0.044921875 0.041015625
