1 0.03125 0.9697265625 0.0625 0.0595703125
1 0.2587890625 0.96875 0.1015625 0.0615234375
1 0.357421875 0.9609375 0.046875 0.0771484375
1 0.2197265625 0.849609375 0.0927734375 0.0791015625
1 0.525390625 0.880859375 0.078125 0.0673828125
1 0.4482421875 0.8359375 0.0712890625 0.1435546875
1 0.4814453125 0.7138671875 0.0947265625 0.0732421875
1 0.6025390625 0.712890625 0.091796875 0.08984375
1 0.6318359375 0.6357421875 0.1083984375 0.087890625
1 0.5615234375 0.5791015625 0.087890625 0.1259765625
1 0.4765625 0.5625 0.0927734375 0.0654296875
1 0.2841796875 0.576171875 0.06640625 0.123046875
1 0.033203125 0.267578125 0.0673828125 0.0546875
1 0.041015625 0.2255859375 0.0498046875 0.044921875
1 0.3544921875 0.2421875 0.107421875 0.0751953125
1 0.322265625 0.396484375 0.0810546875 0.060546875
1 0.3427734375 0.5302734375 0.0751953125 0.181640625
1 0.498046875 0.451171875 0.1123046875 0.0908203125
1 0.609375 0.5078125 0.1044921875 0.0888671875
1 0.6083984375 0.4443359375 0.1015625 0.0771484375
1 0.5341796875 0.3076171875 0.1171875 0.0703125
1 0.7197265625 0.3125 0.0888671875 0.0791015625
1 0.853515625 0.4521484375 0.076171875 0.1298828125
1 0.654296875 0.3544921875 0.1044921875 0.0751953125
1 0.5771484375 0.3759765625 0.103515625 0.0615234375
1 0.69921875 0.41015625 0.11328125 0.0634765625
1 0.626953125 0.2548828125 0.087890625 0.0966796875
1 0.03515625 0.08984375 0.0703125 0.0556640625
1 0.1220703125 0.04296875 0.1259765625 0.056640625
1 0.298828125 0.169921875 0.052734375 0.041015625
1 0.24609375 0.1337890625 0.0732421875 0.068359375
1 0.3466796875 0.1103515625 0.0869140625 0.0712890625
1 0.310546875 0.0361328125 0.0546875 0.072265625
1 0.4033203125 0.03125 0.0986328125 0.0625
1 0.5888671875 0.064453125 0.07421875 0.0947265625
1 0.5751953125 0.0146484375 0.0634765625 0.029296875
1 0.806640625 0.2314453125 0.060546875 0.0859375
1 0.87890625 0.189453125 0.115234375 0.0625
1 0.96484375 0.2275390625 0.0693359375 0.0625
1 0.736328125 0.7939453125 0.189453125 0.1259765625
1 0.8095703125 0.837890625 0.05078125 0.0732421875
1 0.9111328125 0.888671875 0.1181640625 0.08203125
1 0.9072265625 0.8564453125 0.171875 0.0703125
1 0.296875 0.0966796875 0.04296875 0.0888671875
