1 0.95703125 0.94921875 0.0595703125 0.060546875
1 0.84375 0.90625 0.07421875 0.056640625
1 0.6884765625 0.9453125 0.0576171875 0.0595703125
1 0.359375 0.7978515625 0.0654296875 0.0712890625
1 0.544921875 0.8359375 0.056640625 0.072265625
1 0.6943359375 0.7646484375 0.080078125 0.068359375
1 0.546875 0.712890625 0.068359375 0.0771484375
1 0.75 0.68359375 0.064453125 0.0732421875
1 0.80859375 0.78125 0.0791015625 0.08984375
1 0.8505859375 0.6884765625 0.056640625 0.0849609375
1 0.90234375 0.7548828125 0.09375 0.0888671875
1 0.8798828125 0.3271484375 0.109375 0.0751953125
1 0.9287109375 0.056640625 0.072265625 0.076171875
1 0.6494140625 0.1689453125 0.0712890625 0.068359375
1 0.6455078125 0.2490234375 0.0654296875 0.087890625
1 0.529296875 0.2265625 0.0771484375 0.087890625
1 0.46875 0.5927734375 0.0615234375 0.076171875
1 0.228515625 0.810546875 0.0908203125 0.068359375
1 0.2646484375 0.8896484375 0.0869140625 0.0625
1 0.2744140625 0.8330078125 0.06640625 0.0712890625
1 0.138671875 0.6787109375 0.068359375 0.08984375
1 0.07421875 0.7861328125 0.07421875 0.0712890625
1 0.1259765625 0.8486328125 0.0712890625 0.068359375
1 0.0498046875 0.69140625 0.078125 0.068359375
1 0.53515625 0.34375 0.0615234375 0.0673828125
1 0.2529296875 0.2060546875 0.06640625 0.087890625
1 0.390625 0.2099609375 0.0771484375 0.08984375
1 0.28125 0.287109375 0.09765625 0.0791015625
1 0.123046875 0.37890625 0.06640625 0.1162109375
1 0.384765625 0.4091796875 0.0693359375 0.060546875
1 0.0478515625 0.3076171875 0.05078125 0.0537109375
1 0.1953125 0.0234375 0.0869140625 0.046875
1 0.2958984375 0.775390625 0.0771484375 0.0791015625
1 0.42578125 0.3759765625 0.060546875 0.0478515625
1 0.62890625 0.9208984375 0.0712890625 0.0732421875
1 0.5771484375 0.3212890625 0.048828125 0.046875
1 0.9853515625 0.3291015625 0.025390625 0.0546875
1 0.654296875 0.98046875 0.0517578125 0.0380859375
1 0.0107421875 0.669921875 0.021484375 0.0498046875
1 0.2998046875 0.2548828125 0.048828125 0.0458984375
1 0.591796875 0.744140625 0.0595703125 0.052734375
1 0.783203125 0.6640625 0.041015625 0.0556640625
