1 0.4951171875 0.7744140625 0.0791015625 0.119140625
1 0.5439453125 0.9677734375 0.09765625 0.064453125
1 0.6826171875 0.431640625 0.0908203125 0.0966796875
1 0.103515625 0.2890625 0.0859375 0.1171875
1 0.8876953125 0.7080078125 0.091796875 0.13671875
1 0.58984375 0.30078125 0.0703125 0.0576171875
1 0.0732421875 0.0810546875 0.0830078125 0.095703125
1 0.765625 0.0322265625 0.041015625 0.0654296875
1 0.5302734375 0.1484375 0.0947265625 0.1484375
1 0.970703125 0.7890625 0.04296875 0.0380859375
1 0.8203125 0.138671875 0.0751953125 0.111328125
1 0.4658203125 0.576171875 0.138671875 0.107421875
1 0.6923828125 0.19921875 0.046875 0.1357421875
1 0.935546875 0.693359375 0.1015625 0.0595703125
1 0.2978515625 0.1552734375 0.0927734375 0.0634765625
1 0.28125 0.73828125 0.109375 0.0771484375
1 0.888671875 0.53125 0.1015625 0.1064453125
1 0.9111328125 0.4677734375 0.0849609375 0.087890625
1 0.5078125 0.2041015625 0.1162109375 0.0537109375
1 0.5966796875 0.80859375 0.1103515625 0.080078125
1 0.2109375 0.205078125 0.0986328125 0.0625
1 0.7119140625 0.6279296875 0.078125 0.0615234375
1 0.8515625 0.8740234375 0.06640625 0.05078125
1 0.779296875 0.2138671875 0.1259765625 0.09765625
1 0.251953125 0.5478515625 0.1279296875 0.09765625
1 0.8125 0.3046875 0.0751953125 0.0751953125
1 0.861328125 0.02734375 0.078125 0.052734375
1 0.1708984375 0.6904296875 0.0693359375 0.0478515625
1 0.408203125 0.73828125 0.1279296875 0.0869140625
1 0.7626953125 0.4638671875 0.076171875 0.087890625
1 0.623046875 0.6005859375 0.11328125 0.0849609375
1 0.2900390625 0.7744140625 0.078125 0.0732421875
1 0.4326171875 0.9150390625 0.0869140625 0.03515625
1 0.638671875 0.79296875 0.1005859375 0.08203125
1 0.21484375 0.6455078125 0.060546875 0.0908203125
1 0.068359375 0.3232421875 0.0908203125 0.0615234375
1 0.5234375 0.4638671875 0.0986328125 0.146484375
1 0.8916015625 0.76171875 0.0712890625 0.0361328125
1 0.837890625 0.8330078125 0.080078125 0.05078125
1 0.2333984375 0.341796875 0.1025390625 0.044921875
1 0.154296875 0.9580078125 0.103515625 0.0615234375
1 0.234375 0.8974609375 0.185546875 0.04296875
1 0.76171875 0.8623046875 0.0546875 0.0703125
1 0.841796875 0.93359375 0.0615234375 0.0234375
1 0.0830078125 0.1474609375 0.1669921875 0.044921875
1 0.2265625 0.26171875 0.072265625 0.0908203125
1 0.1708984375 0.5927734375 0.17578125 0.0693359375
1 0.5166015625 0.84375 0.080078125 0.0419921875
1 0.349609375 0.611328125 0.115234375 0.07421875
1 0.748046875 0.498046875 0.07421875 0.0361328125
1 0.8037109375 0.6240234375 0.1748046875 0.041015625
1 0.068359375 0.919921875 0.0830078125 0.0322265625
1 0.0283203125 0.27734375 0.0546875 0.0390625
1 0.3583984375 0.953125 0.1181640625 0.0556640625
1 0.0869140625 0.890625 0.1357421875 0.056640625
1 0.76953125 0.1591796875 0.16015625 0.12109375
1 0.8369140625 0.908203125 0.1015625 0.0419921875
1 0.5234375 0.8759765625 0.1220703125 0.064453125
1 0.2646484375 0.6845703125 0.05859375 0.07421875
1 0.96484375 0.9619140625 0.0693359375 0.0478515625
1 0.951171875 0.9130859375 0.09765625 0.052734375
1 0.9736328125 0.7548828125 0.046875 0.0673828125
1 0.6845703125 0.5888671875 0.064453125 0.041015625
