1 0.0654296875 0.0537109375 0.06640625 0.1083984375
1 0.0087890625 0.248046875 0.0185546875 0.05859375
1 0.01953125 0.330078125 0.0390625 0.0654296875
1 0.09765625 0.27734375 0.060546875 0.0546875
1 0.0439453125 0.251953125 0.048828125 0.0537109375
1 0.0634765625 0.173828125 0.0595703125 0.0439453125
1 0.1884765625 0.3427734375 0.1142578125 0.07421875
1 0.0341796875 0.712890625 0.068359375 0.0595703125
1 0.0205078125 0.5400390625 0.041015625 0.09765625
1 0.0322265625 0.49609375 0.064453125 0.0703125
1 0.03515625 0.419921875 0.0712890625 0.0537109375
1 0.197265625 0.4853515625 0.0537109375 0.072265625
1 0.171875 0.5791015625 0.0517578125 0.115234375
1 0.1279296875 0.626953125 0.0537109375 0.0791015625
1 0.2568359375 0.548828125 0.046875 0.083984375
1 0.0673828125 0.990234375 0.0439453125 0.01953125
1 0.0654296875 0.8642578125 0.103515625 0.048828125
1 0.103515625 0.923828125 0.0859375 0.052734375
1 0.240234375 0.8740234375 0.0732421875 0.0546875
1 0.267578125 0.9814453125 0.1728515625 0.037109375
1 0.2373046875 0.126953125 0.0712890625 0.0537109375
1 0.2529296875 0.0380859375 0.04296875 0.0712890625
1 0.1650390625 0.0224609375 0.0595703125 0.0419921875
1 0.40625 0.0205078125 0.056640625 0.0419921875
1 0.2734375 0.18359375 0.0869140625 0.05078125
1 0.345703125 0.177734375 0.05078125 0.037109375
1 0.4716796875 0.2451171875 0.0712890625 0.064453125
1 0.3876953125 0.3818359375 0.1337890625 0.0546875
1 0.46875 0.5166015625 0.064453125 0.0625
1 0.5908203125 0.599609375 0.041015625 0.078125
1 0.5732421875 0.7197265625 0.0634765625 0.0478515625
1 0.4453125 0.796875 0.1025390625 0.06640625
1 0.4697265625 0.8603515625 0.1318359375 0.06640625
1 0.642578125 0.83203125 0.068359375 0.0712890625
1 0.716796875 0.806640625 0.0712890625 0.0712890625
1 0.701171875 0.9384765625 0.076171875 0.0634765625
1 0.80859375 0.9619140625 0.08203125 0.076171875
1 0.7197265625 0.984375 0.083984375 0.0302734375
1 0.9521484375 0.9697265625 0.095703125 0.0595703125
1 0.9384765625 0.5947265625 0.1220703125 0.064453125
1 0.8525390625 0.4873046875 0.052734375 0.0595703125
1 0.78515625 0.529296875 0.0791015625 0.1279296875
1 0.6865234375 0.4619140625 0.0810546875 0.05859375
1 0.6708984375 0.4091796875 0.0546875 0.0361328125
1 0.8544921875 0.384765625 0.1103515625 0.0849609375
1 0.9716796875 0.267578125 0.056640625 0.0546875
1 0.5830078125 0.306640625 0.0751953125 0.0751953125
1 0.7353515625 0.2705078125 0.0634765625 0.0634765625
1 0.873046875 0.203125 0.056640625 0.0927734375
1 0.5908203125 0.1982421875 0.08984375 0.07421875
1 0.671875 0.18359375 0.03515625 0.072265625
1 0.65625 0.119140625 0.0693359375 0.06640625
1 0.7109375 0.169921875 0.046875 0.0986328125
1 0.7607421875 0.1484375 0.05859375 0.0625
1 0.814453125 0.1572265625 0.0625 0.078125
1 0.7802734375 0.08203125 0.11328125 0.0703125
1 0.82421875 0.0283203125 0.046875 0.0576171875
1 0.9208984375 0.0732421875 0.0498046875 0.1171875
1 0.9521484375 0.0419921875 0.044921875 0.0849609375
1 0.98046875 0.08984375 0.0390625 0.0556640625
1 0.4208984375 0.4267578125 0.044921875 0.03515625
1 0.2001953125 0.7578125 0.0625 0.0654296875
1 0.12890625 0.7451171875 0.0478515625 0.068359375
