1 0.126953125 0.0283203125 0.0693359375 0.0576171875
1 0.8837890625 0.0244140625 0.109375 0.0498046875
1 0.787109375 0.033203125 0.0751953125 0.0673828125
1 0.806640625 0.111328125 0.0703125 0.0615234375
1 0.8798828125 0.107421875 0.0517578125 0.0703125
1 0.9833984375 0.115234375 0.0322265625 0.05859375
1 0.671875 0.181640625 0.1162109375 0.0703125
1 0.5654296875 0.2587890625 0.0986328125 0.080078125
1 0.498046875 0.142578125 0.0830078125 0.083984375
1 0.349609375 0.1435546875 0.0966796875 0.0751953125
1 0.2451171875 0.150390625 0.0849609375 0.0517578125
1 0.181640625 0.1044921875 0.0908203125 0.05078125
1 0.0498046875 0.19140625 0.0634765625 0.06640625
1 0.25390625 0.2578125 0.1201171875 0.076171875
1 0.35546875 0.271484375 0.0830078125 0.048828125
1 0.2265625 0.330078125 0.08984375 0.0712890625
1 0.2099609375 0.3583984375 0.181640625 0.1044921875
1 0.2890625 0.4658203125 0.0556640625 0.0830078125
1 0.1171875 0.44140625 0.05078125 0.0859375
1 0.2294921875 0.5771484375 0.1162109375 0.0703125
1 0.109375 0.560546875 0.1044921875 0.111328125
1 0.6591796875 0.41796875 0.1220703125 0.0576171875
1 0.443359375 0.361328125 0.119140625 0.076171875
1 0.501953125 0.408203125 0.17578125 0.083984375
1 0.54296875 0.310546875 0.115234375 0.0673828125
1 0.8935546875 0.27734375 0.0654296875 0.076171875
1 0.8671875 0.2939453125 0.06640625 0.1142578125
1 0.76953125 0.40234375 0.0791015625 0.060546875
1 0.791015625 0.51171875 0.060546875 0.09375
1 0.595703125 0.4833984375 0.0888671875 0.0537109375
1 0.5888671875 0.5263671875 0.10546875 0.05078125
1 0.587890625 0.5849609375 0.0869140625 0.072265625
1 0.6259765625 0.6953125 0.0810546875 0.1875
1 0.701171875 0.677734375 0.048828125 0.1181640625
1 0.7861328125 0.7119140625 0.11328125 0.1962890625
1 0.44921875 0.744140625 0.0908203125 0.05859375
1 0.357421875 0.7490234375 0.072265625 0.0576171875
1 0.3681640625 0.822265625 0.072265625 0.078125
1 0.4921875 0.828125 0.0634765625 0.06640625
1 0.92578125 0.4794921875 0.068359375 0.10546875
1 0.947265625 0.46875 0.0849609375 0.0498046875
1 0.9150390625 0.3720703125 0.1376953125 0.080078125
1 0.9521484375 0.9208984375 0.0703125 0.072265625
1 0.6796875 0.94140625 0.0634765625 0.0576171875
1 0.58984375 0.951171875 0.0751953125 0.05078125
1 0.4677734375 0.9599609375 0.060546875 0.0791015625
1 0.2890625 0.9599609375 0.103515625 0.0576171875
1 0.1494140625 0.95703125 0.119140625 0.046875
