1 0.0107421875 0.037109375 0.021484375 0.0556640625
1 0.22265625 0.1669921875 0.0458984375 0.029296875
1 0.3642578125 0.2314453125 0.1015625 0.0439453125
1 0.3603515625 0.17578125 0.080078125 0.056640625
1 0.416015625 0.0771484375 0.0888671875 0.060546875
1 0.408203125 0.099609375 0.09765625 0.0693359375
1 0.36328125 0.103515625 0.095703125 0.068359375
1 0.525390625 0.2392578125 0.0517578125 0.060546875
1 0.55859375 0.2216796875 0.099609375 0.0341796875
1 0.6455078125 0.265625 0.080078125 0.072265625
1 0.7509765625 0.16015625 0.064453125 0.064453125
1 0.6796875 0.134765625 0.0810546875 0.029296875
1 0.810546875 0.125 0.064453125 0.0390625
1 0.8330078125 0.04296875 0.0751953125 0.0859375
1 0.9765625 0.138671875 0.0458984375 0.064453125
1 0.9912109375 0.21875 0.017578125 0.0400390625
1 0.7763671875 0.4951171875 0.0712890625 0.052734375
1 0.900390625 0.6220703125 0.076171875 0.041015625
1 0.87109375 0.6240234375 0.0546875 0.0947265625
1 0.8759765625 0.7841796875 0.04296875 0.072265625
1 0.8037109375 0.84375 0.0498046875 0.046875
1 0.958984375 0.927734375 0.056640625 0.0546875
1 0.6845703125 0.865234375 0.0703125 0.0498046875
1 0.8017578125 0.7001953125 0.0673828125 0.0576171875
1 0.67578125 0.61328125 0.0771484375 0.0439453125
1 0.705078125 0.6650390625 0.0986328125 0.0771484375
1 0.5732421875 0.552734375 0.0615234375 0.02734375
1 0.8056640625 0.5458984375 0.046875 0.0263671875
1 0.51953125 0.4638671875 0.0810546875 0.048828125
1 0.4052734375 0.4755859375 0.0576171875 0.029296875
1 0.501953125 0.6083984375 0.0947265625 0.037109375
1 0.6005859375 0.712890625 0.10546875 0.0380859375
1 0.5498046875 0.76171875 0.0810546875 0.041015625
1 0.3798828125 0.7412109375 0.0927734375 0.0458984375
1 0.40625 0.77734375 0.1025390625 0.041015625
1 0.4951171875 0.666015625 0.0634765625 0.0361328125
1 0.513671875 0.6953125 0.0908203125 0.0361328125
1 0.9296875 0.06640625 0.04296875 0.0380859375
1 0.0830078125 0.35546875 0.1298828125 0.1064453125
1 0.0302734375 0.5322265625 0.060546875 0.0390625
1 0.0888671875 0.572265625 0.0869140625 0.03515625
1 0.09765625 0.6669921875 0.05859375 0.0244140625
1 0.0595703125 0.7021484375 0.060546875 0.046875
1 0.373046875 0.5263671875 0.091796875 0.0498046875
1 0.3349609375 0.5673828125 0.1044921875 0.0537109375
1 0.279296875 0.5361328125 0.1142578125 0.025390625
1 0.7353515625 0.59375 0.0302734375 0.0263671875
1 0.5380859375 0.9521484375 0.0517578125 0.033203125
1 0.8427734375 0.9697265625 0.0478515625 0.0283203125
1 0.201171875 0.7314453125 0.1083984375 0.033203125
1 0.0263671875 0.80078125 0.0537109375 0.04296875
1 0.140625 0.9189453125 0.0546875 0.0361328125
