1 0.8037109375 0.07421875 0.0673828125 0.0966796875
1 0.7841796875 0.2783203125 0.0556640625 0.0927734375
1 0.501953125 0.25 0.0654296875 0.0830078125
1 0.9755859375 0.2412109375 0.048828125 0.0888671875
1 0.0205078125 0.125 0.041015625 0.095703125
1 0.875 0.4638671875 0.0712890625 0.083984375
1 0.1123046875 0.48046875 0.0849609375 0.046875
1 0.2548828125 0.97265625 0.0625 0.05078125
1 0.62890625 0.4287109375 0.0673828125 0.0615234375
1 0.095703125 0.140625 0.05859375 0.0732421875
1 0.0439453125 0.49609375 0.0888671875 0.068359375
1 0.7333984375 0.822265625 0.068359375 0.0498046875
1 0.3173828125 0.7353515625 0.0546875 0.06640625
1 0.81640625 0.390625 0.076171875 0.0439453125
1 0.3388671875 0.400390625 0.0634765625 0.0478515625
1 0.82421875 0.830078125 0.0693359375 0.0615234375
1 0.572265625 0.7880859375 0.0693359375 0.056640625
1 0.431640625 0.9404296875 0.078125 0.05859375
1 0.306640625 0.2646484375 0.076171875 0.037109375
1 0.0751953125 0.361328125 0.150390625 0.0771484375
1 0.62890625 0.783203125 0.056640625 0.0546875
1 0.3349609375 0.5322265625 0.0712890625 0.0400390625
1 0.69140625 0.517578125 0.0810546875 0.0390625
1 0.8076171875 0.6748046875 0.052734375 0.03515625
1 0.2529296875 0.5693359375 0.052734375 0.0546875
1 0.931640625 0.9345703125 0.052734375 0.0576171875
1 0.67578125 0.9599609375 0.0439453125 0.0791015625
1 0.173828125 0.392578125 0.0556640625 0.0478515625
1 0.1650390625 0.2177734375 0.0546875 0.046875
1 0.8740234375 0.8203125 0.05078125 0.068359375
1 0.421875 0.689453125 0.0615234375 0.0322265625
1 0.2333984375 0.3056640625 0.0615234375 0.0380859375
1 0.5322265625 0.6064453125 0.091796875 0.0517578125
1 0.3896484375 0.2939453125 0.060546875 0.04296875
1 0.5234375 0.36328125 0.05078125 0.044921875
1 0.1806640625 0.533203125 0.0810546875 0.0439453125
1 0.041015625 0.2373046875 0.0751953125 0.0361328125
1 0.517578125 0.2099609375 0.0458984375 0.05859375
1 0.185546875 0.013671875 0.0400390625 0.02734375
1 0.0732421875 0.208984375 0.1474609375 0.0927734375
1 0.70703125 0.4287109375 0.059277343750000044 0.03837890625000001
1 0.013671875 0.984375 0.02734375 0.0302734375
1 0.4091796875 0.5517578125 0.0859375 0.0361328125
1 0.3798828125 0.80078125 0.0654296875 0.0400390625
1 0.8037109375 0.5888671875 0.0810546875 0.0546875
1 0.2080078125 0.658203125 0.0537109375 0.04296875
1 0.6328125 0.7685546875 0.052734375 0.0400390625
1 0.1630859375 0.0234375 0.046875 0.0439453125
1 0.345703125 0.5947265625 0.0341796875 0.056640625
1 0.14453125 0.1474609375 0.0478515625 0.0400390625
1 0.015625 0.888671875 0.0322265625 0.037109375
1 0.19921875 0.7939453125 0.046875 0.037109375
1 0.7734375 0.8095703125 0.056640625 0.0322265625
1 0.40234375 0.4970703125 0.044921875 0.0224609375
1 0.5791015625 0.505859375 0.0419921875 0.0341796875
1 0.6318359375 0.9892578125 0.0302734375 0.0205078125
1 0.5732421875 0.5771484375 0.05078125 0.0439453125
1 0.953125 0.755859375 0.03515625 0.044921875
1 0.517578125 0.8876953125 0.060546875 0.0361328125
1 0.5263671875 0.6875 0.0439453125 0.05078125
1 0.66796875 0.400390625 0.0546875 0.01953125
1 0.90625 0.9638671875 0.03125 0.0361328125
1 0.982421875 0.6044921875 0.0341796875 0.0595703125
