1 0.62109375 0.8916015625 0.1328125 0.1142578125
1 0.3896484375 0.892578125 0.16015625 0.1376953125
1 0.123046875 0.349609375 0.1123046875 0.10546875
1 0.755859375 0.1005859375 0.15234375 0.123046875
1 0.9228515625 0.5478515625 0.1533203125 0.1181640625
1 0.0478515625 0.9072265625 0.0966796875 0.14453125
1 0.7431640625 0.591796875 0.16796875 0.1201171875
1 0.28125 0.525390625 0.1552734375 0.107421875
1 0.0419921875 0.318359375 0.0849609375 0.13671875
1 0.8818359375 0.0947265625 0.16015625 0.08984375
1 0.2490234375 0.216796875 0.1455078125 0.0849609375
1 0.271484375 0.037109375 0.2001953125 0.07421875
1 0.0673828125 0.037109375 0.134765625 0.072265625
1 0.689453125 0.7470703125 0.134765625 0.109375
1 0.349609375 0.154296875 0.14453125 0.1650390625
1 0.2333984375 0.1650390625 0.123046875 0.1279296875
1 0.4267578125 0.078125 0.115234375 0.0947265625
1 0.2255859375 0.63671875 0.142578125 0.1015625
