1 0.748046875 0.35546875 0.0927734375 0.142578125
1 0.5224609375 0.32421875 0.0546875 0.0927734375
1 0.2392578125 0.08203125 0.1201171875 0.119140625
1 0.64453125 0.568359375 0.115234375 0.126953125
1 0.5126953125 0.9248046875 0.1123046875 0.125
1 0.5888671875 0.7822265625 0.1044921875 0.0908203125
1 0.3681640625 0.3291015625 0.0791015625 0.0888671875
1 0.224609375 0.591796875 0.10546875 0.08984375
1 0.474609375 0.2978515625 0.0517578125 0.064453125
1 0.623046875 0.634765625 0.0771484375 0.0703125
1 0.970703125 0.2373046875 0.05859375 0.16015625
1 0.08984375 0.671875 0.08984375 0.10546875
1 0.052734375 0.5576171875 0.1025390625 0.1572265625
1 0.03125 0.919921875 0.0625 0.05859375
1 0.54296875 0.43359375 0.0927734375 0.072265625
1 0.5615234375 0.3525390625 0.056640625 0.068359375
