1 0.0283203125 0.587890625 0.056640625 0.06640625
1 0.03125 0.6748046875 0.0634765625 0.0712890625
1 0.119140625 0.625 0.0546875 0.0947265625
1 0.0625 0.66015625 0.0625 0.0712890625
1 0.154296875 0.7119140625 0.080078125 0.0537109375
1 0.1904296875 0.7626953125 0.06640625 0.078125
1 0.298828125 0.67578125 0.0791015625 0.0693359375
1 0.22265625 0.810546875 0.068359375 0.07421875
1 0.1005859375 0.8330078125 0.0751953125 0.0830078125
1 0.2607421875 0.8037109375 0.0595703125 0.0615234375
1 0.3125 0.765625 0.1083984375 0.0771484375
1 0.4052734375 0.748046875 0.072265625 0.0556640625
1 0.328125 0.8125 0.072265625 0.0595703125
1 0.3447265625 0.8603515625 0.068359375 0.05859375
1 0.388671875 0.892578125 0.0869140625 0.0830078125
1 0.521484375 0.8525390625 0.0771484375 0.0634765625
1 0.56640625 0.833984375 0.0595703125 0.05078125
1 0.041015625 0.0732421875 0.0771484375 0.0947265625
1 0.0146484375 0.228515625 0.0302734375 0.0888671875
1 0.15234375 0.0888671875 0.109375 0.0830078125
1 0.1533203125 0.1669921875 0.07421875 0.0732421875
1 0.1259765625 0.2314453125 0.0615234375 0.0634765625
1 0.2294921875 0.2080078125 0.07421875 0.095703125
1 0.1787109375 0.2373046875 0.0478515625 0.0712890625
1 0.154296875 0.298828125 0.0703125 0.0791015625
1 0.2041015625 0.2998046875 0.0537109375 0.068359375
1 0.138671875 0.376953125 0.07421875 0.0654296875
1 0.3525390625 0.0849609375 0.078125 0.0732421875
1 0.59765625 0.1103515625 0.0712890625 0.0791015625
1 0.5712890625 0.1884765625 0.0712890625 0.05859375
1 0.701171875 0.078125 0.080078125 0.1064453125
1 0.7607421875 0.12890625 0.078125 0.0771484375
1 0.787109375 0.177734375 0.0517578125 0.0810546875
1 0.767578125 0.2294921875 0.064453125 0.0791015625
1 0.8173828125 0.2646484375 0.0703125 0.076171875
1 0.708984375 0.2939453125 0.0625 0.0615234375
1 0.857421875 0.3935546875 0.0673828125 0.0947265625
1 0.9521484375 0.3955078125 0.0595703125 0.0712890625
1 0.7470703125 0.4990234375 0.078125 0.0703125
1 0.677734375 0.580078125 0.0654296875 0.068359375
1 0.6123046875 0.7412109375 0.0634765625 0.05859375
1 0.6708984375 0.7099609375 0.0703125 0.07421875
1 0.7548828125 0.662109375 0.0712890625 0.07421875
1 0.703125 0.8388671875 0.0634765625 0.060546875
1 0.73828125 0.8720703125 0.05078125 0.0537109375
1 0.8740234375 0.7919921875 0.0654296875 0.0654296875
1 0.9033203125 0.732421875 0.0771484375 0.0634765625
1 0.908203125 0.669921875 0.06640625 0.060546875
1 0.8046875 0.0927734375 0.0390625 0.0751953125
1 0.9111328125 0.0107421875 0.0400390625 0.0224609375
1 0.9921875 0.1044921875 0.0146484375 0.064453125
1 0.9892578125 0.1591796875 0.021484375 0.05859375
1 0.876953125 0.6484375 0.046875 0.068359375
1 0.0224609375 0.037109375 0.0458984375 0.07421875
1 0.009765625 0.1279296875 0.017578125 0.0380859375
1 0.1533203125 0.103515625 0.0888671875 0.103515625
1 0.107421875 0.109375 0.03515625 0.0361328125
