1 0.07421875 0.9775390625 0.1484375 0.044921875
1 0.12109375 0.958984375 0.076171875 0.076171875
1 0.01953125 0.75 0.0390625 0.0712890625
1 0.1650390625 0.8203125 0.0732421875 0.0830078125
1 0.322265625 0.826171875 0.1435546875 0.11328125
1 0.2451171875 0.8876953125 0.0634765625 0.08203125
1 0.2275390625 0.98828125 0.068359375 0.0224609375
1 0.2373046875 0.94921875 0.138671875 0.099609375
1 0.3427734375 0.978515625 0.072265625 0.0419921875
1 0.4150390625 0.9716796875 0.0615234375 0.052734375
1 0.4423828125 0.98828125 0.0556640625 0.0224609375
1 0.46875 0.94921875 0.1162109375 0.0888671875
1 0.521484375 0.8544921875 0.1240234375 0.1015625
1 0.4169921875 0.8203125 0.0712890625 0.0751953125
1 0.59375 0.90625 0.1162109375 0.1025390625
1 0.708984375 0.912109375 0.123046875 0.0771484375
1 0.62109375 0.7998046875 0.0712890625 0.0751953125
1 0.55078125 0.7685546875 0.0810546875 0.0654296875
1 0.7353515625 0.8818359375 0.1494140625 0.0771484375
1 0.7841796875 0.84375 0.09765625 0.0517578125
1 0.7626953125 0.7900390625 0.1318359375 0.06640625
1 0.6298828125 0.7275390625 0.0751953125 0.0654296875
1 0.744140625 0.71484375 0.080078125 0.0732421875
1 0.650390625 0.6455078125 0.0849609375 0.078125
1 0.5283203125 0.6845703125 0.08203125 0.078125
1 0.3642578125 0.6015625 0.0830078125 0.080078125
1 0.337890625 0.6982421875 0.1005859375 0.0830078125
1 0.501953125 0.4853515625 0.078125 0.126953125
1 0.3935546875 0.478515625 0.0830078125 0.080078125
1 0.669921875 0.40234375 0.1181640625 0.072265625
1 0.505859375 0.369140625 0.0966796875 0.0615234375
1 0.1865234375 0.6630859375 0.0703125 0.064453125
1 0.1396484375 0.59375 0.080078125 0.0751953125
1 0.22265625 0.4912109375 0.0556640625 0.0546875
1 0.25 0.400390625 0.056640625 0.0751953125
1 0.181640625 0.4296875 0.05078125 0.103515625
1 0.2109375 0.3486328125 0.1015625 0.060546875
1 0.017578125 0.462890625 0.0361328125 0.0712890625
1 0.021484375 0.5556640625 0.04296875 0.0830078125
1 0.25390625 0.2861328125 0.0654296875 0.05859375
1 0.31640625 0.224609375 0.060546875 0.06640625
1 0.42578125 0.2734375 0.06640625 0.0751953125
1 0.4326171875 0.189453125 0.080078125 0.0546875
1 0.1767578125 0.19140625 0.0869140625 0.0634765625
1 0.0654296875 0.126953125 0.0947265625 0.078125
1 0.0205078125 0.1337890625 0.0419921875 0.0703125
1 0.14453125 0.01953125 0.0869140625 0.0390625
1 0.2509765625 0.0576171875 0.0712890625 0.115234375
1 0.3125 0.0107421875 0.072265625 0.0224609375
1 0.9755859375 0.880859375 0.048828125 0.068359375
1 0.826171875 0.3359375 0.0712890625 0.076171875
1 0.6923828125 0.169921875 0.064453125 0.0654296875
1 0.4970703125 0.0341796875 0.09765625 0.068359375
1 0.615234375 0.0478515625 0.0693359375 0.0966796875
1 0.5205078125 0.1025390625 0.0595703125 0.06640625
1 0.693359375 0.0830078125 0.072265625 0.072265625
1 0.7568359375 0.1005859375 0.072265625 0.06640625
1 0.8095703125 0.107421875 0.0712890625 0.076171875
1 0.8154296875 0.220703125 0.0712890625 0.06640625
1 0.927734375 0.14453125 0.091796875 0.0654296875
1 0.9169921875 0.0869140625 0.0712890625 0.0576171875
1 0.689453125 0.015625 0.072265625 0.03125
1 0.994140625 0.0166015625 0.0107421875 0.0341796875
1 0.166015625 0.279296875 0.0537109375 0.072265625
1 0.06640625 0.0400390625 0.0654296875 0.0576171875
1 0.9921875 0.05078125 0.0146484375 0.0361328125
1 0.986328125 0.0703125 0.02734375 0.0419921875
1 0.2958984375 0.419921875 0.0615234375 0.0693359375
1 0.3046875 0.2626953125 0.0849609375 0.0634765625
1 0.171875 0.9501953125 0.0625 0.0703125
1 0.318359375 0.7685546875 0.0791015625 0.0595703125
1 0.3466796875 0.8076171875 0.06640625 0.0478515625
1 0.7099609375 0.9677734375 0.0908203125 0.0537109375
1 0.1376953125 0.9501953125 0.0703125 0.0751953125
1 0.849609375 0.90234375 0.1796875 0.0849609375
1 0.966796875 0.806640625 0.0615234375 0.0595703125
1 0.2265625 0.5439453125 0.0654296875 0.06640625
