1 0.771484375 0.63671875 0.0849609375 0.0771484375
1 0.853515625 0.1025390625 0.0966796875 0.07421875
1 0.892578125 0.1396484375 0.111328125 0.09765625
1 0.3544921875 0.109375 0.07421875 0.0849609375
1 0.2099609375 0.6103515625 0.0634765625 0.0771484375
1 0.505859375 0.1376953125 0.0986328125 0.091796875
1 0.287109375 0.9716796875 0.0869140625 0.0556640625
1 0.666015625 0.705078125 0.1083984375 0.0771484375
1 0.1552734375 0.6787109375 0.06640625 0.0576171875
1 0.939453125 0.1953125 0.1044921875 0.0810546875
1 0.2197265625 0.947265625 0.0576171875 0.0517578125
1 0.876953125 0.033203125 0.1171875 0.0673828125
1 0.978515625 0.1181640625 0.04296875 0.1044921875
1 0.255859375 0.560546875 0.0546875 0.064453125
1 0.0712890625 0.607421875 0.0654296875 0.07421875
1 0.3642578125 0.203125 0.0625 0.0517578125
1 0.45703125 0.6416015625 0.091796875 0.09375
1 0.2958984375 0.75 0.0869140625 0.0673828125
1 0.458984375 0.763671875 0.0869140625 0.0810546875
1 0.755859375 0.91796875 0.103515625 0.0732421875
1 0.291015625 0.1884765625 0.0712890625 0.0732421875
1 0.2900390625 0.443359375 0.0869140625 0.0830078125
1 0.5263671875 0.857421875 0.0966796875 0.0888671875
1 0.95703125 0.033203125 0.0673828125 0.0673828125
1 0.1123046875 0.87109375 0.0634765625 0.05859375
1 0.4111328125 0.9609375 0.095703125 0.078125
1 0.1357421875 0.96875 0.0830078125 0.0546875
1 0.109375 0.7900390625 0.09375 0.07421875
1 0.193359375 0.8818359375 0.0712890625 0.06640625
1 0.6025390625 0.171875 0.1259765625 0.07421875
1 0.119140625 0.0234375 0.1005859375 0.046875
1 0.9111328125 0.982421875 0.0703125 0.03515625
1 0.951171875 0.8046875 0.0673828125 0.0830078125
1 0.9658203125 0.7685546875 0.068359375 0.06640625
1 0.8857421875 0.6484375 0.0625 0.0634765625
1 0.9287109375 0.638671875 0.076171875 0.076171875
1 0.958984375 0.642578125 0.0810546875 0.0849609375
1 0.9052734375 0.5458984375 0.083984375 0.0791015625
1 0.974609375 0.326171875 0.05078125 0.0654296875
1 0.857421875 0.361328125 0.080078125 0.0673828125
1 0.7138671875 0.3740234375 0.07421875 0.07421875
1 0.6923828125 0.4609375 0.0751953125 0.0615234375
1 0.70703125 0.537109375 0.0751953125 0.06640625
1 0.814453125 0.458984375 0.0595703125 0.0751953125
1 0.1611328125 0.560546875 0.091796875 0.0810546875
1 0.8828125 0.4658203125 0.091796875 0.1005859375
