1 0.087890625 0.1455078125 0.09375 0.126953125
1 0.0322265625 0.0615234375 0.0654296875 0.1240234375
1 0.923828125 0.056640625 0.15234375 0.0751953125
1 0.14453125 0.8720703125 0.0576171875 0.1708984375
1 0.9462890625 0.1025390625 0.107421875 0.1044921875
1 0.05078125 0.18359375 0.1025390625 0.083984375
1 0.3544921875 0.7314453125 0.171875 0.1201171875
1 0.51171875 0.8916015625 0.1572265625 0.2158203125
1 0.5126953125 0.435546875 0.1279296875 0.0771484375
1 0.0517578125 0.8798828125 0.0537109375 0.0703125
1 0.76953125 0.1298828125 0.0927734375 0.1494140625
1 0.8037109375 0.23046875 0.060546875 0.109375
1 0.759765625 0.21875 0.060546875 0.0771484375
