1 0.06533203125 0.85712890625 0.06875 0.05507812499999998
1 0.16796875 0.8330078125 0.0634765625 0.064453125
1 0.2646484375 0.8525390625 0.05078125 0.0703125
1 0.302734375 0.96875 0.0712890625 0.0615234375
1 0.421875 0.982421875 0.0615234375 0.0341796875
1 0.4921875 0.9140625 0.06640625 0.0693359375
1 0.5830078125 0.8916015625 0.0654296875 0.0693359375
1 0.5478515625 0.9306640625 0.0693359375 0.0673828125
1 0.5654296875 0.775390625 0.0986328125 0.103515625
1 0.591796875 0.984375 0.0927734375 0.03125
1 0.7021484375 0.98046875 0.0654296875 0.0380859375
1 0.8291015625 0.98046875 0.06640625 0.0380859375
1 0.9541015625 0.98046875 0.08203125 0.0380859375
1 0.91015625 0.740234375 0.125 0.126953125
1 0.8232421875 0.73828125 0.0478515625 0.0712890625
1 0.701171875 0.5927734375 0.07421875 0.0712890625
1 0.921875 0.5537109375 0.068359375 0.0693359375
1 0.86328125 0.5048828125 0.083984375 0.0859375
1 0.861328125 0.373046875 0.1328125 0.0654296875
1 0.8603515625 0.421875 0.0849609375 0.0732421875
1 0.9443359375 0.439453125 0.1083984375 0.1103515625
1 0.9658203125 0.36328125 0.0673828125 0.0810546875
1 0.4482421875 0.505859375 0.1064453125 0.0703125
1 0.396484375 0.4345703125 0.068359375 0.087890625
1 0.2255859375 0.4423828125 0.095703125 0.080078125
1 0.1015625 0.453125 0.09765625 0.072265625
1 0.4736328125 0.189453125 0.0810546875 0.119140625
1 0.3291015625 0.345703125 0.078125 0.068359375
1 0.2666015625 0.32421875 0.0595703125 0.1015625
1 0.3349609375 0.228515625 0.0703125 0.115234375
1 0.20703125 0.1259765625 0.0693359375 0.115234375
1 0.125 0.3037109375 0.0751953125 0.1640625
1 0.037109375 0.2626953125 0.06640625 0.06640625
1 0.8515625 0.060546875 0.0615234375 0.0615234375
1 0.794921875 0.126953125 0.078125 0.064453125
1 0.748046875 0.0869140625 0.0595703125 0.0712890625
1 0.8291015625 0.5869140625 0.0966796875 0.0859375
1 0.904296875 0.341796875 0.08203125 0.0615234375
1 0.302734375 0.1767578125 0.0830078125 0.0966796875
1 0.826171875 0.6904296875 0.07421875 0.060546875
1 0.0107421875 0.296875 0.021484375 0.0888671875
1 0.046875 0.013671875 0.0537109375 0.02734375
1 0.900390625 0.013671875 0.0478515625 0.0283203125
1 0.833984375 0.0048828125 0.021484375 0.009765625
1 0.802734375 0.0107421875 0.0302734375 0.021484375
1 0.015625 0.7900390625 0.03125 0.0576171875
1 0.013671875 0.9775390625 0.0283203125 0.0439453125
1 0.7509765625 0.8330078125 0.0703125 0.0498046875
1 0.4560546875 0.75 0.0517578125 0.0712890625
1 0.6494140625 0.9873046875 0.044921875 0.025390625
1 0.3876953125 0.986328125 0.03515625 0.0263671875
1 0.1279296875 0.84375 0.0537109375 0.0751953125
1 0.9072265625 0.4208984375 0.052734375 0.0830078125
1 0.80078125 0.7822265625 0.0654296875 0.0439453125
