1 0.060546875 0.1328125 0.0927734375 0.0869140625
1 0.2841796875 0.111328125 0.091796875 0.1435546875
1 0.44140625 0.16015625 0.1767578125 0.0859375
1 0.6005859375 0.080078125 0.09375 0.1025390625
1 0.662109375 0.1826171875 0.06640625 0.0673828125
1 0.6884765625 0.263671875 0.0673828125 0.0712890625
1 0.615234375 0.306640625 0.0751953125 0.0849609375
1 0.3740234375 0.28125 0.1376953125 0.0732421875
1 0.1162109375 0.31640625 0.103515625 0.09765625
1 0.0595703125 0.7470703125 0.1201171875 0.1005859375
1 0.1650390625 0.6650390625 0.080078125 0.103515625
1 0.2705078125 0.623046875 0.0849609375 0.1435546875
1 0.1484375 0.509765625 0.0634765625 0.1943359375
1 0.2421875 0.4296875 0.095703125 0.1328125
1 0.287109375 0.3701171875 0.0849609375 0.0693359375
1 0.5 0.359375 0.11328125 0.107421875
1 0.578125 0.4404296875 0.0771484375 0.1181640625
1 0.513671875 0.4970703125 0.0517578125 0.099609375
1 0.41796875 0.587890625 0.0927734375 0.146484375
1 0.732421875 0.611328125 0.166015625 0.0830078125
1 0.81640625 0.361328125 0.1279296875 0.197265625
1 0.3271484375 0.837890625 0.0791015625 0.068359375
1 0.4345703125 0.8056640625 0.0517578125 0.0478515625
1 0.40234375 0.8935546875 0.0654296875 0.0615234375
1 0.2158203125 0.888671875 0.08203125 0.0859375
1 0.1572265625 0.931640625 0.087890625 0.0732421875
1 0.7138671875 0.9423828125 0.0439453125 0.1142578125
1 0.77734375 0.9228515625 0.10546875 0.095703125
1 0.736328125 0.7958984375 0.1474609375 0.115234375
1 0.9208984375 0.5185546875 0.083984375 0.107421875
1 0.94140625 0.314453125 0.0654296875 0.0693359375
1 0.9521484375 0.40625 0.0751953125 0.1201171875
1 0.98828125 0.14453125 0.0234375 0.06640625
1 0.9150390625 0.16796875 0.0546875 0.0654296875
1 0.833984375 0.1220703125 0.1064453125 0.1318359375
1 0.7275390625 0.025390625 0.0703125 0.0517578125
1 0.2734375 0.978515625 0.072265625 0.04296875
1 0.357421875 0.904296875 0.0693359375 0.0830078125
