1 0.5400390625 0.033203125 0.099609375 0.0673828125
1 0.51953125 0.1298828125 0.07421875 0.0771484375
1 0.619140625 0.1298828125 0.0751953125 0.1005859375
1 0.7880859375 0.1083984375 0.091796875 0.125
1 0.7451171875 0.2451171875 0.0654296875 0.0654296875
1 0.779296875 0.3564453125 0.1015625 0.0966796875
1 0.630859375 0.248046875 0.1181640625 0.1162109375
1 0.5703125 0.3515625 0.1083984375 0.0869140625
1 0.1279296875 0.0791015625 0.1201171875 0.1025390625
1 0.0400390625 0.2021484375 0.080078125 0.0859375
1 0.291015625 0.2373046875 0.1484375 0.125
1 0.359375 0.388671875 0.083984375 0.1064453125
1 0.416015625 0.5146484375 0.0888671875 0.111328125
1 0.603515625 0.5146484375 0.103515625 0.123046875
1 0.56640625 0.634765625 0.107421875 0.09765625
1 0.4287109375 0.74609375 0.0791015625 0.12890625
1 0.638671875 0.79296875 0.0986328125 0.0693359375
1 0.3310546875 0.6748046875 0.0986328125 0.1103515625
1 0.2216796875 0.603515625 0.0732421875 0.0673828125
1 0.1669921875 0.7001953125 0.076171875 0.1328125
1 0.892578125 0.6318359375 0.0673828125 0.0927734375
1 0.837890625 0.8896484375 0.0771484375 0.0966796875
1 0.10546875 0.9140625 0.0634765625 0.06640625
1 0.2158203125 0.9423828125 0.0791015625 0.0947265625
1 0.029296875 0.498046875 0.05859375 0.1162109375
1 0.7734375 0.947265625 0.078125 0.1044921875
1 0.9453125 0.74609375 0.0771484375 0.0791015625
1 0.986328125 0.6162109375 0.02734375 0.1201171875
1 0.966796875 0.39453125 0.06640625 0.0908203125
1 0.982421875 0.2119140625 0.03515625 0.0869140625
1 0.4111328125 0.2392578125 0.107421875 0.0810546875
1 0.01953125 0.2724609375 0.0390625 0.0517578125
1 0.51171875 0.2490234375 0.0498046875 0.056640625
1 0.73046875 0.4501953125 0.07421875 0.07421875
1 0.5986328125 0.9658203125 0.08984375 0.068359375
1 0.5029296875 0.978515625 0.099609375 0.0419921875
