1 0.6435546875 0.0615234375 0.05859375 0.103515625
1 0.7119140625 0.6796875 0.0546875 0.0966796875
1 0.7353515625 0.2041015625 0.1025390625 0.076171875
1 0.408203125 0.05859375 0.0703125 0.1162109375
1 0.5634765625 0.1728515625 0.0732421875 0.095703125
1 0.81640625 0.5185546875 0.0625 0.0947265625
1 0.59375 0.8408203125 0.126953125 0.103515625
1 0.6142578125 0.734375 0.044921875 0.1005859375
1 0.9599609375 0.1259765625 0.0517578125 0.115234375
1 0.9609375 0.0693359375 0.0576171875 0.0810546875
1 0.4921875 0.82421875 0.0615234375 0.0859375
1 0.2880859375 0.2236328125 0.078125 0.1015625
1 0.423828125 0.6708984375 0.05859375 0.1337890625
1 0.380859375 0.7255859375 0.111328125 0.099609375
1 0.3037109375 0.4697265625 0.083984375 0.0537109375
1 0.7158203125 0.46875 0.080078125 0.0693359375
1 0.708984375 0.267578125 0.056640625 0.08203125
1 0.130859375 0.49609375 0.078125 0.126953125
1 0.8623046875 0.3310546875 0.0302734375 0.1064453125
1 0.5302734375 0.5107421875 0.05859375 0.12109375
1 0.9306640625 0.7099609375 0.0361328125 0.083984375
1 0.96875 0.8115234375 0.044921875 0.0859375
1 0.9306640625 0.8203125 0.0458984375 0.1220703125
1 0.0302734375 0.083984375 0.060546875 0.0478515625
1 0.78515625 0.5302734375 0.05859375 0.0859375
1 0.935546875 0.9033203125 0.08984375 0.0654296875
1 0.48046875 0.1025390625 0.041015625 0.1181640625
1 0.6708984375 0.814453125 0.1123046875 0.0439453125
1 0.892578125 0.96484375 0.1318359375 0.0693359375
1 0.0908203125 0.5712890625 0.068359375 0.072265625
1 0.4677734375 0.28125 0.0595703125 0.0703125
1 0.6474609375 0.9638671875 0.02734375 0.0712890625
1 0.8916015625 0.2138671875 0.04296875 0.0771484375
1 0.7802734375 0.4482421875 0.0400390625 0.083984375
1 0.3720703125 0.9091796875 0.0322265625 0.1640625
1 0.62890625 0.5107421875 0.0693359375 0.111328125
1 0.4052734375 0.46484375 0.0791015625 0.0732421875
1 0.66015625 0.4609375 0.103515625 0.0947265625
1 0.751953125 0.26953125 0.0390625 0.099609375
1 0.2021484375 0.4482421875 0.03515625 0.1484375
1 0.3525390625 0.0283203125 0.0869140625 0.0576171875
1 0.599609375 0.3837890625 0.103515625 0.0791015625
1 0.5087890625 0.1142578125 0.029296875 0.103515625
1 0.3583984375 0.2294921875 0.126953125 0.048828125
1 0.4150390625 0.2724609375 0.0703125 0.0625
1 0.974609375 0.490234375 0.05078125 0.07421875
1 0.173828125 0.0224609375 0.0419921875 0.0458984375
1 0.9111328125 0.4814453125 0.0390625 0.05859375
1 0.51171875 0.02734375 0.0458984375 0.0556640625
1 0.5791015625 0.029296875 0.0537109375 0.0595703125
1 0.0146484375 0.982421875 0.029296875 0.03515625
1 0.763671875 0.8837890625 0.0732421875 0.0439453125
1 0.505859375 0.896484375 0.0341796875 0.0537109375
1 0.638671875 0.5126953125 0.02734375 0.1083984375
1 0.1259765625 0.060546875 0.04296875 0.0693359375
1 0.0263671875 0.052734375 0.0537109375 0.041015625
1 0.341796875 0.9794921875 0.0380859375 0.0400390625
1 0.3330078125 0.5380859375 0.037109375 0.0517578125
1 0.9541015625 0.0185546875 0.037109375 0.0380859375
1 0.154296875 0.6494140625 0.080078125 0.0703125
1 0.798828125 0.5244140625 0.0625 0.091796875
1 0.6416015625 0.71875 0.0556640625 0.041015625
1 0.8740234375 0.4072265625 0.0400390625 0.080078125
1 0.69140625 0.251953125 0.09765625 0.052734375
1 0.884765625 0.4873046875 0.0498046875 0.060546875
1 0.201171875 0.4638671875 0.1484375 0.109375
1 0.17578125 0.30078125 0.1416015625 0.16015625
1 0.166015625 0.2607421875 0.0888671875 0.0654296875
1 0.0517578125 0.2529296875 0.0732421875 0.0849609375
1 0.0498046875 0.1953125 0.091796875 0.1201171875
1 0.0859375 0.181640625 0.13671875 0.111328125
1 0.3798828125 0.2841796875 0.03515625 0.0517578125
1 0.3447265625 0.2744140625 0.033203125 0.0517578125
1 0.78515625 0.7822265625 0.072265625 0.0966796875
1 0.8037109375 0.7529296875 0.080078125 0.107421875
1 0.8310546875 0.7265625 0.0966796875 0.123046875
1 0.8388671875 0.6806640625 0.1044921875 0.14453125
