1 0.0859375 0.9453125 0.142578125 0.0869140625
1 0.5439453125 0.970703125 0.0791015625 0.05859375
1 0.7744140625 0.0927734375 0.080078125 0.1474609375
1 0.44921875 0.5576171875 0.080078125 0.0869140625
1 0.3779296875 0.80078125 0.0830078125 0.123046875
1 0.32421875 0.8994140625 0.0654296875 0.0703125
1 0.1982421875 0.310546875 0.08984375 0.0830078125
1 0.5908203125 0.529296875 0.1875 0.1201171875
1 0.4482421875 0.9697265625 0.08203125 0.060546875
1 0.64453125 0.748046875 0.140625 0.142578125
1 0.119140625 0.1123046875 0.08984375 0.115234375
1 0.41015625 0.1533203125 0.1025390625 0.0625
1 0.658203125 0.9765625 0.123046875 0.0458984375
1 0.6318359375 0.32421875 0.1103515625 0.0595703125
1 0.064453125 0.490234375 0.109375 0.1220703125
1 0.48046875 0.4560546875 0.0625 0.0576171875
1 0.7509765625 0.890625 0.1328125 0.1025390625
1 0.5546875 0.130859375 0.115234375 0.171875
1 0.6650390625 0.9345703125 0.0771484375 0.060546875
1 0.8193359375 0.283203125 0.1103515625 0.09765625
1 0.6376953125 0.6630859375 0.0732421875 0.087890625
1 0.1591796875 0.884765625 0.0595703125 0.099609375
1 0.2255859375 0.8369140625 0.1474609375 0.10546875
1 0.251953125 0.654296875 0.17578125 0.115234375
1 0.052734375 0.767578125 0.0673828125 0.0830078125
1 0.3232421875 0.533203125 0.123046875 0.171875
1 0.1142578125 0.38671875 0.0654296875 0.0595703125
1 0.09765625 0.6328125 0.0927734375 0.0673828125
1 0.076171875 0.064453125 0.0751953125 0.125
1 0.9345703125 0.36328125 0.130859375 0.142578125
1 0.9375 0.8916015625 0.125 0.0849609375
1 0.2509765625 0.033203125 0.15234375 0.0673828125
1 0.0283203125 0.056640625 0.056640625 0.0654296875
1 0.169921875 0.41015625 0.0654296875 0.0576171875
1 0.9140625 0.640625 0.1396484375 0.08203125
1 0.033203125 0.5703125 0.0673828125 0.0966796875
1 0.474609375 0.0205078125 0.080078125 0.037109375
1 0.49609375 0.8076171875 0.15234375 0.0927734375
1 0.884765625 0.162109375 0.099609375 0.095703125
1 0.8115234375 0.3310546875 0.0947265625 0.072265625
1 0.2314453125 0.9052734375 0.1103515625 0.0830078125
1 0.072265625 0.5654296875 0.080078125 0.09765625
1 0.9404296875 0.4990234375 0.1123046875 0.0849609375
1 0.453125 0.1240234375 0.046875 0.0458984375
1 0.0341796875 0.8623046875 0.0400390625 0.0703125
1 0.3935546875 0.7431640625 0.1328125 0.123046875
1 0.962890625 0.748046875 0.0732421875 0.0673828125
1 0.6806640625 0.6982421875 0.08203125 0.072265625
1 0.4384765625 0.23828125 0.072265625 0.0625
1 0.9755859375 0.16796875 0.0478515625 0.107421875
1 0.6455078125 0.1640625 0.0673828125 0.0654296875
1 0.3056640625 0.033203125 0.0927734375 0.0673828125
1 0.8642578125 0.341796875 0.0947265625 0.14453125
1 0.9462890625 0.3037109375 0.0947265625 0.0947265625
1 0.162109375 0.2119140625 0.115234375 0.109375
1 0.2294921875 0.2431640625 0.044921875 0.04296875
