1 0.4609375 0.8330078125 0.10546875 0.087890625
1 0.587890625 0.619140625 0.0830078125 0.1142578125
1 0.7998046875 0.58984375 0.080078125 0.08984375
1 0.5712890625 0.9697265625 0.0849609375 0.060546875
1 0.5908203125 0.1357421875 0.072265625 0.1171875
1 0.34765625 0.1533203125 0.083984375 0.1240234375
1 0.6494140625 0.9423828125 0.0703125 0.080078125
1 0.7001953125 0.5517578125 0.0732421875 0.0947265625
1 0.9228515625 0.8623046875 0.0869140625 0.115234375
1 0.50390625 0.126953125 0.0751953125 0.125
1 0.880859375 0.7109375 0.08203125 0.09765625
1 0.6005859375 0.431640625 0.08203125 0.1201171875
1 0.875 0.515625 0.0771484375 0.078125
1 0.53515625 0.447265625 0.1220703125 0.150390625
1 0.6962890625 0.21875 0.0869140625 0.1494140625
1 0.697265625 0.8359375 0.0595703125 0.11328125
1 0.70703125 0.4609375 0.0703125 0.08203125
1 0.7080078125 0.7353515625 0.0830078125 0.0732421875
1 0.951171875 0.365234375 0.09765625 0.0771484375
1 0.4541015625 0.525390625 0.06640625 0.078125
1 0.8466796875 0.7783203125 0.1005859375 0.09765625
1 0.5615234375 0.0419921875 0.0498046875 0.080078125
1 0.7294921875 0.07421875 0.08984375 0.1455078125
1 0.8330078125 0.5078125 0.052734375 0.0927734375
1 0.8515625 0.3935546875 0.0693359375 0.1171875
1 0.966796875 0.9111328125 0.06640625 0.0595703125
1 0.9609375 0.0498046875 0.0771484375 0.0947265625
1 0.587890625 0.84765625 0.0615234375 0.0888671875
1 0.8095703125 0.0263671875 0.0419921875 0.0537109375
1 0.8759765625 0.07421875 0.076171875 0.1103515625
1 0.6435546875 0.8359375 0.072265625 0.08984375
1 0.49609375 0.0361328125 0.087890625 0.0703125
