1 0.951171875 0.912109375 0.0634765625 0.0556640625
1 0.9482421875 0.837890625 0.0634765625 0.0693359375
1 0.759765625 0.7890625 0.0673828125 0.068359375
1 0.8349609375 0.650390625 0.091796875 0.0517578125
1 0.7568359375 0.6591796875 0.0693359375 0.0634765625
1 0.8369140625 0.7021484375 0.0576171875 0.0576171875
1 0.9130859375 0.599609375 0.06640625 0.0888671875
1 0.5458984375 0.703125 0.0576171875 0.064453125
1 0.6552734375 0.6640625 0.0654296875 0.0673828125
1 0.9833984375 0.37890625 0.0322265625 0.1533203125
1 0.9287109375 0.2841796875 0.0634765625 0.0712890625
1 0.9697265625 0.2490234375 0.056640625 0.0693359375
1 0.6796875 0.2890625 0.0712890625 0.0654296875
1 0.630859375 0.349609375 0.05078125 0.0556640625
1 0.3818359375 0.380859375 0.0810546875 0.0810546875
1 0.40234375 0.6728515625 0.0673828125 0.080078125
1 0.3212890625 0.64453125 0.0615234375 0.0703125
1 0.30078125 0.7353515625 0.1005859375 0.11328125
1 0.224609375 0.869140625 0.076171875 0.0810546875
1 0.11328125 0.75 0.0703125 0.0625
1 0.2119140625 0.5966796875 0.0947265625 0.0693359375
1 0.166015625 0.63671875 0.0625 0.0546875
1 0.0302734375 0.6123046875 0.060546875 0.0634765625
1 0.046875 0.66796875 0.09375 0.091796875
1 0.0244140625 0.2470703125 0.048828125 0.05078125
1 0.2099609375 0.1962890625 0.05859375 0.056640625
1 0.0205078125 0.1708984375 0.0419921875 0.0654296875
1 0.236328125 0.1103515625 0.0712890625 0.0537109375
1 0.3544921875 0.1337890625 0.0576171875 0.0576171875
1 0.427734375 0.08984375 0.0712890625 0.0654296875
1 0.5205078125 0.076171875 0.056640625 0.0869140625
1 0.37890625 0.03125 0.0634765625 0.056640625
1 0.11328125 0.013671875 0.060546875 0.0283203125
1 0.546875 0.0185546875 0.064453125 0.0380859375
1 0.3798828125 0.81640625 0.052734375 0.05078125
1 0.9091796875 0.82421875 0.0400390625 0.0458984375
1 0.982421875 0.1787109375 0.0322265625 0.0615234375
