1 0.5166015625 0.23828125 0.0810546875 0.2373046875
1 0.2666015625 0.2333984375 0.3505859375 0.15234375
1 0.8662109375 0.4736328125 0.232421875 0.1220703125
1 0.4931640625 0.384765625 0.2060546875 0.1533203125
1 0.546875 0.8720703125 0.185546875 0.1240234375
1 0.85546875 0.5322265625 0.234375 0.078125
1 0.2080078125 0.587890625 0.115234375 0.1337890625
1 0.671875 0.521484375 0.0869140625 0.1298828125
1 0.3798828125 0.96875 0.1689453125 0.0615234375
1 0.279296875 0.041015625 0.1357421875 0.0751953125
1 0.904296875 0.103515625 0.19140625 0.1962890625
1 0.361328125 0.37890625 0.197265625 0.080078125
1 0.6953125 0.0625 0.1630859375 0.1064453125
1 0.6630859375 0.466796875 0.2060546875 0.1396484375
1 0.25390625 0.5615234375 0.068359375 0.193359375
1 0.9453125 0.6064453125 0.0888671875 0.1123046875
1 0.9306640625 0.9462890625 0.138671875 0.09765625
1 0.65234375 0.349609375 0.2578125 0.1513671875
1 0.0546875 0.8046875 0.109375 0.2041015625
1 0.2275390625 0.4541015625 0.205078125 0.1162109375
1 0.4130859375 0.939453125 0.2275390625 0.1201171875
1 0.6533203125 0.60546875 0.1416015625 0.1328125
1 0.546875 0.5595703125 0.2451171875 0.1064453125
1 0.62890625 0.65234375 0.072265625 0.068359375
1 0.38671875 0.4013671875 0.1279296875 0.13671875
1 0.185546875 0.24609375 0.2880859375 0.1513671875
1 0.326171875 0.3193359375 0.1513671875 0.0771484375
1 0.3056640625 0.01953125 0.1376953125 0.0400390625
1 0.484375 0.9501953125 0.06640625 0.095703125
