1 0.189453125 0.0234375 0.0810546875 0.046875
1 0.580078125 0.01953125 0.0712890625 0.0390625
1 0.6455078125 0.037109375 0.15234375 0.07421875
1 0.2216796875 0.1064453125 0.15625 0.0986328125
1 0.255859375 0.2421875 0.1875 0.087890625
1 0.490234375 0.21484375 0.0830078125 0.064453125
1 0.662109375 0.1787109375 0.115234375 0.1484375
1 0.767578125 0.2099609375 0.080078125 0.0791015625
1 0.658203125 0.318359375 0.1318359375 0.087890625
1 0.646484375 0.4013671875 0.05078125 0.048828125
1 0.4951171875 0.3935546875 0.095703125 0.0703125
1 0.4833984375 0.3037109375 0.046875 0.0361328125
1 0.5107421875 0.515625 0.0966796875 0.125
1 0.47265625 0.6416015625 0.068359375 0.091796875
1 0.1474609375 0.6064453125 0.0849609375 0.068359375
1 0.1533203125 0.734375 0.087890625 0.1513671875
1 0.357421875 0.8232421875 0.0732421875 0.181640625
1 0.431640625 0.771484375 0.0888671875 0.0751953125
1 0.6083984375 0.8466796875 0.087890625 0.1630859375
1 0.6455078125 0.7060546875 0.078125 0.1015625
1 0.708984375 0.5068359375 0.0634765625 0.1162109375
1 0.826171875 0.3720703125 0.169921875 0.1064453125
1 0.9287109375 0.544921875 0.078125 0.0693359375
1 0.82421875 0.53125 0.0859375 0.0556640625
1 0.9892578125 0.373046875 0.0205078125 0.083984375
1 0.9765625 0.4501953125 0.046875 0.07421875
1 0.9658203125 0.744140625 0.068359375 0.0830078125
1 0.88671875 0.72265625 0.103515625 0.0888671875
1 0.771484375 0.7421875 0.1953125 0.1025390625
1 0.70703125 0.892578125 0.1025390625 0.1796875
1 0.66796875 0.97265625 0.05078125 0.0546875
1 0.74609375 0.8330078125 0.072265625 0.0732421875
1 0.853515625 0.95703125 0.0771484375 0.0849609375
1 0.77734375 0.9111328125 0.0517578125 0.0546875
1 0.4072265625 0.9541015625 0.0771484375 0.091796875
1 0.1650390625 0.8955078125 0.1181640625 0.076171875
1 0.041015625 0.927734375 0.060546875 0.103515625
1 0.421875 0.5634765625 0.080078125 0.064453125
1 0.2373046875 0.97265625 0.0419921875 0.0546875
1 0.2890625 0.888671875 0.0712890625 0.07421875
1 0.3388671875 0.9560546875 0.0693359375 0.087890625
1 0.9775390625 0.9658203125 0.0439453125 0.046875
1 0.9619140625 0.298828125 0.076171875 0.1171875
1 0.96875 0.140625 0.0625 0.1435546875
1 0.9873046875 0.072265625 0.025390625 0.12890625
1 0.958984375 0.82421875 0.08203125 0.05078125
1 0.02734375 0.0498046875 0.0546875 0.0791015625
1 0.033203125 0.740234375 0.06640625 0.1259765625
