1 0.470703125 0.068359375 0.111328125 0.125
1 0.369140625 0.0224609375 0.0595703125 0.0458984375
1 0.8720703125 0.0322265625 0.0732421875 0.0654296875
1 0.9853515625 0.1650390625 0.029296875 0.080078125
1 0.771484375 0.1640625 0.0703125 0.0703125
1 0.7021484375 0.265625 0.11328125 0.0791015625
1 0.61328125 0.26171875 0.0908203125 0.0751953125
1 0.2353515625 0.2119140625 0.109375 0.1171875
1 0.078125 0.1728515625 0.1044921875 0.0556640625
1 0.9658203125 0.4248046875 0.068359375 0.0791015625
1 0.837890625 0.330078125 0.0771484375 0.0888671875
1 0.64453125 0.365234375 0.0712890625 0.0791015625
1 0.513671875 0.388671875 0.0859375 0.1025390625
1 0.412109375 0.37109375 0.109375 0.0712890625
1 0.1474609375 0.330078125 0.068359375 0.080078125
1 0.2333984375 0.44921875 0.08203125 0.0771484375
1 0.03515625 0.4365234375 0.0703125 0.083984375
1 0.1064453125 0.513671875 0.0771484375 0.0751953125
1 0.07421875 0.607421875 0.1083984375 0.083984375
1 0.0556640625 0.6943359375 0.0556640625 0.0947265625
1 0.185546875 0.6484375 0.0654296875 0.0830078125
1 0.3466796875 0.5322265625 0.0498046875 0.0751953125
1 0.3779296875 0.6484375 0.0654296875 0.07421875
1 0.3955078125 0.7392578125 0.0908203125 0.0810546875
1 0.2822265625 0.8193359375 0.107421875 0.0712890625
1 0.1484375 0.92578125 0.1171875 0.0693359375
1 0.0478515625 0.8994140625 0.0673828125 0.0625
1 0.70703125 0.740234375 0.076171875 0.123046875
1 0.6396484375 0.634765625 0.083984375 0.1015625
1 0.763671875 0.5517578125 0.0830078125 0.095703125
1 0.7841796875 0.439453125 0.0751953125 0.0927734375
1 0.6142578125 0.4404296875 0.0537109375 0.0556640625
1 0.5576171875 0.5126953125 0.0673828125 0.0615234375
1 0.9677734375 0.6435546875 0.064453125 0.0966796875
1 0.8564453125 0.947265625 0.0732421875 0.0693359375
1 0.2783203125 0.322265625 0.0703125 0.0615234375
1 0.02734375 0.3056640625 0.0546875 0.0693359375
1 0.0263671875 0.8212890625 0.052734375 0.0673828125
1 0.65625 0.974609375 0.1103515625 0.0498046875
1 0.9072265625 0.525390625 0.05078125 0.068359375
