1 0.0107421875 0.138671875 0.021484375 0.064453125
1 0.0263671875 0.21875 0.0537109375 0.0400390625
1 0.2724609375 0.3466796875 0.068359375 0.037109375
1 0.0693359375 0.591796875 0.041015625 0.0400390625
1 0.13671875 0.654296875 0.060546875 0.0703125
1 0.2138671875 0.5947265625 0.05078125 0.0419921875
1 0.234375 0.650390625 0.0634765625 0.0546875
1 0.1669921875 0.3896484375 0.037109375 0.0703125
1 0.1142578125 0.3330078125 0.0869140625 0.0458984375
1 0.1337890625 0.240234375 0.0546875 0.0322265625
1 0.1494140625 0.1484375 0.0439453125 0.0517578125
1 0.2255859375 0.04296875 0.0703125 0.0869140625
1 0.330078125 0.0556640625 0.0537109375 0.1083984375
1 0.4345703125 0.134765625 0.0537109375 0.078125
1 0.5654296875 0.2119140625 0.06640625 0.064453125
1 0.4736328125 0.31640625 0.0361328125 0.03515625
1 0.7001953125 0.4072265625 0.0537109375 0.0419921875
1 0.685546875 0.4716796875 0.0908203125 0.0458984375
1 0.701171875 0.615234375 0.048828125 0.0830078125
1 0.3466796875 0.515625 0.05859375 0.05859375
1 0.34765625 0.560546875 0.060546875 0.052734375
1 0.31640625 0.595703125 0.0673828125 0.0888671875
1 0.216796875 0.748046875 0.06640625 0.0576171875
1 0.1630859375 0.7529296875 0.056640625 0.0390625
1 0.361328125 0.7841796875 0.083984375 0.03125
1 0.578125 0.8623046875 0.083984375 0.064453125
1 0.517578125 0.876953125 0.0302734375 0.0625
1 0.515625 0.92578125 0.072265625 0.041015625
1 0.5439453125 0.9716796875 0.056640625 0.0361328125
1 0.708984375 0.9365234375 0.0546875 0.091796875
1 0.7275390625 0.7109375 0.0439453125 0.025390625
1 0.6787109375 0.7451171875 0.0419921875 0.041015625
1 0.7509765625 0.7734375 0.0517578125 0.029296875
1 0.0244140625 0.8154296875 0.048828125 0.0556640625
1 0.7275390625 0.1298828125 0.068359375 0.0654296875
1 0.751953125 0.193359375 0.0419921875 0.052734375
1 0.9091796875 0.255859375 0.052734375 0.056640625
1 0.984375 0.2958984375 0.03125 0.1083984375
1 0.931640625 0.7255859375 0.0869140625 0.0390625
1 0.8564453125 0.7275390625 0.0380859375 0.033203125
1 0.5654296875 0.2822265625 0.0400390625 0.04296875
1 0.9228515625 0.439453125 0.048828125 0.044921875
1 0.865234375 0.7841796875 0.0517578125 0.0390625
1 0.873046875 0.8486328125 0.0546875 0.033203125
1 0.447265625 0.9091796875 0.0458984375 0.0498046875
1 0.423828125 0.927734375 0.0439453125 0.021484375
1 0.384765625 0.9365234375 0.0966796875 0.03515625
1 0.3505859375 0.9072265625 0.025390625 0.021484375
1 0.2568359375 0.7900390625 0.03125 0.0224609375
