1 0.8828125 0.5126953125 0.1044921875 0.150390625
1 0.666015625 0.5947265625 0.1083984375 0.09765625
1 0.7275390625 0.728515625 0.095703125 0.1083984375
1 0.630859375 0.71484375 0.0712890625 0.1064453125
1 0.5830078125 0.779296875 0.1005859375 0.091796875
1 0.4970703125 0.8466796875 0.109375 0.1064453125
1 0.3623046875 0.869140625 0.1123046875 0.0771484375
1 0.6552734375 0.912109375 0.08203125 0.1005859375
1 0.7568359375 0.837890625 0.060546875 0.06640625
1 0.3583984375 0.599609375 0.099609375 0.1162109375
1 0.373046875 0.47265625 0.091796875 0.1005859375
1 0.4775390625 0.4111328125 0.0703125 0.1025390625
1 0.521484375 0.5283203125 0.0947265625 0.09765625
1 0.73046875 0.38671875 0.08984375 0.111328125
1 0.849609375 0.31640625 0.0869140625 0.126953125
1 0.970703125 0.017578125 0.0498046875 0.03515625
1 0.490234375 0.052734375 0.1611328125 0.1064453125
1 0.583984375 0.048828125 0.0595703125 0.09765625
1 0.1005859375 0.013671875 0.12109375 0.02734375
1 0.076171875 0.1025390625 0.08203125 0.1357421875
1 0.5380859375 0.244140625 0.126953125 0.12890625
1 0.0927734375 0.9423828125 0.0869140625 0.1142578125
1 0.095703125 0.6669921875 0.0673828125 0.12890625
1 0.017578125 0.6787109375 0.03515625 0.16015625
1 0.0634765625 0.380859375 0.126953125 0.10546875
1 0.3359375 0.970703125 0.083984375 0.0576171875
1 0.7978515625 0.064453125 0.0576171875 0.056640625
