1 0.89453125 0.6669921875 0.072265625 0.0908203125
1 0.09765625 0.5751953125 0.0751953125 0.1015625
1 0.6982421875 0.595703125 0.0576171875 0.0888671875
1 0.322265625 0.16015625 0.060546875 0.0830078125
1 0.1015625 0.8330078125 0.056640625 0.087890625
1 0.6904296875 0.7158203125 0.064453125 0.0966796875
1 0.2734375 0.599609375 0.0849609375 0.0859375
1 0.5068359375 0.3828125 0.0751953125 0.078125
1 0.1357421875 0.9091796875 0.0947265625 0.072265625
1 0.6767578125 0.3193359375 0.115234375 0.064453125
1 0.4794921875 0.0341796875 0.0927734375 0.068359375
1 0.353515625 0.4248046875 0.044921875 0.0732421875
1 0.16796875 0.2939453125 0.109375 0.0732421875
1 0.9658203125 0.0341796875 0.0673828125 0.068359375
1 0.775390625 0.8974609375 0.08203125 0.056640625
1 0.3857421875 0.7587890625 0.1298828125 0.0654296875
1 0.0546875 0.919921875 0.060546875 0.068359375
1 0.6162109375 0.693359375 0.08203125 0.048828125
1 0.3310546875 0.111328125 0.078125 0.04296875
1 0.05859375 0.720703125 0.1025390625 0.044921875
1 0.6953125 0.279296875 0.0654296875 0.087890625
1 0.4462890625 0.65234375 0.1220703125 0.060546875
1 0.34375 0.48046875 0.1259765625 0.0625
1 0.4453125 0.70703125 0.0546875 0.0673828125
1 0.984375 0.7109375 0.0302734375 0.0673828125
1 0.74609375 0.9404296875 0.072265625 0.05078125
1 0.9296875 0.9765625 0.083984375 0.0458984375
1 0.0390625 0.162109375 0.0791015625 0.04296875
1 0.462890625 0.90234375 0.076171875 0.03515625
1 0.169921875 0.833984375 0.0791015625 0.0634765625
1 0.1845703125 0.6923828125 0.095703125 0.0390625
1 0.90234375 0.3330078125 0.056640625 0.0751953125
1 0.7021484375 0.9736328125 0.1064453125 0.052734375
1 0.5908203125 0.0224609375 0.025390625 0.0458984375
1 0.45703125 0.14453125 0.0810546875 0.0556640625
1 0.9560546875 0.3203125 0.0869140625 0.0712890625
1 0.0732421875 0.69140625 0.12109375 0.03515625
1 0.65234375 0.6376953125 0.060546875 0.03125
1 0.883984375 0.6369140625 0.07333984374999991 0.04580078124999998
1 0.013671875 0.8291015625 0.02734375 0.025390625
1 0.0576171875 0.2080078125 0.115234375 0.0419921875
1 0.1904296875 0.65625 0.05859375 0.046875
1 0.26953125 0.7275390625 0.0849609375 0.029296875
1 0.115234375 0.37109375 0.080078125 0.0478515625
1 0.53125 0.1513671875 0.0888671875 0.0302734375
1 0.97265625 0.837890625 0.0546875 0.0458984375
1 0.8525390625 0.0869140625 0.1123046875 0.1005859375
1 0.966796875 0.2734375 0.0654296875 0.0244140625
1 0.0498046875 0.474609375 0.0791015625 0.0419921875
1 0.4384765625 0.8076171875 0.09765625 0.0380859375
1 0.2333984375 0.9912109375 0.0546875 0.017578125
1 0.9443359375 0.408203125 0.0712890625 0.033203125
1 0.5146484375 0.9892578125 0.0390625 0.0205078125
1 0.8740234375 0.443359375 0.0771484375 0.037109375
1 0.4912109375 0.458984375 0.0849609375 0.0390625
1 0.171875 0.3955078125 0.05859375 0.0234375
1 0.794921875 0.0146484375 0.0390625 0.029296875
1 0.1533203125 0.8798828125 0.0361328125 0.05859375
1 0.9228515625 0.380859375 0.0751953125 0.0205078125
1 0.91015625 0.0458984375 0.0400390625 0.0751953125
1 0.869140625 0.8720703125 0.05078125 0.033203125
1 0.859375 0.1142578125 0.04296875 0.080078125
1 0.0537109375 0.8720703125 0.076171875 0.033203125
1 0.220703125 0.7353515625 0.04296875 0.056640625
1 0.064453125 0.658203125 0.12890625 0.03515625
1 0.2177734375 0.8095703125 0.0849609375 0.041015625
1 0.47265625 0.1728515625 0.0771484375 0.03515625
1 0.4033203125 0.4677734375 0.087890625 0.03125
1 0.66015625 0.58984375 0.1171875 0.0390625
1 0.9140625 0.53125 0.0859375 0.0634765625
