1 0.5302734375 0.103515625 0.072265625 0.1015625
1 0.501953125 0.205078125 0.087890625 0.0888671875
1 0.103515625 0.560546875 0.0810546875 0.083984375
1 0.216796875 0.75390625 0.087890625 0.0634765625
1 0.4228515625 0.462890625 0.0703125 0.07421875
1 0.0634765625 0.41015625 0.1044921875 0.0654296875
1 0.908203125 0.20703125 0.076171875 0.078125
1 0.8642578125 0.7900390625 0.056640625 0.0869140625
1 0.962890625 0.166015625 0.07421875 0.130859375
1 0.3486328125 0.03125 0.0849609375 0.0634765625
1 0.7021484375 0.748046875 0.0732421875 0.126953125
1 0.0419921875 0.30859375 0.0849609375 0.0751953125
1 0.662109375 0.1171875 0.0810546875 0.146484375
1 0.05859375 0.2861328125 0.115234375 0.0791015625
1 0.2421875 0.169921875 0.1162109375 0.06640625
1 0.830078125 0.26171875 0.0576171875 0.068359375
1 0.587890625 0.1259765625 0.087890625 0.109375
1 0.98046875 0.083984375 0.0390625 0.0478515625
1 0.2783203125 0.5126953125 0.1240234375 0.0810546875
1 0.8603515625 0.3828125 0.0703125 0.1572265625
1 0.15625 0.48046875 0.083984375 0.076171875
1 0.3271484375 0.15625 0.083984375 0.0751953125
1 0.5625 0.9580078125 0.078125 0.0830078125
1 0.638671875 0.234375 0.1240234375 0.06640625
1 0.35546875 0.880859375 0.08203125 0.072265625
1 0.6416015625 0.9677734375 0.0419921875 0.064453125
1 0.9150390625 0.509765625 0.0888671875 0.0966796875
1 0.0576171875 0.9580078125 0.11328125 0.07421875
1 0.146484375 0.5380859375 0.05078125 0.1279296875
1 0.208984375 0.2001953125 0.111328125 0.076171875
1 0.5322265625 0.591796875 0.0732421875 0.048828125
1 0.796875 0.1357421875 0.0498046875 0.095703125
1 0.021484375 0.8544921875 0.0439453125 0.080078125
1 0.248046875 0.3193359375 0.1083984375 0.048828125
1 0.0576171875 0.1904296875 0.115234375 0.158203125
1 0.50390625 0.3134765625 0.0283203125 0.0751953125
1 0.935546875 0.927734375 0.0595703125 0.04296875
1 0.3349609375 0.71875 0.15625 0.1376953125
1 0.1728515625 0.05078125 0.072265625 0.052734375
1 0.4541015625 0.212890625 0.09375 0.064453125
1 0.59375 0.48046875 0.0908203125 0.0751953125
1 0.642578125 0.5986328125 0.0498046875 0.0693359375
1 0.953125 0.8486328125 0.0732421875 0.0654296875
1 0.9453125 0.0185546875 0.0703125 0.037109375
1 0.8544921875 0.0576171875 0.1103515625 0.0849609375
1 0.81640625 0.2060546875 0.1064453125 0.0986328125
1 0.84375 0.181640625 0.0595703125 0.08203125
1 0.1767578125 0.8017578125 0.125 0.0849609375
1 0.2294921875 0.85546875 0.142578125 0.0517578125
1 0.7744140625 0.880859375 0.1376953125 0.052734375
1 0.3798828125 0.0224609375 0.0654296875 0.0458984375
1 0.4072265625 0.6025390625 0.1025390625 0.203125
1 0.556640625 0.78125 0.162109375 0.046875
1 0.2724609375 0.5419921875 0.04296875 0.0390625
1 0.048828125 0.0966796875 0.0986328125 0.1376953125
1 0.6005859375 0.8193359375 0.10546875 0.05078125
1 0.783203125 0.982421875 0.037109375 0.033203125
1 0.048828125 0.228515625 0.0966796875 0.0810546875
1 0.9140625 0.5673828125 0.09375 0.0361328125
1 0.1259765625 0.0166015625 0.115234375 0.0341796875
1 0.330078125 0.2353515625 0.052734375 0.103515625
1 0.2333984375 0.265625 0.1923828125 0.0625
1 0.9345703125 0.33984375 0.05859375 0.0361328125
1 0.90234375 0.423828125 0.1357421875 0.05859375
1 0.4951171875 0.015625 0.0419921875 0.03125
1 0.2119140625 0.9541015625 0.1875 0.0888671875
1 0.1005859375 0.7998046875 0.1337890625 0.083984375
1 0.2099609375 0.3291015625 0.0556640625 0.033203125
1 0.0341796875 0.97265625 0.05078125 0.0478515625
1 0.037109375 0.5224609375 0.07421875 0.0458984375
1 0.6171875 0.2626953125 0.05078125 0.048828125
1 0.392578125 0.1806640625 0.0830078125 0.0869140625
1 0.4775390625 0.9287109375 0.1103515625 0.0791015625
1 0.4169921875 0.873046875 0.0703125 0.033203125
1 0.5029296875 0.9736328125 0.0859375 0.0400390625
1 0.8916015625 0.78125 0.078125 0.0625
1 0.5478515625 0.4814453125 0.0869140625 0.0546875
1 0.98046875 0.13671875 0.0380859375 0.056640625
1 0.052734375 0.7529296875 0.10546875 0.0439453125
