1 0.6513671875 0.650390625 0.0732421875 0.087890625
1 0.2470703125 0.8583984375 0.068359375 0.0966796875
1 0.908203125 0.2294921875 0.0859375 0.0703125
1 0.6064453125 0.15625 0.0546875 0.0830078125
1 0.6796875 0.2255859375 0.0634765625 0.078125
1 0.595703125 0.6416015625 0.0302734375 0.091796875
1 0.0185546875 0.548828125 0.037109375 0.087890625
1 0.384765625 0.7568359375 0.0517578125 0.06640625
1 0.22265625 0.63671875 0.060546875 0.0810546875
1 0.59375 0.0283203125 0.0830078125 0.056640625
1 0.8056640625 0.81640625 0.0673828125 0.0419921875
1 0.7509765625 0.48046875 0.041015625 0.1064453125
1 0.0908203125 0.7294921875 0.0390625 0.0537109375
1 0.4326171875 0.03125 0.0498046875 0.0634765625
1 0.0615234375 0.3447265625 0.0771484375 0.0693359375
1 0.4208984375 0.9453125 0.1455078125 0.0986328125
1 0.521484375 0.595703125 0.0625 0.083984375
1 0.8271484375 0.4912109375 0.0537109375 0.0625
1 0.87109375 0.58203125 0.0537109375 0.087890625
1 0.15234375 0.4140625 0.0771484375 0.09375
1 0.9658203125 0.0625 0.033203125 0.0732421875
1 0.236328125 0.587890625 0.068359375 0.0546875
1 0.6943359375 0.560546875 0.0615234375 0.134765625
1 0.3447265625 0.65625 0.0478515625 0.076171875
1 0.8564453125 0.1015625 0.0458984375 0.0673828125
1 0.8134765625 0.55859375 0.0849609375 0.056640625
1 0.1591796875 0.28125 0.06640625 0.0703125
1 0.3544921875 0.6455078125 0.0498046875 0.0625
1 0.013671875 0.7333984375 0.02734375 0.0400390625
1 0.76953125 0.625 0.056640625 0.052734375
1 0.22265625 0.2998046875 0.0439453125 0.05859375
1 0.5205078125 0.6796875 0.041015625 0.0517578125
1 0.4931640625 0.12890625 0.0283203125 0.0595703125
1 0.9326171875 0.96484375 0.0263671875 0.052734375
1 0.216796875 0.408203125 0.0888671875 0.046875
1 0.9677734375 0.90234375 0.0458984375 0.052734375
1 0.974609375 0.67578125 0.05078125 0.0546875
1 0.7177734375 0.5234375 0.05078125 0.072265625
1 0.2958984375 0.7890625 0.0859375 0.05078125
1 0.0830078125 0.05859375 0.048828125 0.087890625
1 0.8955078125 0.3486328125 0.115234375 0.1279296875
1 0.7568359375 0.7587890625 0.048828125 0.0654296875
1 0.607421875 0.2666015625 0.0517578125 0.0517578125
1 0.822265625 0.4150390625 0.04296875 0.025390625
1 0.23046875 0.37109375 0.0546875 0.0458984375
1 0.1875 0.064453125 0.0576171875 0.0263671875
1 0.1240234375 0.9697265625 0.064453125 0.03125
1 0.7421875 0.08203125 0.064453125 0.064453125
1 0.5107421875 0.693359375 0.041015625 0.0390625
1 0.7744140625 0.3515625 0.0419921875 0.0673828125
1 0.7919921875 0.078125 0.06640625 0.0576171875
1 0.9794921875 0.1181640625 0.0361328125 0.056640625
1 0.78125 0.373046875 0.05859375 0.0546875
1 0.4248046875 0.88671875 0.09375 0.056640625
1 0.892578125 0.728515625 0.05078125 0.07421875
1 0.9208984375 0.97265625 0.02734375 0.05078125
1 0.634765625 0.439453125 0.044921875 0.0322265625
1 0.541015625 0.462890625 0.0634765625 0.037109375
1 0.3017578125 0.6728515625 0.0556640625 0.0224609375
1 0.9287109375 0.5703125 0.04296875 0.0458984375
1 0.0107421875 0.109375 0.0224609375 0.0439453125
1 0.8662109375 0.3154296875 0.0791015625 0.080078125
1 0.490234375 0.337890625 0.0517578125 0.025390625
1 0.40625 0.60546875 0.0498046875 0.0576171875
1 0.201171875 0.69921875 0.0654296875 0.0419921875
1 0.85546875 0.7509765625 0.052734375 0.0380859375
1 0.8056640625 0.9580078125 0.05859375 0.0537109375
1 0.7470703125 0.9541015625 0.0517578125 0.0478515625
1 0.0361328125 0.02734375 0.072265625 0.0546875
1 0.060546875 0.1083984375 0.080078125 0.052734375
1 0.5224609375 0.1611328125 0.0537109375 0.0458984375
1 0.958984375 0.3466796875 0.0400390625 0.052734375
1 0.345703125 0.9873046875 0.07421875 0.025390625
