1 0.4697265625 0.4501953125 0.046875 0.0732421875
1 0.12109375 0.822265625 0.0498046875 0.0791015625
1 0.55859375 0.4501953125 0.0390625 0.095703125
1 0.3154296875 0.20703125 0.05859375 0.0771484375
1 0.158203125 0.181640625 0.0517578125 0.068359375
1 0.7265625 0.201171875 0.076171875 0.0712890625
1 0.240234375 0.734375 0.109375 0.076171875
1 0.2958984375 0.2861328125 0.076171875 0.056640625
1 0.5146484375 0.26171875 0.048828125 0.0703125
1 0.2861328125 0.84765625 0.060546875 0.052734375
1 0.5615234375 0.0224609375 0.060546875 0.0439453125
1 0.4345703125 0.2177734375 0.0595703125 0.0703125
1 0.9619140625 0.3544921875 0.0751953125 0.068359375
1 0.0966796875 0.03125 0.0576171875 0.0634765625
1 0.18359375 0.6142578125 0.0791015625 0.0380859375
1 0.5234375 0.8955078125 0.03515625 0.0595703125
1 0.6572265625 0.208984375 0.0546875 0.05859375
1 0.9208984375 0.7548828125 0.0302734375 0.0634765625
1 0.4912109375 0.0224609375 0.0556640625 0.044921875
1 0.0595703125 0.65234375 0.119140625 0.0439453125
1 0.771484375 0.8681640625 0.03515625 0.060546875
1 0.0166015625 0.0341796875 0.0341796875 0.05078125
1 0.4091796875 0.3515625 0.0546875 0.060546875
1 0.986328125 0.81640625 0.02734375 0.0673828125
1 0.373046875 0.9599609375 0.0771484375 0.0400390625
1 0.4287109375 0.8037109375 0.052734375 0.0380859375
1 0.037109375 0.892578125 0.0751953125 0.060546875
1 0.7705078125 0.0712890625 0.0654296875 0.0322265625
1 0.158203125 0.28515625 0.048828125 0.0361328125
1 0.9677734375 0.8408203125 0.0546875 0.0595703125
1 0.9736328125 0.044921875 0.052734375 0.0302734375
1 0.3740234375 0.8349609375 0.05859375 0.0390625
1 0.57421875 0.85546875 0.052734375 0.044921875
1 0.953125 0.9287109375 0.04296875 0.06640625
1 0.1787109375 0.9248046875 0.048828125 0.0302734375
1 0.935546875 0.6875 0.0283203125 0.0517578125
1 0.458984375 0.185546875 0.0595703125 0.052734375
1 0.6982421875 0.5390625 0.05859375 0.041015625
1 0.2783203125 0.6923828125 0.0654296875 0.0400390625
1 0.4384765625 0.029296875 0.0869140625 0.0458984375
1 0.880859375 0.4794921875 0.03125 0.0693359375
1 0.287109375 0.5205078125 0.0517578125 0.0390625
1 0.5009765625 0.6328125 0.0341796875 0.056640625
1 0.82421875 0.537109375 0.0244140625 0.0732421875
1 0.58984375 0.6494140625 0.0458984375 0.0263671875
1 0.208984375 0.056640625 0.080078125 0.064453125
1 0.26953125 0.65625 0.052734375 0.033203125
1 0.0498046875 0.3623046875 0.0126953125 0.04296875
1 0.935546875 0.869140625 0.0576171875 0.0419921875
1 0.4912109375 0.396484375 0.0634765625 0.0419921875
1 0.3046875 0.0517578125 0.04296875 0.0302734375
1 0.8603515625 0.017578125 0.033203125 0.03515625
1 0.3916015625 0.044921875 0.0439453125 0.0810546875
1 0.8291015625 0.6669921875 0.0458984375 0.041015625
1 0.2978515625 0.9140625 0.0556640625 0.0302734375
1 0.490234375 0.98828125 0.0439453125 0.0234375
1 0.470703125 0.7197265625 0.068359375 0.044921875
1 0.7421875 0.0166015625 0.0390625 0.0341796875
1 0.58984375 0.9599609375 0.0927734375 0.04296875
1 0.27734375 0.5458984375 0.076171875 0.0419921875
1 0.369140625 0.7158203125 0.080078125 0.041015625
1 0.8603515625 0.95703125 0.03125 0.0537109375
1 0.7861328125 0.71875 0.0576171875 0.0283203125
1 0.826171875 0.6181640625 0.056640625 0.0419921875
1 0.31640625 0.896484375 0.0966796875 0.0244140625
1 0.013671875 0.9853515625 0.0283203125 0.0283203125
1 0.1796875 0.9912109375 0.0419921875 0.0166015625
1 0.4375 0.2890625 0.0390625 0.0380859375
1 0.96875 0.0966796875 0.0615234375 0.05078125
1 0.80078125 0.5693359375 0.041015625 0.0302734375
1 0.1796875 0.7177734375 0.0439453125 0.0361328125
1 0.619140625 0.67578125 0.0595703125 0.0263671875
1 0.798828125 0.521484375 0.0595703125 0.0517578125
1 0.2568359375 0.15234375 0.0556640625 0.0263671875
1 0.3349609375 0.705078125 0.048828125 0.033203125
1 0.119140625 0.9951171875 0.025390625 0.0087890625
