1 0.3681640625 0.19140625 0.080078125 0.1083984375
1 0.37890625 0.2978515625 0.0859375 0.068359375
1 0.501953125 0.3251953125 0.07421875 0.0654296875
1 0.4248046875 0.4970703125 0.0771484375 0.0732421875
1 0.5224609375 0.6748046875 0.052734375 0.0576171875
1 0.513671875 0.740234375 0.0712890625 0.0712890625
1 0.4521484375 0.841796875 0.080078125 0.064453125
1 0.431640625 0.9267578125 0.1123046875 0.099609375
1 0.5791015625 0.9765625 0.0849609375 0.046875
1 0.7822265625 0.9755859375 0.06640625 0.048828125
1 0.955078125 0.939453125 0.0595703125 0.0546875
1 0.775390625 0.939453125 0.05859375 0.0556640625
1 0.7861328125 0.8349609375 0.080078125 0.060546875
1 0.7783203125 0.7060546875 0.0859375 0.091796875
1 0.9189453125 0.45703125 0.1533203125 0.0986328125
1 0.833984375 0.3349609375 0.076171875 0.080078125
1 0.9130859375 0.2509765625 0.0859375 0.0830078125
1 0.6953125 0.2021484375 0.1005859375 0.0673828125
