1 0.9775390625 0.44921875 0.041015625 0.1669921875
1 0.8779296875 0.4716796875 0.10546875 0.1494140625
1 0.8154296875 0.568359375 0.0693359375 0.0947265625
1 0.7783203125 0.5947265625 0.0849609375 0.0859375
1 0.96875 0.7109375 0.0625 0.109375
1 0.9423828125 0.765625 0.0390625 0.072265625
1 0.89453125 0.7822265625 0.0693359375 0.0859375
1 0.8583984375 0.8369140625 0.0986328125 0.0615234375
1 0.966796875 0.853515625 0.0576171875 0.0712890625
1 0.873046875 0.9794921875 0.0693359375 0.0400390625
1 0.474609375 0.962890625 0.1015625 0.064453125
1 0.3955078125 0.9755859375 0.0849609375 0.0478515625
1 0.095703125 0.9658203125 0.09375 0.068359375
1 0.0302734375 0.9755859375 0.0615234375 0.048828125
1 0.2529296875 0.826171875 0.1005859375 0.046875
1 0.3798828125 0.8701171875 0.0908203125 0.060546875
1 0.443359375 0.7568359375 0.0693359375 0.064453125
1 0.3779296875 0.673828125 0.1083984375 0.0869140625
1 0.314453125 0.734375 0.0634765625 0.0615234375
1 0.3583984375 0.79296875 0.0888671875 0.0673828125
1 0.171875 0.79296875 0.0693359375 0.0556640625
1 0.1455078125 0.822265625 0.060546875 0.0546875
1 0.8095703125 0.7490234375 0.08984375 0.0498046875
1 0.828125 0.705078125 0.0693359375 0.0634765625
1 0.8046875 0.7861328125 0.0947265625 0.0478515625
1 0.6884765625 0.6865234375 0.1083984375 0.0537109375
1 0.7060546875 0.5869140625 0.0556640625 0.0810546875
1 0.6630859375 0.5478515625 0.0947265625 0.109375
1 0.6396484375 0.31640625 0.060546875 0.1044921875
1 0.7529296875 0.2177734375 0.095703125 0.04296875
1 0.869140625 0.2724609375 0.1435546875 0.0732421875
1 0.9287109375 0.19140625 0.0517578125 0.0849609375
1 0.4697265625 0.037109375 0.064453125 0.0478515625
1 0.19140625 0.06640625 0.09765625 0.11328125
1 0.0986328125 0.0771484375 0.064453125 0.12109375
1 0.109375 0.1845703125 0.115234375 0.0791015625
1 0.1875 0.279296875 0.134765625 0.0625
1 0.138671875 0.3828125 0.0908203125 0.06640625
1 0.373046875 0.46484375 0.12109375 0.1552734375
1 0.298828125 0.501953125 0.05078125 0.1201171875
1 0.234375 0.474609375 0.0703125 0.0615234375
1 0.0732421875 0.244140625 0.0751953125 0.080078125
1 0.0283203125 0.2158203125 0.0576171875 0.0927734375
1 0.306640625 0.1005859375 0.0537109375 0.1279296875
1 0.369140625 0.1298828125 0.0703125 0.1298828125
1 0.5205078125 0.212890625 0.072265625 0.0830078125
1 0.3876953125 0.306640625 0.09765625 0.064453125
1 0.2998046875 0.1953125 0.1142578125 0.068359375
1 0.2109375 0.193359375 0.05859375 0.06640625
1 0.4296875 0.1181640625 0.076171875 0.037109375
1 0.7529296875 0.326171875 0.05078125 0.05078125
1 0.8720703125 0.36328125 0.041015625 0.0546875
1 0.9833984375 0.7900390625 0.0322265625 0.056640625
