1 0.74609375 0.55859375 0.193359375 0.107421875
1 0.2783203125 0.5791015625 0.0986328125 0.09375
1 0.8486328125 0.0830078125 0.076171875 0.1279296875
1 0.21875 0.9140625 0.1201171875 0.125
1 0.9072265625 0.0146484375 0.150390625 0.029296875
1 0.1201171875 0.9326171875 0.1279296875 0.1123046875
1 0.33203125 0.8916015625 0.1357421875 0.2060546875
1 0.400390625 0.2734375 0.3271484375 0.1396484375
1 0.7978515625 0.296875 0.0927734375 0.150390625
1 0.8798828125 0.2021484375 0.1318359375 0.2646484375
1 0.7626953125 0.7353515625 0.1220703125 0.0869140625
1 0.5458984375 0.1279296875 0.2939453125 0.1220703125
1 0.3681640625 0.044921875 0.1171875 0.08984375
1 0.287109375 0.0810546875 0.10546875 0.162109375
1 0.087890625 0.6318359375 0.078125 0.0791015625
1 0.1279296875 0.419921875 0.1123046875 0.080078125
1 0.1826171875 0.427734375 0.0927734375 0.3232421875
1 0.4189453125 0.0458984375 0.0595703125 0.046875
