1 0.1064453125 0.013671875 0.212890625 0.0283203125
1 0.6904296875 0.41796875 0.138671875 0.1396484375
1 0.2060546875 0.3974609375 0.3203125 0.16015625
1 0.345703125 0.048828125 0.2978515625 0.0986328125
1 0.140625 0.328125 0.2822265625 0.1025390625
1 0.8466796875 0.1552734375 0.306640625 0.1318359375
1 0.904296875 0.6318359375 0.19140625 0.166015625
1 0.8212890625 0.0263671875 0.154296875 0.052734375
1 0.9755859375 0.8330078125 0.048828125 0.1591796875
1 0.759765625 0.7890625 0.103515625 0.1123046875
1 0.4228515625 0.681640625 0.3798828125 0.11328125
1 0.58203125 0.0869140625 0.15234375 0.140625
1 0.8046875 0.80078125 0.076171875 0.1220703125
1 0.830078125 0.8134765625 0.0830078125 0.1201171875
1 0.94921875 0.8515625 0.046875 0.244140625
1 0.0673828125 0.13671875 0.1357421875 0.080078125
1 0.234375 0.0341796875 0.232421875 0.068359375
1 0.353515625 0.0537109375 0.2509765625 0.1083984375
