1 0.056640625 0.6884765625 0.0947265625 0.0849609375
1 0.9404296875 0.734375 0.107421875 0.0947265625
1 0.5830078125 0.794921875 0.068359375 0.0751953125
1 0.939453125 0.87890625 0.1201171875 0.0693359375
1 0.88671875 0.3994140625 0.0849609375 0.109375
1 0.6884765625 0.783203125 0.08203125 0.08203125
1 0.775390625 0.271484375 0.1025390625 0.1044921875
1 0.8583984375 0.1142578125 0.091796875 0.1103515625
1 0.7607421875 0.693359375 0.08203125 0.087890625
1 0.6826171875 0.490234375 0.072265625 0.0908203125
1 0.9150390625 0.9404296875 0.06640625 0.0625
1 0.8095703125 0.046875 0.10546875 0.08984375
1 0.8701171875 0.1572265625 0.095703125 0.1123046875
1 0.8544921875 0.259765625 0.080078125 0.099609375
1 0.9794921875 0.2177734375 0.0400390625 0.078125
1 0.8466796875 0.9560546875 0.0634765625 0.0703125
1 0.947265625 0.4814453125 0.10546875 0.076171875
1 0.8857421875 0.7919921875 0.0625 0.064453125
1 0.939453125 0.796875 0.07421875 0.0947265625
1 0.7001953125 0.8583984375 0.0771484375 0.0625
1 0.947265625 0.1455078125 0.0830078125 0.1484375
