1 0.01953125 0.23046875 0.0390625 0.07421875
1 0.4775390625 0.41015625 0.103515625 0.1328125
1 0.583984375 0.7490234375 0.0859375 0.0595703125
1 0.7529296875 0.509765625 0.103515625 0.0986328125
1 0.4130859375 0.1005859375 0.11328125 0.1162109375
1 0.8955078125 0.537109375 0.0927734375 0.060546875
1 0.8330078125 0.7587890625 0.107421875 0.076171875
1 0.0986328125 0.0791015625 0.091796875 0.115234375
1 0.09375 0.6376953125 0.1318359375 0.0625
1 0.947265625 0.3759765625 0.1044921875 0.09765625
1 0.7177734375 0.296875 0.1123046875 0.0947265625
1 0.8046875 0.7021484375 0.0703125 0.064453125
1 0.6259765625 0.3134765625 0.087890625 0.09765625
1 0.865234375 0.103515625 0.08203125 0.09375
1 0.7255859375 0.6982421875 0.0673828125 0.0625
1 0.8583984375 0.0302734375 0.0869140625 0.0595703125
1 0.2099609375 0.474609375 0.0791015625 0.0810546875
