1 0.2509765625 0.802734375 0.087890625 0.0771484375
1 0.833984375 0.3037109375 0.0849609375 0.0751953125
1 0.240234375 0.640625 0.0927734375 0.072265625
1 0.64453125 0.2646484375 0.119140625 0.0693359375
1 0.927734375 0.3408203125 0.0966796875 0.078125
1 0.9365234375 0.6103515625 0.111328125 0.0966796875
1 0.283203125 0.40625 0.072265625 0.0751953125
1 0.9697265625 0.7607421875 0.060546875 0.0625
1 0.0771484375 0.517578125 0.1240234375 0.0703125
1 0.724609375 0.1220703125 0.05078125 0.05078125
1 0.9091796875 0.185546875 0.080078125 0.1025390625
1 0.3427734375 0.470703125 0.1083984375 0.078125
1 0.203125 0.2158203125 0.087890625 0.072265625
1 0.6513671875 0.8125 0.0888671875 0.078125
1 0.3115234375 0.1572265625 0.0693359375 0.0703125
1 0.8134765625 0.2353515625 0.08203125 0.0673828125
1 0.1162109375 0.2236328125 0.0947265625 0.072265625
1 0.1484375 0.3232421875 0.08203125 0.056640625
1 0.6396484375 0.9306640625 0.0791015625 0.0498046875
1 0.6611328125 0.1494140625 0.0625 0.0703125
1 0.638671875 0.4326171875 0.09765625 0.0869140625
1 0.7431640625 0.5498046875 0.0673828125 0.044921875
1 0.6728515625 0.314453125 0.0625 0.03515625
1 0.796875 0.001953125 0.060546875 0.0048828125
1 0.744140625 0.412109375 0.0849609375 0.0546875
1 0.7578125 0.49609375 0.0625 0.052734375
1 0.78125 0.150390625 0.0498046875 0.0576171875
1 0.7314453125 0.1806640625 0.0556640625 0.0625
1 0.4208984375 0.19140625 0.046875 0.0654296875
