1 0.384765625 0.0625 0.0595703125 0.1103515625
1 0.8115234375 0.53515625 0.072265625 0.083984375
1 0.466796875 0.037109375 0.072265625 0.0751953125
1 0.677734375 0.25390625 0.0830078125 0.0810546875
1 0.4072265625 0.1650390625 0.08984375 0.087890625
1 0.6279296875 0.5341796875 0.0869140625 0.0810546875
1 0.5400390625 0.150390625 0.0732421875 0.07421875
1 0.201171875 0.08984375 0.0673828125 0.0849609375
1 0.490234375 0.431640625 0.0732421875 0.0654296875
1 0.599609375 0.224609375 0.0595703125 0.0751953125
1 0.974609375 0.126953125 0.0498046875 0.0654296875
1 0.66015625 0.3974609375 0.0625 0.1201171875
1 0.2138671875 0.5302734375 0.076171875 0.064453125
1 0.05859375 0.505859375 0.1025390625 0.0732421875
1 0.1796875 0.3037109375 0.0810546875 0.06640625
1 0.5 0.578125 0.076171875 0.0810546875
1 0.810546875 0.2626953125 0.0625 0.076171875
1 0.0888671875 0.193359375 0.0859375 0.064453125
1 0.3935546875 0.3251953125 0.0703125 0.0498046875
1 0.447265625 0.4541015625 0.064453125 0.072265625
1 0.107421875 0.568359375 0.107421875 0.0556640625
1 0.1005859375 0.7177734375 0.1201171875 0.0751953125
1 0.3388671875 0.46875 0.0625 0.0439453125
1 0.060546875 0.412109375 0.083984375 0.0556640625
1 0.7099609375 0.1826171875 0.064453125 0.072265625
1 0.4453125 0.08203125 0.0576171875 0.0751953125
1 0.734375 0.2724609375 0.0556640625 0.07421875
1 0.7373046875 0.150390625 0.060546875 0.06640625
1 0.7236328125 0.822265625 0.0517578125 0.06640625
1 0.546875 0.6787109375 0.0859375 0.0576171875
1 0.205078125 0.1298828125 0.0888671875 0.068359375
1 0.970703125 0.4130859375 0.0576171875 0.0302734375
1 0.10546875 0.37109375 0.0615234375 0.0849609375
1 0.6630859375 0.900390625 0.0703125 0.0546875
1 0.1328125 0.46875 0.109375 0.056640625
1 0.6298828125 0.0107421875 0.0751953125 0.01953125
1 0.830078125 0.5849609375 0.0810546875 0.0419921875
1 0.15830078125 0.53076171875 0.1197265625 0.08173828125000004
1 0.349609375 0.849609375 0.083984375 0.06640625
1 0.58203125 0.458984375 0.0810546875 0.06640625
1 0.583984375 0.9072265625 0.1015625 0.0478515625
1 0.3515625 0.0849609375 0.0673828125 0.0498046875
1 0.197265625 0.9365234375 0.0703125 0.0537109375
1 0.6494140625 0.46875 0.0400390625 0.056640625
1 0.5185546875 0.0185546875 0.0439453125 0.037109375
1 0.7861328125 0.95703125 0.0703125 0.0634765625
1 0.9716796875 0.3447265625 0.056640625 0.029296875
1 0.0263671875 0.4111328125 0.052734375 0.1142578125
1 0.5341796875 0.09375 0.0576171875 0.041015625
1 0.3759765625 0.28125 0.0732421875 0.0546875
1 0.5537109375 0.9609375 0.0673828125 0.078125
1 0.2431640625 0.9814453125 0.0908203125 0.037109375
1 0.056640625 0.86328125 0.103515625 0.0400390625
1 0.689453125 0.5859375 0.0537109375 0.064453125
1 0.955078125 0.1435546875 0.0537109375 0.0751953125
1 0.3544921875 0.1171875 0.05859375 0.078125
1 0.1953125 0.720703125 0.064453125 0.02734375
1 0.599609375 0.451171875 0.0673828125 0.046875
1 0.0712890625 0.96484375 0.07421875 0.0439453125
1 0.3447265625 0.73046875 0.0419921875 0.041015625
1 0.01953125 0.0400390625 0.0390625 0.0654296875
1 0.251953125 0.318359375 0.091796875 0.0517578125
1 0.0283203125 0.666015625 0.0537109375 0.0322265625
1 0.7802734375 0.671875 0.0537109375 0.0556640625
1 0.3193359375 0.2294921875 0.052734375 0.0615234375
1 0.30859375 0.2998046875 0.0439453125 0.04296875
1 0.1640625 0.8310546875 0.083984375 0.0478515625
1 0.2265625 0.9228515625 0.0693359375 0.0537109375
1 0.4833984375 0.302734375 0.0478515625 0.0537109375
1 0.5029296875 0.54296875 0.115234375 0.056640625
1 0.8203125 0.623046875 0.0390625 0.0634765625
1 0.4912109375 0.451171875 0.072265625 0.0537109375
1 0.4208984375 0.9453125 0.080078125 0.03515625
1 0.337890625 0.482421875 0.0625 0.0439453125
1 0.138671875 0.88671875 0.0615234375 0.041015625
1 0.880859375 0.974609375 0.0498046875 0.033203125
1 0.4697265625 0.970703125 0.1298828125 0.05859375
1 0.306640625 0.2568359375 0.0576171875 0.01953125
1 0.7958984375 0.830078125 0.0546875 0.0556640625
1 0.4482421875 0.7841796875 0.064453125 0.05859375
1 0.53515625 0.3232421875 0.0556640625 0.052734375
1 0.1259765625 0.33984375 0.060546875 0.048828125
1 0.7265625 0.6904296875 0.0625 0.046875
1 0.4755859375 0.6201171875 0.0478515625 0.0390625
1 0.1494140625 0.537109375 0.0927734375 0.0830078125
