1 0.4609375 0.1875 0.1533203125 0.0869140625
1 0.4580078125 0.3662109375 0.068359375 0.1025390625
1 0.1923828125 0.462890625 0.07421875 0.1484375
1 0.0234375 0.42578125 0.046875 0.083984375
1 0.0283203125 0.6767578125 0.048828125 0.0888671875
1 0.1962890625 0.6123046875 0.0830078125 0.07421875
1 0.2216796875 0.87890625 0.0751953125 0.1142578125
1 0.08984375 0.966796875 0.08203125 0.06640625
1 0.4921875 0.978515625 0.078125 0.04296875
1 0.892578125 0.935546875 0.0703125 0.11328125
1 0.88671875 0.802734375 0.06640625 0.1015625
1 0.9384765625 0.671875 0.078125 0.0576171875
1 0.8193359375 0.6103515625 0.076171875 0.0556640625
1 0.787109375 0.552734375 0.068359375 0.0625
1 0.96875 0.8212890625 0.0615234375 0.140625
1 0.4833984375 0.931640625 0.0615234375 0.0537109375
