1 0.869140625 0.966796875 0.1396484375 0.0654296875
1 0.83984375 0.5205078125 0.169921875 0.1171875
1 0.544921875 0.6630859375 0.1376953125 0.087890625
1 0.666015625 0.2705078125 0.1171875 0.1025390625
1 0.1376953125 0.130859375 0.1220703125 0.11328125
1 0.552734375 0.3515625 0.1025390625 0.0595703125
1 0.4619140625 0.7783203125 0.1298828125 0.068359375
1 0.03515625 0.5869140625 0.0703125 0.0869140625
1 0.689453125 0.939453125 0.19921875 0.080078125
1 0.091796875 0.50390625 0.109375 0.087890625
1 0.205078125 0.20703125 0.0830078125 0.109375
1 0.482421875 0.2841796875 0.08984375 0.0693359375
1 0.36328125 0.4462890625 0.091796875 0.1748046875
1 0.583984375 0.8310546875 0.0751953125 0.0830078125
1 0.7109375 0.84765625 0.0771484375 0.060546875
1 0.3134765625 0.943359375 0.0751953125 0.0673828125
1 0.2626953125 0.263671875 0.0830078125 0.0751953125
1 0.232421875 0.560546875 0.0625 0.0625
1 0.6689453125 0.6748046875 0.1005859375 0.0546875
1 0.4091796875 0.0537109375 0.1279296875 0.0654296875
1 0.5224609375 0.4892578125 0.1025390625 0.08984375
1 0.369140625 0.298828125 0.0751953125 0.0654296875
1 0.939453125 0.9091796875 0.12109375 0.072265625
1 0.9111328125 0.087890625 0.09765625 0.0732421875
1 0.1728515625 0.5224609375 0.0595703125 0.0498046875
1 0.0556640625 0.912109375 0.08203125 0.080078125
1 0.787109375 0.046875 0.205078125 0.08984375
1 0.85546875 0.2216796875 0.15234375 0.0947265625
1 0.216796875 0.7314453125 0.125 0.169921875
1 0.7099609375 0.4814453125 0.0927734375 0.08203125
1 0.6494140625 0.4716796875 0.08984375 0.0849609375
1 0.421875 0.41796875 0.0546875 0.1171875
1 0.5205078125 0.5595703125 0.064453125 0.0673828125
1 0.720703125 0.1103515625 0.1171875 0.1279296875
1 0.9482421875 0.63671875 0.1025390625 0.08984375
1 0.1611328125 0.95703125 0.0625 0.0595703125
1 0.0888671875 0.9443359375 0.0498046875 0.080078125
1 0.88671875 0.23828125 0.1650390625 0.078125
1 0.12109375 0.78125 0.1123046875 0.0771484375
1 0.1640625 0.6435546875 0.0751953125 0.1171875
1 0.142578125 0.7060546875 0.1025390625 0.09765625
1 0.5634765625 0.021484375 0.072265625 0.0400390625
1 0.9755859375 0.0732421875 0.0478515625 0.107421875
1 0.947265625 0.1572265625 0.10546875 0.0546875
1 0.978515625 0.7998046875 0.0419921875 0.06640625
