1 0.748046875 0.0263671875 0.1279296875 0.0537109375
1 0.5986328125 0.2041015625 0.126953125 0.0712890625
1 0.08984375 0.7783203125 0.1328125 0.052734375
1 0.564453125 0.7109375 0.1005859375 0.0537109375
1 0.27734375 0.173828125 0.0986328125 0.09765625
1 0.9248046875 0.4794921875 0.087890625 0.048828125
1 0.1357421875 0.5029296875 0.1005859375 0.052734375
1 0.9814453125 0.14453125 0.0361328125 0.091796875
1 0.25390625 0.359375 0.13671875 0.0625
1 0.50390625 0.037109375 0.0888671875 0.0751953125
1 0.2060546875 0.7119140625 0.0869140625 0.0517578125
1 0.51171875 0.3173828125 0.064453125 0.060546875
1 0.0595703125 0.6591796875 0.1083984375 0.033203125
1 0.7470703125 0.3095703125 0.0693359375 0.14453125
1 0.73046875 0.08984375 0.080078125 0.0458984375
1 0.1240234375 0.111328125 0.126953125 0.0908203125
1 0.1103515625 0.041015625 0.0927734375 0.0791015625
1 0.6103515625 0.80859375 0.1103515625 0.05078125
1 0.6982421875 0.8310546875 0.1396484375 0.0966796875
1 0.0478515625 0.5400390625 0.0947265625 0.04296875
1 0.03125 0.251953125 0.0615234375 0.048828125
1 0.24609375 0.46875 0.0732421875 0.107421875
1 0.2099609375 0.08984375 0.1142578125 0.0556640625
1 0.341796875 0.6533203125 0.0927734375 0.0322265625
1 0.8388671875 0.0888671875 0.0908203125 0.0380859375
1 0.0693359375 0.8359375 0.1005859375 0.0390625
1 0.5703125 0.5185546875 0.0595703125 0.0546875
1 0.34375 0.98046875 0.0966796875 0.0341796875
1 0.0693359375 0.62890625 0.123046875 0.048828125
1 0.4248046875 0.865234375 0.078125 0.033203125
1 0.1376953125 0.3642578125 0.1044921875 0.056640625
1 0.984375 0.8232421875 0.03125 0.0322265625
1 0.2802734375 0.9677734375 0.0908203125 0.044921875
1 0.3193359375 0.7919921875 0.0908203125 0.078125
1 0.408203125 0.748046875 0.12109375 0.03125
1 0.2470703125 0.9287109375 0.1484375 0.056640625
1 0.322265625 0.7392578125 0.072265625 0.029296875
1 0.4404296875 0.314453125 0.1142578125 0.0380859375
1 0.73828125 0.4443359375 0.0966796875 0.08984375
1 0.5068359375 0.55078125 0.08203125 0.0380859375
1 0.794921875 0.4423828125 0.1015625 0.0361328125
1 0.1474609375 0.4013671875 0.1025390625 0.025390625
1 0.568359375 0.9208984375 0.08984375 0.0390625
1 0.232421875 0.0234375 0.1181640625 0.04296875
1 0.0380859375 0.44140625 0.0771484375 0.037109375
1 0.8134765625 0.9501953125 0.052734375 0.0234375
1 0.1953125 0.4619140625 0.0537109375 0.029296875
1 0.123046875 0.3017578125 0.1181640625 0.0634765625
1 0.11328125 0.40234375 0.150390625 0.0439453125
