1 0.9208984375 0.4296875 0.154296875 0.0771484375
1 0.2578125 0.392578125 0.1171875 0.091796875
1 0.2236328125 0.7265625 0.1103515625 0.08984375
1 0.0009765625 0.8232421875 0.001953125 0.09765625
1 0.134765625 0.2353515625 0.1162109375 0.0634765625
1 0.109375 0.12890625 0.1103515625 0.1123046875
1 0.044921875 0.23046875 0.08984375 0.072265625
1 0.8720703125 0.7275390625 0.111328125 0.09375
1 0.0244140625 0.583984375 0.0498046875 0.10546875
1 0.560546875 0.8134765625 0.1875 0.1171875
1 0.1953125 0.291015625 0.103515625 0.1025390625
1 0.8583984375 0.5966796875 0.1328125 0.0732421875
1 0.951171875 0.70703125 0.095703125 0.0947265625
1 0.89453125 0.8095703125 0.08984375 0.06640625
1 0.115234375 0.3271484375 0.064453125 0.0546875
1 0.97265625 0.349609375 0.0546875 0.0771484375
1 0.98046875 0.201171875 0.0380859375 0.087890625
1 0.935546875 0.85546875 0.0712890625 0.060546875
