1 0.369140625 0.107421875 0.1748046875 0.0830078125
1 0.7822265625 0.142578125 0.1181640625 0.0849609375
1 0.955078125 0.0478515625 0.0888671875 0.095703125
1 0.69921875 0.26171875 0.087890625 0.0791015625
1 0.1376953125 0.7890625 0.111328125 0.1005859375
1 0.1162109375 0.17578125 0.0849609375 0.1015625
1 0.4326171875 0.029296875 0.1484375 0.05859375
1 0.3046875 0.416015625 0.080078125 0.08203125
1 0.7197265625 0.72265625 0.0966796875 0.181640625
1 0.4384765625 0.4296875 0.0869140625 0.095703125
1 0.39453125 0.5869140625 0.115234375 0.095703125
1 0.82421875 0.2919921875 0.0703125 0.119140625
1 0.76953125 0.5537109375 0.095703125 0.1552734375
1 0.5732421875 0.4609375 0.0888671875 0.0947265625
1 0.9482421875 0.3564453125 0.1005859375 0.080078125
1 0.783203125 0.22265625 0.0673828125 0.056640625
1 0.685546875 0.587890625 0.103515625 0.0869140625
1 0.9716796875 0.919921875 0.0556640625 0.08984375
1 0.2744140625 0.8291015625 0.08984375 0.0908203125
1 0.9130859375 0.6396484375 0.072265625 0.06640625
1 0.927734375 0.8642578125 0.0830078125 0.099609375
1 0.8662109375 0.82421875 0.2001953125 0.1044921875
1 0.8212890625 0.732421875 0.060546875 0.052734375
1 0.7578125 0.85546875 0.1181640625 0.142578125
1 0.0439453125 0.412109375 0.087890625 0.0751953125
1 0.0556640625 0.974609375 0.08984375 0.0498046875
