1 0.0244140625 0.5751953125 0.0498046875 0.087890625
1 0.0263671875 0.302734375 0.0537109375 0.0537109375
1 0.1943359375 0.408203125 0.0498046875 0.1162109375
1 0.099609375 0.5048828125 0.0751953125 0.1025390625
1 0.037109375 0.439453125 0.0751953125 0.099609375
1 0.1220703125 0.732421875 0.0654296875 0.0595703125
1 0.0703125 0.646484375 0.0625 0.09765625
1 0.021484375 0.7216796875 0.0439453125 0.0595703125
1 0.9658203125 0.4072265625 0.068359375 0.1005859375
1 0.0810546875 0.955078125 0.1064453125 0.08984375
1 0.6943359375 0.91015625 0.10546875 0.12109375
1 0.95703125 0.95703125 0.0830078125 0.0849609375
1 0.841796875 0.70703125 0.1455078125 0.0810546875
1 0.5263671875 0.685546875 0.078125 0.08203125
1 0.404296875 0.76171875 0.0634765625 0.087890625
1 0.3095703125 0.8779296875 0.140625 0.0576171875
1 0.1943359375 0.9130859375 0.0849609375 0.083984375
1 0.259765625 0.65234375 0.111328125 0.08984375
1 0.466796875 0.55859375 0.0947265625 0.072265625
1 0.546875 0.36328125 0.119140625 0.1162109375
1 0.6923828125 0.318359375 0.1318359375 0.0751953125
1 0.7197265625 0.3701171875 0.0927734375 0.078125
1 0.9013671875 0.255859375 0.1328125 0.080078125
1 0.939453125 0.1728515625 0.1201171875 0.0712890625
1 0.88671875 0.478515625 0.0908203125 0.0927734375
1 0.94921875 0.53515625 0.1015625 0.0849609375
1 0.5341796875 0.1748046875 0.09375 0.080078125
1 0.287109375 0.140625 0.072265625 0.0595703125
1 0.171875 0.2060546875 0.0849609375 0.1640625
1 0.2392578125 0.306640625 0.0810546875 0.11328125
1 0.322265625 0.4267578125 0.0771484375 0.0869140625
1 0.2822265625 0.5576171875 0.0751953125 0.1171875
1 0.3369140625 0.5673828125 0.048828125 0.0556640625
1 0.69921875 0.072265625 0.080078125 0.0869140625
1 0.693359375 0.17578125 0.095703125 0.0673828125
1 0.8046875 0.1005859375 0.078125 0.0869140625
1 0.8203125 0.046875 0.08203125 0.09375
1 0.2724609375 0.81640625 0.0654296875 0.0654296875
1 0.748046875 0.958984375 0.0673828125 0.064453125
1 0.7197265625 0.7041015625 0.0888671875 0.10546875
1 0.9072265625 0.416015625 0.115234375 0.0595703125
1 0.2177734375 0.1298828125 0.03515625 0.064453125
1 0.095703125 0.7939453125 0.064453125 0.05859375
