1 0.5087890625 0.9775390625 0.0615234375 0.044921875
1 0.5673828125 0.958984375 0.052734375 0.0654296875
1 0.634765625 0.966796875 0.068359375 0.056640625
1 0.8134765625 0.9873046875 0.0703125 0.025390625
1 0.900390625 0.96875 0.0771484375 0.0625
1 0.810546875 0.8583984375 0.08203125 0.068359375
1 0.728515625 0.7998046875 0.05859375 0.0947265625
1 0.80859375 0.7509765625 0.0625 0.0771484375
1 0.5029296875 0.69921875 0.0791015625 0.0712890625
1 0.697265625 0.6748046875 0.0966796875 0.115234375
1 0.6123046875 0.62890625 0.126953125 0.0869140625
1 0.4326171875 0.6044921875 0.068359375 0.0712890625
1 0.26953125 0.736328125 0.0791015625 0.0595703125
1 0.12109375 0.736328125 0.1025390625 0.0908203125
1 0.0654296875 0.693359375 0.0830078125 0.0771484375
1 0.033203125 0.65234375 0.06640625 0.076171875
1 0.2998046875 0.54296875 0.076171875 0.0791015625
1 0.30078125 0.4560546875 0.0791015625 0.076171875
1 0.23046875 0.443359375 0.056640625 0.0712890625
1 0.3974609375 0.455078125 0.0712890625 0.0693359375
1 0.4755859375 0.33203125 0.0771484375 0.0712890625
1 0.3154296875 0.3056640625 0.07421875 0.0654296875
1 0.01953125 0.3076171875 0.0400390625 0.091796875
1 0.140625 0.4443359375 0.0556640625 0.0654296875
1 0.58984375 0.310546875 0.0712890625 0.0859375
1 0.6318359375 0.4140625 0.0888671875 0.078125
1 0.7587890625 0.4404296875 0.0634765625 0.1044921875
1 0.677734375 0.48046875 0.080078125 0.0615234375
1 0.70703125 0.5556640625 0.087890625 0.1181640625
1 0.8232421875 0.4326171875 0.072265625 0.0654296875
1 0.9462890625 0.49609375 0.0625 0.0771484375
1 0.8935546875 0.6259765625 0.0595703125 0.078125
1 0.859375 0.2939453125 0.1396484375 0.068359375
1 0.6884765625 0.3515625 0.0556640625 0.078125
1 0.142578125 0.173828125 0.1005859375 0.080078125
1 0.2255859375 0.17578125 0.068359375 0.068359375
1 0.458984375 0.1669921875 0.0947265625 0.07421875
1 0.359375 0.1005859375 0.0888671875 0.0625
1 0.541015625 0.05078125 0.0908203125 0.0927734375
1 0.6396484375 0.1337890625 0.0732421875 0.0625
1 0.546875 0.17578125 0.0869140625 0.0849609375
1 0.5712890625 0.216796875 0.0654296875 0.0625
1 0.892578125 0.0712890625 0.0625 0.0791015625
1 0.947265625 0.11328125 0.0771484375 0.0654296875
1 0.81640625 0.0810546875 0.0615234375 0.0771484375
1 0.591796875 0.1103515625 0.083984375 0.07421875
1 0.4404296875 0.42578125 0.0830078125 0.064453125
1 0.9873046875 0.6259765625 0.025390625 0.048828125
1 0.236328125 0.8603515625 0.0732421875 0.09375
1 0.9853515625 0.9541015625 0.029296875 0.072265625
1 0.71875 0.30859375 0.0478515625 0.048828125
1 0.40234375 0.2880859375 0.07421875 0.0517578125
