1 0.203125 0.16015625 0.05859375 0.0771484375
1 0.2353515625 0.017578125 0.0771484375 0.0361328125
1 0.400390625 0.1416015625 0.0537109375 0.0947265625
1 0.181640625 0.3203125 0.0703125 0.05078125
1 0.0732421875 0.046875 0.0390625 0.083984375
1 0.5029296875 0.0859375 0.0732421875 0.09375
1 0.9228515625 0.236328125 0.0595703125 0.064453125
1 0.6357421875 0.1669921875 0.083984375 0.0771484375
1 0.564453125 0.208984375 0.072265625 0.0595703125
1 0.5712890625 0.244140625 0.091796875 0.0654296875
1 0.4208984375 0.2587890625 0.060546875 0.0595703125
1 0.3505859375 0.25 0.0439453125 0.0654296875
1 0.4501953125 0.2646484375 0.0322265625 0.048828125
1 0.4677734375 0.3212890625 0.05078125 0.0751953125
1 0.404296875 0.3525390625 0.0546875 0.048828125
1 0.5029296875 0.2578125 0.0703125 0.0419921875
1 0.619140625 0.369140625 0.087890625 0.0634765625
1 0.7041015625 0.3310546875 0.0986328125 0.0654296875
1 0.6630859375 0.2861328125 0.087890625 0.0498046875
1 0.9609375 0.267578125 0.0771484375 0.044921875
1 0.904296875 0.318359375 0.0712890625 0.03125
1 0.759765625 0.482421875 0.10546875 0.037109375
1 0.5859375 0.4521484375 0.09765625 0.052734375
1 0.6669921875 0.470703125 0.0498046875 0.0595703125
1 0.7158203125 0.5517578125 0.1474609375 0.0732421875
1 0.6884765625 0.6416015625 0.1689453125 0.0859375
1 0.548828125 0.646484375 0.0654296875 0.05078125
1 0.439453125 0.5927734375 0.048828125 0.091796875
1 0.4609375 0.4501953125 0.107421875 0.056640625
1 0.306640625 0.515625 0.04296875 0.046875
1 0.294921875 0.5634765625 0.060546875 0.0703125
1 0.2900390625 0.67578125 0.048828125 0.0693359375
1 0.0947265625 0.5712890625 0.125 0.0361328125
1 0.021484375 0.603515625 0.04296875 0.07421875
1 0.126953125 0.6123046875 0.0791015625 0.0634765625
1 0.1044921875 0.734375 0.0615234375 0.046875
1 0.1376953125 0.66015625 0.080078125 0.048828125
1 0.2041015625 0.83984375 0.08203125 0.060546875
1 0.1142578125 0.9052734375 0.0703125 0.0849609375
1 0.0400390625 0.78515625 0.0732421875 0.064453125
1 0.0146484375 0.333984375 0.029296875 0.0498046875
1 0.078125 0.3408203125 0.08203125 0.0830078125
1 0.3544921875 0.712890625 0.05078125 0.0478515625
1 0.3486328125 0.8095703125 0.1103515625 0.078125
1 0.3984375 0.6787109375 0.041015625 0.0400390625
1 0.5390625 0.7412109375 0.0458984375 0.0615234375
1 0.6142578125 0.720703125 0.09765625 0.0517578125
1 0.7451171875 0.7705078125 0.0556640625 0.0576171875
1 0.7470703125 0.8427734375 0.083984375 0.0517578125
1 0.7802734375 0.8271484375 0.095703125 0.0595703125
1 0.6083984375 0.859375 0.083984375 0.060546875
1 0.62109375 0.9140625 0.0751953125 0.0390625
1 0.8212890625 0.9384765625 0.0751953125 0.0615234375
1 0.896484375 0.9453125 0.0615234375 0.078125
1 0.951171875 0.9775390625 0.0654296875 0.0439453125
1 0.9580078125 0.896484375 0.0478515625 0.072265625
1 0.93359375 0.810546875 0.1259765625 0.05859375
1 0.8427734375 0.8037109375 0.0615234375 0.0302734375
1 0.89453125 0.6826171875 0.0654296875 0.0654296875
1 0.9482421875 0.7080078125 0.07421875 0.0517578125
1 0.5458984375 0.984375 0.0517578125 0.0302734375
1 0.3984375 0.7421875 0.0537109375 0.046875
1 0.357421875 0.8583984375 0.03515625 0.03125
1 0.5625 0.779296875 0.0498046875 0.04296875
1 0.68359375 0.8349609375 0.0634765625 0.0498046875
1 0.8984375 0.3681640625 0.06640625 0.037109375
1 0.8974609375 0.3466796875 0.0478515625 0.029296875
1 0.37890625 0.37890625 0.0400390625 0.033203125
1 0.21875 0.3271484375 0.05078125 0.03125
1 0.11328125 0.44140625 0.0546875 0.0419921875
1 0.35546875 0.556640625 0.0576171875 0.05859375
1 0.2138671875 0.734375 0.0234375 0.0283203125
1 0.5927734375 0.4072265625 0.1142578125 0.0390625
1 0.3955078125 0.14453125 0.046875 0.1083984375
1 0.6416015625 0.484375 0.048828125 0.044921875
