1 0.7705078125 0.0439453125 0.05859375 0.087890625
1 0.1728515625 0.888671875 0.0927734375 0.0830078125
1 0.46484375 0.33203125 0.06640625 0.08984375
1 0.9677734375 0.8447265625 0.0634765625 0.1064453125
1 0.8916015625 0.0791015625 0.0673828125 0.09765625
1 0.1630859375 0.091796875 0.0478515625 0.083984375
1 0.447265625 0.087890625 0.083984375 0.0654296875
1 0.3203125 0.4931640625 0.0703125 0.08203125
1 0.1142578125 0.68359375 0.05859375 0.1005859375
1 0.8408203125 0.255859375 0.048828125 0.0888671875
1 0.3662109375 0.7861328125 0.064453125 0.0576171875
1 0.6279296875 0.349609375 0.076171875 0.0703125
1 0.8828125 0.224609375 0.0439453125 0.1708984375
1 0.2744140625 0.185546875 0.037109375 0.091796875
1 0.296875 0.6796875 0.08203125 0.0634765625
1 0.3916015625 0.0703125 0.037109375 0.103515625
1 0.3935546875 0.5830078125 0.0390625 0.0673828125
1 0.345703125 0.9658203125 0.1181640625 0.068359375
1 0.0078125 0.2861328125 0.0166015625 0.0986328125
1 0.2109375 0.7021484375 0.064453125 0.08984375
1 0.009765625 0.4501953125 0.0205078125 0.130859375
1 0.5517578125 0.8388671875 0.044921875 0.1416015625
1 0.8427734375 0.1171875 0.0615234375 0.0732421875
1 0.9013671875 0.89453125 0.0390625 0.0869140625
1 0.345703125 0.169921875 0.0703125 0.0556640625
1 0.294921875 0.8544921875 0.0615234375 0.0517578125
1 0.2392578125 0.5009765625 0.125 0.1103515625
1 0.6279296875 0.15625 0.0361328125 0.0771484375
1 0.791015625 0.3037109375 0.0322265625 0.1162109375
1 0.3466796875 0.359375 0.0390625 0.05859375
1 0.8349609375 0.357421875 0.068359375 0.0439453125
1 0.884765625 0.95703125 0.04296875 0.0751953125
1 0.6572265625 0.806640625 0.1005859375 0.0537109375
1 0.0205078125 0.6708984375 0.041015625 0.0927734375
1 0.59375 0.2939453125 0.04296875 0.078125
1 0.6376953125 0.853515625 0.0419921875 0.0625
1 0.3359375 0.5888671875 0.0732421875 0.166015625
1 0.5732421875 0.7763671875 0.05078125 0.068359375
1 0.03125 0.1044921875 0.05078125 0.0888671875
1 0.361328125 0.0380859375 0.0400390625 0.0654296875
1 0.16796875 0.6337890625 0.076171875 0.0439453125
1 0.27734375 0.6259765625 0.0283203125 0.064453125
1 0.5224609375 0.0205078125 0.0283203125 0.041015625
1 0.2109375 0.4306640625 0.0625 0.037109375
1 0.099609375 0.80859375 0.1064453125 0.052734375
1 0.96875 0.619140625 0.0322265625 0.0439453125
1 0.9765625 0.5 0.0458984375 0.0576171875
1 0.8623046875 0.8017578125 0.0595703125 0.046875
1 0.45703125 0.8837890625 0.0419921875 0.0302734375
1 0.9130859375 0.9912109375 0.037109375 0.017578125
1 0.5830078125 0.767578125 0.0478515625 0.056640625
1 0.0439453125 0.609375 0.05859375 0.05859375
1 0.6904296875 0.5126953125 0.0869140625 0.1171875
1 0.6396484375 0.5830078125 0.0947265625 0.1533203125
1 0.6015625 0.5654296875 0.0966796875 0.1279296875
1 0.7109375 0.6005859375 0.06640625 0.0654296875
1 0.2666015625 0.4501953125 0.0419921875 0.0302734375
1 0.7353515625 0.82421875 0.0390625 0.037109375
1 0.646484375 0.6650390625 0.0361328125 0.056640625
