1 0.904296875 0.95703125 0.099609375 0.0859375
1 0.849609375 0.9296875 0.0546875 0.0712890625
1 0.9560546875 0.9326171875 0.0390625 0.0595703125
1 0.654296875 0.9658203125 0.080078125 0.068359375
1 0.564453125 0.9833984375 0.0751953125 0.033203125
1 0.5087890625 0.9228515625 0.05859375 0.06640625
1 0.4384765625 0.94921875 0.083984375 0.1005859375
1 0.2919921875 0.958984375 0.10546875 0.0537109375
1 0.3125 0.89453125 0.056640625 0.060546875
1 0.220703125 0.8837890625 0.0830078125 0.0625
1 0.2041015625 0.8095703125 0.07421875 0.0712890625
1 0.072265625 0.802734375 0.072265625 0.068359375
1 0.0498046875 0.740234375 0.0654296875 0.072265625
1 0.21875 0.6806640625 0.078125 0.0751953125
1 0.6103515625 0.7509765625 0.1337890625 0.0595703125
1 0.697265625 0.828125 0.09375 0.0810546875
1 0.744140625 0.763671875 0.103515625 0.0673828125
1 0.5771484375 0.6630859375 0.0947265625 0.08984375
1 0.4873046875 0.623046875 0.0625 0.072265625
1 0.4521484375 0.693359375 0.068359375 0.056640625
1 0.2451171875 0.5654296875 0.083984375 0.09765625
1 0.1455078125 0.572265625 0.0947265625 0.109375
1 0.0322265625 0.5400390625 0.064453125 0.0703125
1 0.0673828125 0.1005859375 0.07421875 0.0810546875
1 0.056640625 0.1572265625 0.11328125 0.0615234375
1 0.1904296875 0.193359375 0.060546875 0.103515625
1 0.255859375 0.201171875 0.0712890625 0.0859375
1 0.123046875 0.392578125 0.130859375 0.123046875
1 0.20703125 0.4541015625 0.109375 0.0625
1 0.341796875 0.396484375 0.1171875 0.0859375
1 0.546875 0.1533203125 0.0771484375 0.1318359375
1 0.43359375 0.0693359375 0.064453125 0.05859375
1 0.71875 0.173828125 0.1005859375 0.0966796875
1 0.6884765625 0.244140625 0.078125 0.0791015625
1 0.6044921875 0.28515625 0.0537109375 0.1025390625
1 0.47265625 0.2490234375 0.0595703125 0.0791015625
1 0.841796875 0.2421875 0.115234375 0.1201171875
1 0.8525390625 0.310546875 0.0888671875 0.0625
1 0.91015625 0.275390625 0.0830078125 0.05859375
1 0.9755859375 0.2587890625 0.048828125 0.05859375
1 0.953125 0.181640625 0.0927734375 0.0712890625
1 0.9482421875 0.10546875 0.103515625 0.0634765625
1 0.9765625 0.3466796875 0.0458984375 0.0830078125
1 0.693359375 0.3984375 0.0576171875 0.0595703125
1 0.96484375 0.5048828125 0.0693359375 0.0830078125
1 0.7587890625 0.623046875 0.1376953125 0.0791015625
1 0.7900390625 0.67578125 0.0537109375 0.091796875
1 0.8828125 0.7431640625 0.068359375 0.1064453125
1 0.9384765625 0.73046875 0.068359375 0.0703125
1 0.607421875 0.8037109375 0.0654296875 0.0537109375
1 0.9345703125 0.810546875 0.052734375 0.0498046875
1 0.359375 0.0498046875 0.064453125 0.056640625
1 0.623046875 0.0234375 0.0947265625 0.0478515625
1 0.9052734375 0.3955078125 0.0859375 0.0830078125
1 0.802734375 0.9833984375 0.072265625 0.0322265625
1 0.4169921875 0.115234375 0.0947265625 0.076171875
1 0.078125 0.5634765625 0.0869140625 0.0673828125
1 0.6982421875 0.73046875 0.068359375 0.0537109375
1 0.8193359375 0.0244140625 0.080078125 0.0498046875
1 0.95703125 0.0166015625 0.0849609375 0.033203125
1 0.7578125 0.0146484375 0.099609375 0.0302734375
1 0.1376953125 0.3388671875 0.0771484375 0.0576171875
1 0.8818359375 0.8173828125 0.080078125 0.0458984375
1 0.9697265625 0.4072265625 0.060546875 0.056640625
1 0.271484375 0.6962890625 0.0576171875 0.0693359375
