1 0.216796875 0.146484375 0.0537109375 0.0546875
1 0.109375 0.2109375 0.0791015625 0.046875
1 0.099609375 0.2607421875 0.09375 0.0400390625
1 0.181640625 0.2783203125 0.103515625 0.0380859375
1 0.0546875 0.375 0.1103515625 0.078125
1 0.240234375 0.345703125 0.1123046875 0.044921875
1 0.310546875 0.3662109375 0.0546875 0.04296875
1 0.375 0.2998046875 0.1025390625 0.0517578125
1 0.42578125 0.2431640625 0.095703125 0.0390625
1 0.2890625 0.1826171875 0.0947265625 0.06640625
1 0.400390625 0.1240234375 0.11328125 0.0439453125
1 0.5078125 0.1533203125 0.0380859375 0.0283203125
1 0.564453125 0.2421875 0.134765625 0.041015625
1 0.625 0.26171875 0.041015625 0.04296875
1 0.4453125 0.404296875 0.0673828125 0.064453125
1 0.650390625 0.341796875 0.1298828125 0.0791015625
1 0.7060546875 0.333984375 0.107421875 0.04296875
1 0.8525390625 0.33203125 0.08203125 0.064453125
1 0.8701171875 0.4560546875 0.0732421875 0.04296875
1 0.7607421875 0.2705078125 0.072265625 0.0302734375
1 0.7421875 0.2373046875 0.1513671875 0.04296875
1 0.7841796875 0.17578125 0.0419921875 0.08203125
1 0.828125 0.1533203125 0.083984375 0.0849609375
1 0.7587890625 0.11328125 0.0673828125 0.056640625
1 0.62109375 0.0947265625 0.1279296875 0.0732421875
1 0.9755859375 0.1337890625 0.048828125 0.044921875
1 0.9794921875 0.2802734375 0.041015625 0.0419921875
1 0.8505859375 0.7041015625 0.0673828125 0.0546875
1 0.7548828125 0.791015625 0.10546875 0.078125
1 0.671875 0.6953125 0.1015625 0.0517578125
1 0.5927734375 0.6328125 0.056640625 0.0390625
1 0.5810546875 0.6015625 0.052734375 0.0341796875
1 0.408203125 0.6708984375 0.046875 0.0322265625
1 0.5615234375 0.8359375 0.0439453125 0.0693359375
1 0.5244140625 0.9580078125 0.13671875 0.083984375
1 0.4638671875 0.8193359375 0.0888671875 0.05859375
1 0.4404296875 0.828125 0.046875 0.06640625
1 0.32421875 0.8095703125 0.0546875 0.091796875
1 0.26953125 0.83984375 0.09765625 0.0556640625
1 0.193359375 0.8466796875 0.0908203125 0.037109375
1 0.1904296875 0.7060546875 0.130859375 0.0361328125
1 0.0498046875 0.7431640625 0.1005859375 0.0634765625
1 0.5263671875 0.064453125 0.0986328125 0.0888671875
