1 0.7138671875 0.9658203125 0.0849609375 0.0673828125
1 0.8310546875 0.744140625 0.09375 0.0693359375
1 0.7490234375 0.6474609375 0.1376953125 0.0966796875
1 0.62890625 0.705078125 0.0712890625 0.0625
1 0.556640625 0.7353515625 0.07421875 0.08203125
1 0.4775390625 0.705078125 0.0947265625 0.0634765625
1 0.4296875 0.7490234375 0.0888671875 0.0810546875
1 0.6171875 0.568359375 0.078125 0.07421875
1 0.6865234375 0.5869140625 0.06640625 0.0625
1 0.3349609375 0.5703125 0.0986328125 0.060546875
1 0.3974609375 0.376953125 0.1171875 0.0751953125
1 0.703125 0.3408203125 0.0732421875 0.083984375
1 0.615234375 0.3193359375 0.0576171875 0.0703125
1 0.5615234375 0.2724609375 0.0810546875 0.109375
1 0.48828125 0.2177734375 0.0615234375 0.11328125
1 0.8115234375 0.2802734375 0.087890625 0.091796875
1 0.93359375 0.2783203125 0.0859375 0.1376953125
1 0.9775390625 0.1552734375 0.044921875 0.0927734375
1 0.4501953125 0.0322265625 0.1064453125 0.05859375
1 0.2490234375 0.158203125 0.06640625 0.0693359375
1 0.1337890625 0.1103515625 0.05078125 0.0771484375
1 0.044921875 0.1279296875 0.08984375 0.0751953125
1 0.169921875 0.357421875 0.080078125 0.0830078125
1 0.01953125 0.4033203125 0.0400390625 0.0625
1 0.1328125 0.5703125 0.123046875 0.0849609375
1 0.134765625 0.6806640625 0.0849609375 0.1279296875
1 0.2080078125 0.7080078125 0.06640625 0.0712890625
