1 0.76171875 0.0576171875 0.0947265625 0.0869140625
1 0.84765625 0.1904296875 0.0869140625 0.09765625
1 0.951171875 0.033203125 0.09765625 0.0673828125
1 0.7294921875 0.2802734375 0.08984375 0.1767578125
1 0.759765625 0.443359375 0.08984375 0.072265625
1 0.9580078125 0.263671875 0.072265625 0.142578125
1 0.8603515625 0.298828125 0.0673828125 0.0947265625
1 0.0498046875 0.3203125 0.1005859375 0.0771484375
1 0.904296875 0.96484375 0.0498046875 0.0703125
1 0.943359375 0.57421875 0.0849609375 0.0849609375
1 0.8671875 0.47265625 0.140625 0.1318359375
1 0.6728515625 0.8466796875 0.1015625 0.111328125
1 0.6826171875 0.765625 0.0810546875 0.1240234375
