1 0.216796875 0.8603515625 0.1298828125 0.0625
1 0.5283203125 0.98046875 0.0654296875 0.0390625
1 0.400390625 0.904296875 0.0927734375 0.0888671875
1 0.380859375 0.794921875 0.0830078125 0.126953125
1 0.2861328125 0.6748046875 0.125 0.14453125
1 0.6435546875 0.6328125 0.07421875 0.103515625
1 0.572265625 0.5966796875 0.087890625 0.0712890625
1 0.51171875 0.552734375 0.0712890625 0.0751953125
1 0.025390625 0.7861328125 0.05078125 0.0830078125
1 0.0341796875 0.71484375 0.0625 0.068359375
1 0.103515625 0.6640625 0.0732421875 0.072265625
1 0.087890625 0.572265625 0.064453125 0.0712890625
1 0.103515625 0.4482421875 0.0693359375 0.111328125
1 0.1884765625 0.34765625 0.0712890625 0.0537109375
1 0.1435546875 0.390625 0.1025390625 0.1005859375
1 0.0263671875 0.3203125 0.0537109375 0.0771484375
1 0.044921875 0.3857421875 0.0908203125 0.07421875
1 0.0693359375 0.3232421875 0.138671875 0.0517578125
1 0.15234375 0.0107421875 0.0654296875 0.0224609375
1 0.318359375 0.02734375 0.068359375 0.0546875
1 0.6416015625 0.15234375 0.08984375 0.119140625
1 0.7177734375 0.1201171875 0.0986328125 0.060546875
1 0.7939453125 0.158203125 0.09765625 0.0654296875
1 0.455078125 0.318359375 0.068359375 0.09375
1 0.5693359375 0.2919921875 0.1123046875 0.0703125
1 0.4013671875 0.4638671875 0.064453125 0.0693359375
1 0.6513671875 0.37109375 0.0810546875 0.0712890625
1 0.7333984375 0.384765625 0.109375 0.0390625
1 0.8642578125 0.2744140625 0.19140625 0.080078125
1 0.9453125 0.1640625 0.109375 0.1630859375
1 0.9755859375 0.1220703125 0.0478515625 0.0478515625
1 0.9658203125 0.4892578125 0.068359375 0.1806640625
1 0.755859375 0.5205078125 0.087890625 0.0771484375
1 0.796875 0.8359375 0.1171875 0.056640625
1 0.5888671875 0.615234375 0.056640625 0.0537109375
1 0.546875 0.587890625 0.076171875 0.0654296875
1 0.3466796875 0.626953125 0.041015625 0.0556640625
