1 0.056640625 0.4443359375 0.0947265625 0.10546875
1 0.4619140625 0.3203125 0.099609375 0.1083984375
1 0.873046875 0.2861328125 0.072265625 0.0849609375
1 0.1357421875 0.662109375 0.087890625 0.109375
1 0.9658203125 0.474609375 0.068359375 0.10546875
1 0.333984375 0.2744140625 0.0751953125 0.08984375
1 0.5068359375 0.4755859375 0.0751953125 0.1328125
1 0.8798828125 0.357421875 0.080078125 0.0673828125
1 0.3466796875 0.78125 0.0947265625 0.1201171875
1 0.9072265625 0.1279296875 0.08984375 0.0673828125
1 0.275390625 0.38671875 0.0517578125 0.1044921875
1 0.7802734375 0.7919921875 0.0673828125 0.140625
1 0.8505859375 0.6279296875 0.072265625 0.1025390625
1 0.3525390625 0.498046875 0.0673828125 0.072265625
1 0.291015625 0.171875 0.0625 0.064453125
1 0.6650390625 0.94140625 0.0927734375 0.1005859375
1 0.396484375 0.1669921875 0.0849609375 0.080078125
1 0.2109375 0.783203125 0.072265625 0.087890625
1 0.4814453125 0.60546875 0.0751953125 0.107421875
1 0.21484375 0.9248046875 0.0478515625 0.1484375
1 0.4306640625 0.4443359375 0.0625 0.0849609375
1 0.7998046875 0.2724609375 0.0703125 0.080078125
1 0.3291015625 0.58984375 0.0849609375 0.125
1 0.259765625 0.9130859375 0.0791015625 0.142578125
1 0.7841796875 0.01953125 0.0751953125 0.0390625
1 0.30859375 0.673828125 0.107421875 0.1044921875
1 0.0322265625 0.53515625 0.0654296875 0.080078125
1 0.2041015625 0.3388671875 0.087890625 0.080078125
1 0.162109375 0.400390625 0.07421875 0.107421875
1 0.25 0.375 0.1171875 0.125
1 0.296875 0.6171875 0.0849609375 0.115234375
1 0.0478515625 0.8740234375 0.0927734375 0.1396484375
1 0.2919921875 0.9365234375 0.056640625 0.123046875
1 0.509765625 0.9130859375 0.080078125 0.162109375
1 0.900390625 0.9658203125 0.0791015625 0.0673828125
1 0.98828125 0.3232421875 0.0224609375 0.1220703125
