1 0.416015625 0.41015625 0.1181640625 0.08984375
1 0.716796875 0.40234375 0.1181640625 0.1083984375
1 0.85546875 0.5302734375 0.0927734375 0.060546875
1 0.9755859375 0.3583984375 0.048828125 0.080078125
1 0.890625 0.09375 0.076171875 0.0927734375
1 0.8486328125 0.1611328125 0.1513671875 0.1240234375
1 0.5810546875 0.171875 0.11328125 0.080078125
1 0.66796875 0.2275390625 0.068359375 0.068359375
1 0.498046875 0.0654296875 0.1455078125 0.0576171875
1 0.39453125 0.0693359375 0.06640625 0.138671875
1 0.322265625 0.0390625 0.0791015625 0.0791015625
1 0.0830078125 0.3994140625 0.1025390625 0.076171875
1 0.3681640625 0.541015625 0.1064453125 0.1396484375
1 0.462890625 0.5634765625 0.1123046875 0.1083984375
1 0.4306640625 0.65625 0.15234375 0.125
1 0.7373046875 0.6865234375 0.064453125 0.0908203125
1 0.8203125 0.6923828125 0.0927734375 0.0576171875
1 0.23046875 0.654296875 0.1123046875 0.0693359375
1 0.14453125 0.689453125 0.1435546875 0.1103515625
1 0.0576171875 0.736328125 0.0830078125 0.0751953125
1 0.2392578125 0.890625 0.080078125 0.091796875
1 0.08203125 0.8544921875 0.0859375 0.072265625
1 0.474609375 0.896484375 0.20703125 0.15234375
1 0.576171875 0.9599609375 0.052734375 0.080078125
1 0.6298828125 0.9697265625 0.0498046875 0.060546875
1 0.693359375 0.9677734375 0.0673828125 0.056640625
1 0.7646484375 0.8720703125 0.0986328125 0.0771484375
1 0.6357421875 0.7705078125 0.0888671875 0.1220703125
1 0.9716796875 0.896484375 0.056640625 0.064453125
1 0.0419921875 0.931640625 0.0849609375 0.0859375
1 0.953125 0.0263671875 0.0927734375 0.052734375
1 0.4921875 0.9375 0.11328125 0.1005859375
1 0.35546875 0.732421875 0.0673828125 0.083984375
1 0.8154296875 0.94140625 0.0810546875 0.0673828125
