1 0.03125 0.03515625 0.0634765625 0.0712890625
1 0.1953125 0.0302734375 0.1171875 0.0615234375
1 0.1650390625 0.0927734375 0.111328125 0.080078125
1 0.0712890625 0.1220703125 0.0673828125 0.0908203125
1 0.302734375 0.0751953125 0.0927734375 0.1513671875
1 0.2490234375 0.2744140625 0.0830078125 0.23046875
1 0.185546875 0.7958984375 0.083984375 0.080078125
1 0.166015625 0.9453125 0.0927734375 0.08984375
1 0.38671875 0.953125 0.1123046875 0.0927734375
1 0.2578125 0.6689453125 0.0927734375 0.072265625
1 0.2109375 0.599609375 0.123046875 0.09765625
1 0.0498046875 0.599609375 0.0927734375 0.0771484375
1 0.091796875 0.470703125 0.0859375 0.0751953125
1 0.1083984375 0.380859375 0.1240234375 0.08203125
1 0.3349609375 0.4658203125 0.0849609375 0.0703125
1 0.4833984375 0.8046875 0.080078125 0.080078125
1 0.587890625 0.7333984375 0.203125 0.208984375
1 0.68359375 0.7080078125 0.0869140625 0.1025390625
1 0.619140625 0.896484375 0.0537109375 0.0517578125
1 0.5166015625 0.9482421875 0.0625 0.0556640625
1 0.603515625 0.9560546875 0.0712890625 0.083984375
1 0.6845703125 0.9443359375 0.0751953125 0.1025390625
1 0.9267578125 0.7744140625 0.0478515625 0.0654296875
1 0.90234375 0.8828125 0.068359375 0.1318359375
1 0.9736328125 0.90625 0.052734375 0.142578125
1 0.630859375 0.4013671875 0.1064453125 0.1982421875
1 0.4189453125 0.3037109375 0.0927734375 0.0625
1 0.5576171875 0.203125 0.0478515625 0.0625
1 0.5498046875 0.0859375 0.091796875 0.0595703125
1 0.8291015625 0.1484375 0.087890625 0.12109375
1 0.9697265625 0.2158203125 0.0595703125 0.1328125
1 0.9521484375 0.0400390625 0.0830078125 0.0654296875
1 0.22265625 0.423828125 0.0732421875 0.05859375
1 0.296875 0.5908203125 0.0546875 0.0693359375
