1 0.5166015625 0.654296875 0.1943359375 0.0849609375
1 0.5751953125 0.310546875 0.2021484375 0.1376953125
1 0.359375 0.1943359375 0.1298828125 0.0849609375
1 0.51953125 0.4755859375 0.185546875 0.107421875
1 0.404296875 0.40234375 0.10546875 0.08984375
1 0.2861328125 0.2890625 0.142578125 0.1142578125
1 0.421875 0.2529296875 0.115234375 0.0927734375
1 0.3330078125 0.341796875 0.107421875 0.099609375
1 0.474609375 0.1181640625 0.109375 0.1123046875
1 0.23828125 0.2509765625 0.1171875 0.1171875
1 0.609375 0.521484375 0.185546875 0.1044921875
1 0.6708984375 0.36328125 0.177734375 0.08203125
1 0.8037109375 0.2744140625 0.1650390625 0.150390625
1 0.787109375 0.35546875 0.16015625 0.0927734375
1 0.451171875 0.0400390625 0.1201171875 0.0771484375
1 0.6279296875 0.134765625 0.1318359375 0.099609375
1 0.568359375 0.11328125 0.1171875 0.107421875
1 0.6962890625 0.1943359375 0.1396484375 0.1103515625
1 0.14453125 0.19921875 0.1787109375 0.0947265625
