1 0.6416015625 0.033203125 0.115234375 0.0673828125
1 0.3642578125 0.7529296875 0.099609375 0.0771484375
1 0.1435546875 0.69921875 0.1171875 0.0751953125
1 0.6396484375 0.111328125 0.173828125 0.0615234375
1 0.490234375 0.720703125 0.1181640625 0.08203125
1 0.1962890625 0.3583984375 0.2470703125 0.087890625
1 0.21875 0.6162109375 0.1103515625 0.072265625
1 0.779296875 0.2353515625 0.16015625 0.107421875
1 0.0390625 0.185546875 0.0791015625 0.072265625
1 0.7041015625 0.1748046875 0.1748046875 0.099609375
1 0.5517578125 0.046875 0.1455078125 0.0751953125
1 0.35546875 0.16796875 0.2021484375 0.1171875
1 0.1416015625 0.814453125 0.1591796875 0.0703125
1 0.6572265625 0.7890625 0.185546875 0.0947265625
1 0.7529296875 0.5068359375 0.1474609375 0.080078125
1 0.2109375 0.11328125 0.16796875 0.123046875
1 0.708984375 0.57421875 0.1142578125 0.0546875
1 0.3369140625 0.1044921875 0.189453125 0.115234375
1 0.029296875 0.8662109375 0.0595703125 0.0625
1 0.140625 0.0595703125 0.1123046875 0.095703125
1 0.244140625 0.8095703125 0.08984375 0.0546875
1 0.1982421875 0.9052734375 0.142578125 0.0927734375
1 0.64453125 0.0634765625 0.1435546875 0.0712890625
1 0.6298828125 0.3515625 0.169921875 0.1103515625
1 0.66796875 0.6484375 0.1591796875 0.0732421875
1 0.7314453125 0.3642578125 0.1396484375 0.0654296875
1 0.60546875 0.9404296875 0.107421875 0.0595703125
1 0.7958984375 0.080078125 0.162109375 0.0673828125
1 0.0791015625 0.03515625 0.0947265625 0.0673828125
1 0.0703125 0.2109375 0.1220703125 0.09765625
1 0.1015625 0.8974609375 0.123046875 0.1005859375
1 0.802734375 0.0390625 0.1875 0.078125
1 0.9365234375 0.396484375 0.1259765625 0.0703125
1 0.76953125 0.6513671875 0.1181640625 0.0673828125
1 0.5205078125 0.5556640625 0.140625 0.056640625
1 0.658203125 0.7080078125 0.150390625 0.091796875
1 0.578125 0.5791015625 0.1552734375 0.0712890625
