1 0.712890625 0.3349609375 0.09375 0.0625
1 0.080078125 0.7001953125 0.1123046875 0.048828125
1 0.0498046875 0.7626953125 0.099609375 0.0654296875
1 0.8525390625 0.208984375 0.0693359375 0.056640625
1 0.8447265625 0.306640625 0.0771484375 0.0517578125
1 0.095703125 0.333984375 0.130859375 0.0537109375
1 0.947265625 0.6611328125 0.1044921875 0.0810546875
1 0.974609375 0.2001953125 0.05078125 0.0537109375
1 0.5283203125 0.03515625 0.0693359375 0.046875
1 0.63671875 0.541015625 0.10546875 0.0751953125
1 0.8388671875 0.8232421875 0.1162109375 0.0634765625
1 0.041015625 0.5439453125 0.0810546875 0.0595703125
1 0.2880859375 0.10546875 0.1064453125 0.1201171875
1 0.703125 0.203125 0.0849609375 0.0546875
1 0.076171875 0.0322265625 0.0966796875 0.0625
1 0.306640625 0.287109375 0.1064453125 0.0673828125
1 0.45703125 0.1298828125 0.0791015625 0.04296875
1 0.8974609375 0.9599609375 0.0810546875 0.0478515625
1 0.4794921875 0.294921875 0.095703125 0.05859375
1 0.1591796875 0.435546875 0.12109375 0.05078125
1 0.1181640625 0.134765625 0.08984375 0.0498046875
1 0.7451171875 0.193359375 0.1044921875 0.0615234375
1 0.337890625 0.6484375 0.1318359375 0.0458984375
1 0.73828125 0.8974609375 0.1181640625 0.052734375
1 0.7763671875 0.869140625 0.10546875 0.0517578125
1 0.181640625 0.5712890625 0.10546875 0.052734375
1 0.216796875 0.986328125 0.125 0.02734375
1 0.033203125 0.3935546875 0.0634765625 0.0498046875
1 0.923828125 0.75390625 0.099609375 0.0498046875
1 0.9482421875 0.884765625 0.103515625 0.0595703125
1 0.2890625 0.0126953125 0.0966796875 0.0263671875
1 0.5966796875 0.623046875 0.111328125 0.0712890625
1 0.73828125 0.7001953125 0.080078125 0.0458984375
1 0.8359375 0.984375 0.076171875 0.0302734375
1 0.2060546875 0.6142578125 0.1279296875 0.087890625
1 0.04296875 0.630859375 0.0869140625 0.0419921875
1 0.4970703125 0.875 0.080078125 0.046875
1 0.216796875 0.724609375 0.107421875 0.04296875
1 0.080078125 0.8388671875 0.078125 0.0341796875
1 0.3974609375 0.9248046875 0.1220703125 0.0517578125
1 0.5244140625 0.3583984375 0.13671875 0.052734375
1 0.3515625 0.72265625 0.12109375 0.048828125
1 0.80078125 0.380859375 0.0595703125 0.029296875
1 0.4501953125 0.9853515625 0.0673828125 0.0283203125
1 0.7451171875 0.9794921875 0.1103515625 0.0400390625
1 0.1796875 0.3916015625 0.0576171875 0.0458984375
1 0.8193359375 0.0390625 0.08984375 0.0478515625
1 0.9912109375 0.8037109375 0.017578125 0.0361328125
1 0.4384765625 0.837890625 0.1328125 0.0478515625
1 0.232421875 0.26171875 0.0908203125 0.0478515625
1 0.2333984375 0.4775390625 0.083984375 0.0419921875
1 0.4501953125 0.37890625 0.0654296875 0.04296875
1 0.7939453125 0.330078125 0.09765625 0.0439453125
1 0.8935546875 0.8935546875 0.138671875 0.1025390625
1 0.328125 0.8818359375 0.1064453125 0.052734375
1 0.5 0.654296875 0.0791015625 0.0498046875
1 0.47265625 0.9365234375 0.0712890625 0.0283203125
1 0.1650390625 0.92578125 0.123046875 0.06640625
1 0.658203125 0.7158203125 0.052734375 0.02734375
1 0.7861328125 0.4130859375 0.0302734375 0.0546875
1 0.642578125 0.9619140625 0.130859375 0.0458984375
1 0.5693359375 0.65625 0.1005859375 0.046875
1 0.6064453125 0.3466796875 0.044921875 0.0673828125
1 0.1201171875 0.8935546875 0.0771484375 0.03515625
1 0.14453125 0.943359375 0.0810546875 0.0478515625
1 0.107421875 0.875 0.1025390625 0.046875
1 0.556640625 0.763671875 0.1044921875 0.0546875
1 0.8388671875 0.6396484375 0.0673828125 0.04296875
1 0.7724609375 0.740234375 0.103515625 0.0517578125
1 0.40625 0.7158203125 0.083984375 0.0390625
1 0.6474609375 0.748046875 0.0498046875 0.0361328125
1 0.0224609375 0.775390625 0.044921875 0.0390625
1 0.017578125 0.259765625 0.0361328125 0.060546875
1 0.1259765625 0.05859375 0.142578125 0.0400390625
1 0.5 0.28125 0.080078125 0.0517578125
1 0.642578125 0.162109375 0.0771484375 0.05078125
