1 0.5283203125 0.2099609375 0.0712890625 0.080078125
1 0.419921875 0.1328125 0.068359375 0.095703125
1 0.5126953125 0.451171875 0.052734375 0.091796875
1 0.1357421875 0.525390625 0.0966796875 0.1201171875
1 0.181640625 0.267578125 0.12109375 0.078125
1 0.2109375 0.548828125 0.0615234375 0.103515625
1 0.666015625 0.3583984375 0.056640625 0.0810546875
1 0.2412109375 0.3779296875 0.083984375 0.0546875
1 0.0859375 0.8994140625 0.072265625 0.087890625
1 0.6484375 0.2333984375 0.087890625 0.1005859375
1 0.154296875 0.37109375 0.0732421875 0.0751953125
1 0.9423828125 0.123046875 0.0546875 0.0908203125
1 0.443359375 0.6767578125 0.060546875 0.103515625
1 0.3623046875 0.748046875 0.0947265625 0.0546875
1 0.623046875 0.69140625 0.0751953125 0.08203125
1 0.27734375 0.55859375 0.056640625 0.15234375
1 0.0478515625 0.580078125 0.091796875 0.15625
1 0.083984375 0.802734375 0.0947265625 0.0849609375
1 0.5517578125 0.876953125 0.140625 0.05859375
1 0.4384765625 0.9072265625 0.09765625 0.0537109375
1 0.650390625 0.744140625 0.0888671875 0.0458984375
1 0.2626953125 0.158203125 0.09765625 0.0380859375
1 0.6162109375 0.953125 0.1328125 0.0458984375
1 0.373046875 0.34375 0.064453125 0.0947265625
1 0.5556640625 0.0322265625 0.06640625 0.064453125
1 0.84375 0.5625 0.123046875 0.095703125
1 0.2646484375 0.22265625 0.037109375 0.1240234375
1 0.388671875 0.2333984375 0.0693359375 0.134765625
1 0.7587890625 0.111328125 0.0556640625 0.1123046875
1 0.1591796875 0.5048828125 0.0634765625 0.109375
1 0.9169921875 0.2080078125 0.0634765625 0.0732421875
1 0.7568359375 0.9638671875 0.0302734375 0.072265625
1 0.6015625 0.611328125 0.0478515625 0.07421875
1 0.4638671875 0.3564453125 0.076171875 0.1005859375
1 0.7119140625 0.31640625 0.05859375 0.0830078125
1 0.0537109375 0.2236328125 0.09765625 0.08203125
1 0.45703125 0.4814453125 0.0439453125 0.1494140625
1 0.1650390625 0.3037109375 0.0576171875 0.05078125
1 0.880859375 0.9658203125 0.029296875 0.068359375
1 0.908203125 0.0263671875 0.03125 0.0537109375
1 0.77734375 0.390625 0.025390625 0.0732421875
1 0.3857421875 0.025390625 0.0322265625 0.05078125
1 0.109375 0.982421875 0.048828125 0.0341796875
1 0.775390625 0.2880859375 0.068359375 0.126953125
1 0.8935546875 0.7607421875 0.041015625 0.0654296875
1 0.732421875 0.681640625 0.080078125 0.04296875
1 0.5244140625 0.9638671875 0.04296875 0.068359375
1 0.173828125 0.2197265625 0.076171875 0.0869140625
1 0.4853515625 0.6123046875 0.123046875 0.0693359375
1 0.0185546875 0.87890625 0.037109375 0.060546875
1 0.8603515625 0.880859375 0.083984375 0.0439453125
1 0.2060546875 0.068359375 0.0771484375 0.03515625
1 0.9091796875 0.376953125 0.046875 0.037109375
1 0.67578125 0.1962890625 0.1396484375 0.095703125
1 0.814453125 0.9150390625 0.0654296875 0.0693359375
1 0.2939453125 0.68359375 0.0732421875 0.064453125
1 0.375 0.94921875 0.1396484375 0.041015625
1 0.5625 0.4658203125 0.10546875 0.1064453125
1 0.7431640625 0.865234375 0.0302734375 0.0703125
1 0.8681640625 0.185546875 0.0458984375 0.052734375
1 0.46875 0.818359375 0.091796875 0.0859375
1 0.283203125 0.94140625 0.083984375 0.0458984375
1 0.412109375 0.421875 0.0595703125 0.0693359375
