1 0.5859375 0.0478515625 0.0771484375 0.095703125
1 0.302734375 0.064453125 0.083984375 0.091796875
1 0.943359375 0.3603515625 0.072265625 0.0830078125
1 0.7783203125 0.32421875 0.0849609375 0.11328125
1 0.037109375 0.2236328125 0.07421875 0.0791015625
1 0.0087890625 0.6220703125 0.0185546875 0.0771484375
1 0.55859375 0.1669921875 0.0732421875 0.0791015625
1 0.6171875 0.796875 0.0732421875 0.0712890625
1 0.837890625 0.3447265625 0.0478515625 0.07421875
1 0.171875 0.4931640625 0.087890625 0.083984375
1 0.6640625 0.1875 0.076171875 0.1298828125
1 0.2734375 0.759765625 0.1162109375 0.08203125
1 0.501953125 0.265625 0.103515625 0.1064453125
1 0.0732421875 0.0224609375 0.052734375 0.0458984375
1 0.060546875 0.9091796875 0.076171875 0.0673828125
1 0.138671875 0.828125 0.107421875 0.0654296875
1 0.029296875 0.5634765625 0.05859375 0.06640625
1 0.6044921875 0.9052734375 0.076171875 0.0791015625
1 0.640625 0.751953125 0.0849609375 0.0810546875
1 0.0927734375 0.1298828125 0.0888671875 0.0908203125
1 0.1396484375 0.12109375 0.0712890625 0.0595703125
1 0.12890625 0.3330078125 0.1015625 0.0712890625
1 0.595703125 0.97265625 0.0830078125 0.0537109375
1 0.2236328125 0.40625 0.099609375 0.056640625
1 0.3935546875 0.07421875 0.048828125 0.07421875
1 0.8994140625 0.5830078125 0.0400390625 0.0888671875
1 0.703125 0.3828125 0.0771484375 0.0791015625
1 0.4091796875 0.7958984375 0.072265625 0.06640625
1 0.96875 0.3330078125 0.05859375 0.0634765625
1 0.5068359375 0.63671875 0.0478515625 0.0859375
1 0.0244140625 0.5322265625 0.048828125 0.033203125
1 0.0615234375 0.0400390625 0.1123046875 0.078125
1 0.0712890625 0.990234375 0.072265625 0.01953125
1 0.34375 0.3720703125 0.06640625 0.0361328125
1 0.3583984375 0.169921875 0.0302734375 0.0732421875
1 0.3359375 0.2607421875 0.1123046875 0.0546875
1 0.1826171875 0.7802734375 0.05859375 0.060546875
1 0.466796875 0.54296875 0.0400390625 0.0693359375
1 0.8984375 0.8330078125 0.0751953125 0.0498046875
1 0.884765625 0.0517578125 0.0302734375 0.07421875
1 0.7763671875 0.7880859375 0.048828125 0.0546875
1 0.7138671875 0.125 0.048828125 0.1015625
1 0.0986328125 0.740234375 0.08203125 0.1083984375
1 0.4970703125 0.9345703125 0.08984375 0.0546875
1 0.931640625 0.728515625 0.05078125 0.080078125
1 0.2705078125 0.9208984375 0.115234375 0.06640625
1 0.5849609375 0.90234375 0.0595703125 0.0732421875
1 0.43359375 0.1806640625 0.0400390625 0.072265625
1 0.578125 0.6708984375 0.0576171875 0.052734375
1 0.275390625 0.9677734375 0.0478515625 0.0634765625
1 0.9501953125 0.7568359375 0.0283203125 0.0693359375
1 0.349609375 0.4677734375 0.0390625 0.0546875
1 0.4375 0.9404296875 0.072265625 0.07421875
1 0.5595703125 0.7216796875 0.0595703125 0.0224609375
1 0.6259765625 0.0126953125 0.0361328125 0.0263671875
1 0.8955078125 0.9755859375 0.029296875 0.048828125
1 0.2607421875 0.673828125 0.08984375 0.0615234375
1 0.4091796875 0.8837890625 0.111328125 0.0517578125
1 0.7294921875 0.900390625 0.1220703125 0.0634765625
1 0.94140625 0.9716796875 0.0517578125 0.0302734375
1 0.908203125 0.0224609375 0.0234375 0.0458984375
1 0.75673828125 0.4931640625 0.09062500000000007 0.05810546875
1 0.5439453125 0.5673828125 0.0361328125 0.05078125
1 0.654296875 0.4697265625 0.0634765625 0.025390625
1 0.69140625 0.513671875 0.08203125 0.103515625
1 0.580078125 0.43359375 0.0849609375 0.0859375
1 0.390625 0.1689453125 0.109375 0.04296875
1 0.4921875 0.1416015625 0.072265625 0.0634765625
1 0.037109375 0.3828125 0.07421875 0.07421875
1 0.4091796875 0.33984375 0.044921875 0.0341796875
