1 0.5712890625 0.36328125 0.083984375 0.0908203125
1 0.57421875 0.9423828125 0.083984375 0.07421875
1 0.380859375 0.0302734375 0.05859375 0.060546875
1 0.44140625 0.0361328125 0.07421875 0.072265625
1 0.970703125 0.5087890625 0.0576171875 0.11328125
1 0.70703125 0.4169921875 0.083984375 0.0537109375
1 0.0185546875 0.0556640625 0.037109375 0.0615234375
1 0.4453125 0.630859375 0.046875 0.0546875
1 0.5185546875 0.458984375 0.09765625 0.0908203125
1 0.5712890625 0.033203125 0.05078125 0.0673828125
1 0.5693359375 0.20703125 0.07421875 0.1533203125
1 0.4912109375 0.697265625 0.05859375 0.0556640625
1 0.4130859375 0.96875 0.083984375 0.0625
1 0.4189453125 0.5283203125 0.064453125 0.0595703125
1 0.5595703125 0.8544921875 0.0576171875 0.078125
1 0.462890625 0.1513671875 0.072265625 0.0732421875
1 0.5078125 0.2421875 0.0654296875 0.103515625
1 0.3486328125 0.0751953125 0.0859375 0.0546875
1 0.08203125 0.0263671875 0.07421875 0.052734375
1 0.2216796875 0.056640625 0.1123046875 0.072265625
1 0.720703125 0.6455078125 0.09375 0.09375
1 0.642578125 0.236328125 0.0537109375 0.05078125
1 0.646484375 0.66796875 0.0966796875 0.107421875
1 0.60546875 0.8408203125 0.0546875 0.0673828125
1 0.05859375 0.22265625 0.0634765625 0.0654296875
1 0.8701171875 0.037109375 0.1455078125 0.0751953125
1 0.03515625 0.7890625 0.0703125 0.083984375
1 0.2333984375 0.9814453125 0.1005859375 0.037109375
1 0.6875 0.1337890625 0.0947265625 0.13671875
1 0.0263671875 0.4873046875 0.052734375 0.0986328125
1 0.609375 0.5 0.0595703125 0.0703125
1 0.474609375 0.3056640625 0.0732421875 0.0478515625
1 0.6640625 0.041015625 0.0625 0.0576171875
1 0.482421875 0.548828125 0.0400390625 0.041015625
1 0.486328125 0.7978515625 0.037109375 0.0439453125
