1 0.2001953125 0.3017578125 0.08203125 0.07421875
1 0.041015625 0.36328125 0.0595703125 0.0693359375
1 0.015625 0.2841796875 0.03125 0.0791015625
1 0.0419921875 0.232421875 0.0654296875 0.05078125
1 0.0361328125 0.1318359375 0.072265625 0.0634765625
1 0.1533203125 0.0634765625 0.076171875 0.080078125
1 0.22265625 0.0478515625 0.0615234375 0.087890625
1 0.3349609375 0.056640625 0.078125 0.0625
1 0.2548828125 0.197265625 0.095703125 0.09765625
1 0.845703125 0.07421875 0.0751953125 0.064453125
1 0.96875 0.1298828125 0.0615234375 0.076171875
1 0.724609375 0.1455078125 0.0576171875 0.060546875
1 0.83984375 0.31640625 0.1201171875 0.103515625
1 0.8798828125 0.4013671875 0.06640625 0.0654296875
1 0.9296875 0.43359375 0.0888671875 0.0712890625
1 0.8095703125 0.509765625 0.064453125 0.0634765625
1 0.63671875 0.4619140625 0.0615234375 0.068359375
1 0.587890625 0.4873046875 0.0478515625 0.0654296875
1 0.7890625 0.59765625 0.11328125 0.07421875
1 0.5859375 0.6591796875 0.091796875 0.0595703125
1 0.322265625 0.50390625 0.1259765625 0.09375
1 0.1552734375 0.4169921875 0.0654296875 0.09765625
1 0.0234375 0.5224609375 0.0478515625 0.0986328125
1 0.1669921875 0.8115234375 0.123046875 0.119140625
1 0.0390625 0.91015625 0.0771484375 0.0849609375
1 0.3076171875 0.9072265625 0.1220703125 0.0986328125
1 0.2392578125 0.921875 0.076171875 0.0869140625
1 0.3115234375 0.9765625 0.091796875 0.046875
1 0.400390625 0.966796875 0.0732421875 0.056640625
1 0.48046875 0.974609375 0.0869140625 0.044921875
1 0.6357421875 0.962890625 0.0771484375 0.0732421875
1 0.736328125 0.859375 0.1171875 0.08203125
1 0.6982421875 0.9150390625 0.0673828125 0.0712890625
1 0.779296875 0.96875 0.0986328125 0.0625
1 0.2451171875 0.576171875 0.0712890625 0.0654296875
1 0.0947265625 0.5576171875 0.0869140625 0.064453125
1 0.732421875 0.595703125 0.064453125 0.0517578125
1 0.8701171875 0.607421875 0.134765625 0.0732421875
1 0.4775390625 0.7099609375 0.0517578125 0.0283203125
1 0.0341796875 0.6826171875 0.0634765625 0.0498046875
1 0.1435546875 0.880859375 0.103515625 0.064453125
