1 0.8037109375 0.5859375 0.0908203125 0.091796875
1 0.9599609375 0.5546875 0.0791015625 0.0732421875
1 0.6826171875 0.673828125 0.103515625 0.10546875
1 0.57421875 0.5927734375 0.1337890625 0.107421875
1 0.537109375 0.34765625 0.068359375 0.0732421875
1 0.763671875 0.2783203125 0.1396484375 0.0859375
1 0.876953125 0.17578125 0.1337890625 0.0966796875
1 0.4208984375 0.15234375 0.18359375 0.12109375
1 0.359375 0.373046875 0.1015625 0.091796875
1 0.3759765625 0.5615234375 0.1064453125 0.076171875
1 0.4228515625 0.6982421875 0.1123046875 0.095703125
1 0.162109375 0.5712890625 0.1044921875 0.11328125
1 0.03515625 0.3037109375 0.0703125 0.09765625
1 0.0390625 0.96875 0.0791015625 0.0615234375
1 0.009765625 0.2177734375 0.01953125 0.078125
1 0.0908203125 0.7998046875 0.0908203125 0.083984375
1 0.208984375 0.9482421875 0.0986328125 0.0966796875
1 0.5166015625 0.93359375 0.0849609375 0.0927734375
1 0.533203125 0.869140625 0.0556640625 0.080078125
1 0.64453125 0.9453125 0.111328125 0.087890625
1 0.7275390625 0.97265625 0.0634765625 0.041015625
1 0.82421875 0.8466796875 0.048828125 0.0517578125
1 0.2607421875 0.80859375 0.0458984375 0.0546875
1 0.3837890625 0.77734375 0.05078125 0.0498046875
1 0.615234375 0.73828125 0.0498046875 0.0546875
1 0.576171875 0.4638671875 0.1005859375 0.0439453125
1 0.5869140625 0.359375 0.0615234375 0.0830078125
1 0.2861328125 0.2451171875 0.103515625 0.0830078125
1 0.5185546875 0.41796875 0.0634765625 0.0771484375
1 0.796875 0.400390625 0.09765625 0.05859375
1 0.8134765625 0.4453125 0.07421875 0.0556640625
1 0.7958984375 0.50390625 0.0732421875 0.0537109375
1 0.2109375 0.037109375 0.1484375 0.0751953125
1 0.5185546875 0.0966796875 0.1005859375 0.0849609375
1 0.5283203125 0.0244140625 0.0908203125 0.0498046875
1 0.7265625 0.0673828125 0.1279296875 0.076171875
1 0.6708984375 0.0185546875 0.1416015625 0.037109375
1 0.9638671875 0.0595703125 0.0712890625 0.083984375
1 0.97265625 0.3046875 0.0546875 0.072265625
1 0.9873046875 0.4521484375 0.025390625 0.0634765625
1 0.947265625 0.791015625 0.076171875 0.095703125
1 0.9248046875 0.8935546875 0.0712890625 0.0966796875
1 0.431640625 0.390625 0.046875 0.0400390625
