1 0.0947265625 0.1845703125 0.123046875 0.1298828125
1 0.0498046875 0.2412109375 0.0595703125 0.087890625
1 0.0654296875 0.431640625 0.103515625 0.091796875
1 0.1787109375 0.3642578125 0.197265625 0.0810546875
1 0.306640625 0.267578125 0.0732421875 0.095703125
1 0.205078125 0.1708984375 0.109375 0.064453125
1 0.287109375 0.087890625 0.1396484375 0.0751953125
1 0.44921875 0.09765625 0.087890625 0.0498046875
1 0.1708984375 0.0537109375 0.07421875 0.0654296875
1 0.0849609375 0.029296875 0.0634765625 0.05859375
1 0.564453125 0.0986328125 0.0810546875 0.0693359375
1 0.5322265625 0.1650390625 0.1259765625 0.068359375
1 0.662109375 0.1650390625 0.060546875 0.0634765625
1 0.70703125 0.10546875 0.07421875 0.1611328125
1 0.84375 0.1708984375 0.0673828125 0.048828125
1 0.6015625 0.240234375 0.115234375 0.0595703125
1 0.6796875 0.30859375 0.107421875 0.0712890625
1 0.6396484375 0.40234375 0.140625 0.1044921875
1 0.4970703125 0.4970703125 0.08984375 0.0703125
1 0.3818359375 0.47265625 0.080078125 0.1279296875
1 0.9423828125 0.0869140625 0.1142578125 0.056640625
1 0.8623046875 0.2470703125 0.056640625 0.0634765625
1 0.83203125 0.5654296875 0.1240234375 0.0859375
1 0.7021484375 0.5400390625 0.115234375 0.052734375
1 0.7255859375 0.6572265625 0.07421875 0.109375
1 0.779296875 0.650390625 0.0595703125 0.12109375
1 0.8984375 0.6953125 0.0546875 0.0908203125
1 0.9501953125 0.751953125 0.099609375 0.0986328125
1 0.646484375 0.705078125 0.1015625 0.0693359375
1 0.5302734375 0.7939453125 0.0703125 0.1396484375
1 0.681640625 0.814453125 0.111328125 0.12109375
1 0.8115234375 0.822265625 0.1416015625 0.119140625
1 0.7333984375 0.921875 0.0869140625 0.1064453125
1 0.4404296875 0.7587890625 0.06640625 0.1181640625
1 0.3720703125 0.66796875 0.087890625 0.064453125
1 0.2900390625 0.689453125 0.0654296875 0.064453125
1 0.3251953125 0.85546875 0.05859375 0.1240234375
1 0.41796875 0.880859375 0.0869140625 0.12890625
1 0.380859375 0.9677734375 0.0859375 0.0634765625
1 0.2685546875 0.8896484375 0.126953125 0.1591796875
1 0.1982421875 0.6552734375 0.0556640625 0.083984375
1 0.197265625 0.5546875 0.07421875 0.05859375
1 0.033203125 0.580078125 0.06640625 0.1240234375
1 0.0224609375 0.7333984375 0.0458984375 0.064453125
1 0.0703125 0.9443359375 0.0986328125 0.1103515625
1 0.8408203125 0.462890625 0.0625 0.0595703125
