1 0.3408203125 0.22265625 0.14453125 0.095703125
1 0.22265625 0.23828125 0.123046875 0.095703125
1 0.6552734375 0.05078125 0.080078125 0.0771484375
1 0.7509765625 0.0576171875 0.0732421875 0.0908203125
1 0.900390625 0.1328125 0.060546875 0.0908203125
1 0.9755859375 0.0947265625 0.048828125 0.08984375
1 0.7646484375 0.5029296875 0.0615234375 0.0732421875
1 0.673828125 0.52734375 0.0654296875 0.0712890625
1 0.55078125 0.5302734375 0.125 0.103515625
1 0.6494140625 0.6259765625 0.162109375 0.0771484375
1 0.796875 0.5869140625 0.0771484375 0.08984375
1 0.4130859375 0.61328125 0.076171875 0.0751953125
1 0.322265625 0.6494140625 0.0693359375 0.068359375
1 0.162109375 0.6396484375 0.09765625 0.0771484375
1 0.048828125 0.7060546875 0.09765625 0.0712890625
1 0.099609375 0.8056640625 0.119140625 0.111328125
1 0.55078125 0.7763671875 0.09765625 0.068359375
1 0.37890625 0.7470703125 0.0869140625 0.0576171875
1 0.720703125 0.78125 0.099609375 0.0771484375
1 0.8603515625 0.73828125 0.1044921875 0.0791015625
1 0.5859375 0.8828125 0.095703125 0.0673828125
1 0.498046875 0.9326171875 0.0712890625 0.1025390625
1 0.2412109375 0.9736328125 0.0927734375 0.052734375
1 0.658203125 0.974609375 0.08984375 0.05078125
1 0.91796875 0.9609375 0.140625 0.0771484375
1 0.9755859375 0.8291015625 0.048828125 0.0859375
1 0.1875 0.728515625 0.0498046875 0.0556640625
1 0.13671875 0.33203125 0.0751953125 0.119140625
1 0.0517578125 0.328125 0.103515625 0.1103515625
1 0.0205078125 0.826171875 0.0419921875 0.10546875
1 0.58203125 0.1171875 0.099609375 0.1513671875
