1 0.4697265625 0.5625 0.0849609375 0.09375
1 0.6298828125 0.4677734375 0.126953125 0.189453125
1 0.677734375 0.5146484375 0.06640625 0.0888671875
1 0.7109375 0.470703125 0.056640625 0.0859375
1 0.8115234375 0.4697265625 0.103515625 0.1572265625
1 0.7880859375 0.33203125 0.068359375 0.107421875
1 0.9453125 0.5390625 0.09375 0.0908203125
1 0.9658203125 0.4599609375 0.068359375 0.1025390625
1 0.7197265625 0.119140625 0.1044921875 0.2001953125
1 0.330078125 0.4326171875 0.06640625 0.1103515625
1 0.5068359375 0.251953125 0.05859375 0.23046875
1 0.5283203125 0.2568359375 0.15625 0.1533203125
1 0.3447265625 0.177734375 0.1064453125 0.166015625
1 0.412109375 0.259765625 0.1220703125 0.189453125
1 0.337890625 0.1318359375 0.18359375 0.2158203125
1 0.2021484375 0.3154296875 0.150390625 0.16796875
1 0.287109375 0.3515625 0.0625 0.1806640625
1 0.2373046875 0.2197265625 0.0849609375 0.2314453125
1 0.1748046875 0.125 0.11328125 0.201171875
1 0.0283203125 0.265625 0.0576171875 0.3857421875
1 0.064453125 0.392578125 0.078125 0.2490234375
1 0.0341796875 0.0322265625 0.068359375 0.0654296875
1 0.921875 0.908203125 0.0791015625 0.1083984375
1 0.796875 0.0283203125 0.12109375 0.056640625
1 0.130859375 0.052734375 0.099609375 0.10546875
1 0.96875 0.8916015625 0.060546875 0.216796875
1 0.93359375 0.0185546875 0.1328125 0.037109375
1 0.3623046875 0.2373046875 0.0927734375 0.1064453125
1 0.923828125 0.9833984375 0.07421875 0.033203125
1 0.017578125 0.9599609375 0.03515625 0.0791015625
1 0.0205078125 0.7333984375 0.0419921875 0.0830078125
1 0.021484375 0.4599609375 0.0439453125 0.1064453125
1 0.26953125 0.1591796875 0.0625 0.0791015625
1 0.16796875 0.0302734375 0.05078125 0.0615234375
