1 0.0126953125 0.572265625 0.025390625 0.111328125
1 0.0537109375 0.4521484375 0.1083984375 0.091796875
1 0.0390625 0.3134765625 0.0791015625 0.1455078125
1 0.75 0.154296875 0.07421875 0.087890625
1 0.853515625 0.2724609375 0.0810546875 0.0859375
1 0.8701171875 0.4326171875 0.185546875 0.177734375
1 0.5771484375 0.4189453125 0.0771484375 0.107421875
1 0.6025390625 0.7158203125 0.11328125 0.1318359375
1 0.482421875 0.32421875 0.1015625 0.15234375
1 0.255859375 0.5078125 0.0810546875 0.1064453125
1 0.08984375 0.9521484375 0.087890625 0.095703125
1 0.3583984375 0.9111328125 0.1005859375 0.0966796875
1 0.4697265625 0.98828125 0.0888671875 0.0224609375
1 0.8359375 0.8818359375 0.107421875 0.1181640625
1 0.0166015625 0.7900390625 0.033203125 0.1044921875
1 0.10546875 0.837890625 0.0595703125 0.0615234375
1 0.0712890625 0.77734375 0.068359375 0.05859375
1 0.560546875 0.9755859375 0.083984375 0.0478515625
1 0.416015625 0.591796875 0.1142578125 0.1337890625
1 0.3544921875 0.4658203125 0.068359375 0.08203125
1 0.33984375 0.275390625 0.0712890625 0.0625
1 0.2705078125 0.2373046875 0.0888671875 0.1708984375
1 0.111328125 0.2587890625 0.0458984375 0.0595703125
1 0.1533203125 0.265625 0.056640625 0.048828125
1 0.95703125 0.0283203125 0.0712890625 0.056640625
1 0.9814453125 0.2841796875 0.0361328125 0.1181640625
1 0.8759765625 0.59765625 0.078125 0.0810546875
1 0.310546875 0.7294921875 0.1015625 0.068359375
1 0.4306640625 0.8232421875 0.0888671875 0.091796875
1 0.3779296875 0.08203125 0.0498046875 0.07421875
1 0.6298828125 0.4423828125 0.08203125 0.134765625
1 0.669921875 0.3037109375 0.080078125 0.060546875
