1 0.8359375 0.828125 0.103515625 0.0771484375
1 0.7021484375 0.8798828125 0.06640625 0.06640625
1 0.607421875 0.9677734375 0.076171875 0.0634765625
1 0.529296875 0.8515625 0.0625 0.0625
1 0.6845703125 0.765625 0.0625 0.0576171875
1 0.4267578125 0.7998046875 0.0625 0.05859375
1 0.48046875 0.771484375 0.056640625 0.078125
1 0.2998046875 0.93359375 0.087890625 0.1328125
1 0.1748046875 0.8486328125 0.0654296875 0.0625
1 0.146484375 0.794921875 0.0830078125 0.0732421875
1 0.0283203125 0.806640625 0.056640625 0.0751953125
1 0.0830078125 0.697265625 0.076171875 0.08984375
1 0.291015625 0.7265625 0.0732421875 0.0654296875
1 0.25390625 0.7802734375 0.0595703125 0.0546875
1 0.373046875 0.70703125 0.064453125 0.0751953125
1 0.0322265625 0.5771484375 0.0654296875 0.08984375
1 0.171875 0.568359375 0.0751953125 0.1416015625
1 0.2958984375 0.50390625 0.1005859375 0.0751953125
1 0.4775390625 0.6484375 0.0673828125 0.08984375
1 0.53125 0.5947265625 0.0595703125 0.1201171875
1 0.6513671875 0.6982421875 0.078125 0.0751953125
1 0.8505859375 0.6220703125 0.125 0.083984375
1 0.9169921875 0.7373046875 0.1337890625 0.0595703125
1 0.9697265625 0.6748046875 0.05078125 0.078125
1 0.7626953125 0.4296875 0.0478515625 0.0693359375
1 0.8837890625 0.4384765625 0.0771484375 0.076171875
1 0.5400390625 0.4912109375 0.072265625 0.0478515625
1 0.8046875 0.3603515625 0.095703125 0.048828125
1 0.861328125 0.2724609375 0.0634765625 0.08984375
1 0.6669921875 0.3154296875 0.072265625 0.060546875
1 0.6201171875 0.275390625 0.0703125 0.0546875
1 0.650390625 0.3857421875 0.0556640625 0.0546875
1 0.5 0.3544921875 0.0634765625 0.0546875
1 0.392578125 0.3310546875 0.0693359375 0.064453125
1 0.6767578125 0.2080078125 0.068359375 0.06640625
1 0.734375 0.1376953125 0.0751953125 0.0693359375
1 0.8427734375 0.12109375 0.0546875 0.0771484375
1 0.953125 0.1953125 0.0751953125 0.07421875
1 0.970703125 0.2548828125 0.05859375 0.060546875
1 0.943359375 0.109375 0.080078125 0.12109375
1 0.50390625 0.2001953125 0.0625 0.0634765625
1 0.427734375 0.177734375 0.060546875 0.072265625
1 0.2255859375 0.2080078125 0.083984375 0.1162109375
1 0.4833984375 0.0361328125 0.0732421875 0.068359375
1 0.1142578125 0.2099609375 0.0654296875 0.0869140625
1 0.0302734375 0.248046875 0.060546875 0.06640625
1 0.02734375 0.1787109375 0.0556640625 0.06640625
1 0.0234375 0.3642578125 0.0478515625 0.0546875
1 0.1298828125 0.427734375 0.0654296875 0.0546875
1 0.1142578125 0.048828125 0.1337890625 0.091796875
1 0.0888671875 0.9072265625 0.052734375 0.0576171875
1 0.955078125 0.0390625 0.0712890625 0.078125
1 0.2978515625 0.111328125 0.0654296875 0.0693359375
1 0.1328125 0.3203125 0.078125 0.0634765625
1 0.4736328125 0.8818359375 0.0517578125 0.0634765625
1 0.9833984375 0.9013671875 0.033203125 0.1455078125
1 0.7685546875 0.486328125 0.0517578125 0.05078125
