1 0.0390625 0.0712890625 0.0791015625 0.0703125
1 0.19921875 0.1015625 0.0673828125 0.048828125
1 0.2734375 0.03515625 0.0498046875 0.0517578125
1 0.349609375 0.048828125 0.056640625 0.0751953125
1 0.4462890625 0.080078125 0.0556640625 0.0771484375
1 0.404296875 0.1171875 0.0439453125 0.0693359375
1 0.5703125 0.0927734375 0.10546875 0.103515625
1 0.2109375 0.265625 0.0634765625 0.0654296875
1 0.37109375 0.3291015625 0.1259765625 0.1005859375
1 0.25 0.3955078125 0.0947265625 0.111328125
1 0.3076171875 0.43359375 0.06640625 0.0986328125
1 0.1396484375 0.3876953125 0.09765625 0.056640625
1 0.0263671875 0.39453125 0.0537109375 0.06640625
1 0.0634765625 0.455078125 0.060546875 0.0751953125
1 0.1669921875 0.509765625 0.0966796875 0.0556640625
1 0.0546875 0.6015625 0.0654296875 0.0693359375
1 0.03125 0.69140625 0.0576171875 0.0712890625
1 0.2890625 0.599609375 0.078125 0.0576171875
1 0.2216796875 0.6611328125 0.07421875 0.0771484375
1 0.3994140625 0.6103515625 0.0693359375 0.0634765625
1 0.328125 0.6572265625 0.052734375 0.0546875
1 0.484375 0.6689453125 0.0537109375 0.0546875
1 0.3818359375 0.70703125 0.0810546875 0.080078125
1 0.2021484375 0.7822265625 0.06640625 0.0966796875
1 0.32421875 0.8388671875 0.12109375 0.1201171875
1 0.5546875 0.4931640625 0.0927734375 0.091796875
1 0.7431640625 0.4580078125 0.0859375 0.0869140625
1 0.8115234375 0.517578125 0.05859375 0.0615234375
1 0.7001953125 0.5537109375 0.0625 0.0458984375
1 0.7158203125 0.6142578125 0.060546875 0.0693359375
1 0.6494140625 0.4755859375 0.078125 0.048828125
1 0.5791015625 0.3798828125 0.06640625 0.0927734375
1 0.5576171875 0.3271484375 0.060546875 0.0771484375
1 0.689453125 0.3935546875 0.078125 0.06640625
1 0.6708984375 0.2763671875 0.0771484375 0.1240234375
1 0.8046875 0.224609375 0.064453125 0.044921875
1 0.869140625 0.1376953125 0.0771484375 0.052734375
1 0.7734375 0.1328125 0.056640625 0.048828125
1 0.8955078125 0.2197265625 0.0654296875 0.060546875
1 0.9765625 0.1904296875 0.0458984375 0.0654296875
1 0.89453125 0.3857421875 0.0791015625 0.0654296875
1 0.9697265625 0.0224609375 0.0595703125 0.044921875
1 0.9599609375 0.5556640625 0.0576171875 0.056640625
1 0.01953125 0.125 0.0390625 0.0634765625
1 0.140625 0.015625 0.0654296875 0.0322265625
1 0.525390625 0.03125 0.068359375 0.0478515625
1 0.599609375 0.0087890625 0.0625 0.017578125
1 0.111328125 0.5029296875 0.0478515625 0.0576171875
1 0.4951171875 0.9111328125 0.0546875 0.0546875
1 0.9091796875 0.94140625 0.03125 0.0458984375
