1 0.0302734375 0.845703125 0.060546875 0.0947265625
1 0.724609375 0.96875 0.1044921875 0.060546875
1 0.908203125 0.791015625 0.0771484375 0.166015625
1 0.9697265625 0.7470703125 0.0595703125 0.109375
1 0.9638671875 0.146484375 0.0712890625 0.2939453125
1 0.9375 0.3818359375 0.0634765625 0.111328125
1 0.77734375 0.3564453125 0.1083984375 0.0712890625
1 0.78125 0.2158203125 0.1689453125 0.2255859375
1 0.6943359375 0.22265625 0.1650390625 0.1142578125
1 0.712890625 0.10546875 0.0751953125 0.181640625
1 0.5244140625 0.078125 0.0673828125 0.076171875
1 0.4990234375 0.138671875 0.08203125 0.1123046875
1 0.5732421875 0.1171875 0.1455078125 0.1708984375
1 0.53125 0.29296875 0.060546875 0.1162109375
1 0.615234375 0.359375 0.1240234375 0.1103515625
1 0.712890625 0.5703125 0.0947265625 0.2763671875
1 0.8154296875 0.6240234375 0.083984375 0.26171875
1 0.42578125 0.64453125 0.072265625 0.1142578125
1 0.37890625 0.3232421875 0.0703125 0.125
1 0.3134765625 0.353515625 0.0830078125 0.125
1 0.22265625 0.3447265625 0.1064453125 0.1484375
1 0.16796875 0.453125 0.0810546875 0.169921875
1 0.2470703125 0.5576171875 0.076171875 0.0859375
1 0.2041015625 0.5986328125 0.0693359375 0.1279296875
1 0.029296875 0.4267578125 0.05859375 0.111328125
1 0.025390625 0.1513671875 0.0517578125 0.0810546875
1 0.111328125 0.14453125 0.189453125 0.224609375
1 0.482421875 0.021484375 0.0546875 0.04296875
1 0.244140625 0.0791015625 0.0595703125 0.158203125
1 0.0263671875 0.4140625 0.052734375 0.1513671875
1 0.458984375 0.6220703125 0.044921875 0.080078125
1 0.9912109375 0.486328125 0.0166015625 0.0439453125
