1 0.7744140625 0.4990234375 0.0810546875 0.0888671875
1 0.0673828125 0.61328125 0.1240234375 0.0693359375
1 0.0556640625 0.376953125 0.109375 0.0595703125
1 0.9658203125 0.3681640625 0.068359375 0.0703125
1 0.470703125 0.89453125 0.12109375 0.05859375
1 0.7109375 0.0419921875 0.076171875 0.0654296875
1 0.3701171875 0.0419921875 0.1083984375 0.0849609375
1 0.1328125 0.03125 0.099609375 0.0625
1 0.298828125 0.576171875 0.1142578125 0.0625
1 0.396484375 0.1669921875 0.087890625 0.076171875
1 0.5576171875 0.255859375 0.119140625 0.0927734375
1 0.15234375 0.69140625 0.109375 0.0615234375
1 0.7568359375 0.3447265625 0.0888671875 0.0478515625
1 0.4287109375 0.3056640625 0.091796875 0.05859375
1 0.84765625 0.2822265625 0.09375 0.0869140625
1 0.5732421875 0.158203125 0.083984375 0.06640625
1 0.6484375 0.0390625 0.0966796875 0.0537109375
1 0.1728515625 0.4345703125 0.09375 0.0517578125
1 0.9775390625 0.1884765625 0.044921875 0.0615234375
1 0.546875 0.646484375 0.0693359375 0.0439453125
1 0.40234375 0.5771484375 0.080078125 0.05078125
1 0.4677734375 0.3935546875 0.083984375 0.0537109375
1 0.7587890625 0.7314453125 0.0771484375 0.0498046875
1 0.4755859375 0.849609375 0.08203125 0.0478515625
1 0.98046875 0.3134765625 0.0380859375 0.0615234375
1 0.2822265625 0.26171875 0.0966796875 0.0615234375
1 0.77734375 0.962890625 0.1064453125 0.046875
1 0.9658203125 0.6982421875 0.0673828125 0.0517578125
1 0.3466796875 0.62890625 0.1171875 0.048828125
1 0.8623046875 0.681640625 0.06640625 0.0419921875
1 0.74609375 0.869140625 0.0908203125 0.037109375
1 0.326171875 0.328125 0.09375 0.0341796875
1 0.6787109375 0.5927734375 0.14453125 0.0537109375
1 0.34375 0.41015625 0.083984375 0.044921875
1 0.09375 0.1884765625 0.0693359375 0.0458984375
1 0.8115234375 0.8291015625 0.0947265625 0.0380859375
1 0.0634765625 0.3154296875 0.123046875 0.0517578125
1 0.9912109375 0.546875 0.0166015625 0.048828125
1 0.435546875 0.9404296875 0.11328125 0.0390625
1 0.9375 0.2578125 0.078125 0.0546875
1 0.2607421875 0.1083984375 0.103515625 0.0419921875
1 0.4296875 0.46875 0.0771484375 0.03125
1 0.1875 0.962890625 0.0732421875 0.0556640625
1 0.3369140625 0.6884765625 0.138671875 0.044921875
1 0.9765625 0.9326171875 0.0458984375 0.029296875
1 0.0615234375 0.7470703125 0.083984375 0.0400390625
1 0.615234375 0.6943359375 0.0830078125 0.0361328125
1 0.5146484375 0.970703125 0.099609375 0.0400390625
1 0.4990234375 0.1181640625 0.0703125 0.04296875
1 0.5458984375 0.693359375 0.0751953125 0.0341796875
1 0.2275390625 0.01953125 0.05078125 0.037109375
1 0.740234375 0.3916015625 0.0927734375 0.05078125
1 0.26171875 0.94921875 0.0673828125 0.0283203125
1 0.984375 0.560546875 0.03125 0.0478515625
1 0.2392578125 0.3681640625 0.08984375 0.0458984375
1 0.302734375 0.732421875 0.111328125 0.037109375
1 0.3310546875 0.2353515625 0.1044921875 0.0673828125
1 0.0703125 0.9599609375 0.1416015625 0.0361328125
1 0.8896484375 0.2119140625 0.0693359375 0.041015625
1 0.9384765625 0.9716796875 0.10546875 0.0244140625
1 0.3662109375 0.21484375 0.17578125 0.044921875
1 0.6728515625 0.9892578125 0.0595703125 0.0205078125
1 0.6376953125 0.859375 0.0625 0.04296875
1 0.125 0.466796875 0.0791015625 0.02734375
1 0.2373046875 0.0732421875 0.115234375 0.041015625
1 0.5966796875 0.4951171875 0.05859375 0.05078125
1 0.7587890625 0.150390625 0.08203125 0.0283203125
1 0.02734375 0.27734375 0.052734375 0.033203125
1 0.060546875 0.6650390625 0.119140625 0.0380859375
1 0.5556640625 0.0146484375 0.0576171875 0.0302734375
1 0.84765625 0.7392578125 0.0458984375 0.015625
1 0.71875 0.9130859375 0.15625 0.0400390625
1 0.8544921875 0.9892578125 0.0576171875 0.021484375
1 0.171875 0.3662109375 0.15234375 0.0478515625
1 0.98828125 0.7490234375 0.0234375 0.029296875
1 0.6748046875 0.3740234375 0.0947265625 0.052734375
1 0.6875 0.263671875 0.150390625 0.1259765625
1 0.7333984375 0.2568359375 0.1005859375 0.0556640625
1 0.541015625 0.20703125 0.134765625 0.0966796875
1 0.1162109375 0.970703125 0.064453125 0.025390625
1 0.208984375 0.62109375 0.0830078125 0.0400390625
