1 0.9765625 0.4150390625 0.046875 0.15234375
1 0.7685546875 0.9697265625 0.06640625 0.0595703125
1 0.5810546875 0.9619140625 0.09765625 0.076171875
1 0.71484375 0.8115234375 0.08203125 0.076171875
1 0.7705078125 0.6484375 0.076171875 0.05859375
1 0.8447265625 0.591796875 0.052734375 0.09765625
1 0.8203125 0.640625 0.052734375 0.0595703125
1 0.7177734375 0.5048828125 0.1455078125 0.1552734375
1 0.6142578125 0.5009765625 0.0927734375 0.1484375
1 0.5068359375 0.4462890625 0.0517578125 0.1142578125
1 0.4501953125 0.546875 0.1435546875 0.123046875
1 0.4560546875 0.615234375 0.1240234375 0.134765625
1 0.7236328125 0.0439453125 0.0673828125 0.087890625
1 0.6591796875 0.11328125 0.0546875 0.16796875
1 0.5908203125 0.0810546875 0.0654296875 0.1201171875
1 0.5078125 0.1455078125 0.0703125 0.07421875
1 0.3779296875 0.130859375 0.0986328125 0.0859375
1 0.302734375 0.1513671875 0.0478515625 0.134765625
1 0.1884765625 0.1552734375 0.1259765625 0.0654296875
1 0.2744140625 0.3486328125 0.0947265625 0.12109375
1 0.42578125 0.3916015625 0.072265625 0.1201171875
1 0.462890625 0.3037109375 0.0732421875 0.0625
1 0.5126953125 0.2236328125 0.068359375 0.0712890625
1 0.53125 0.2744140625 0.0498046875 0.0712890625
1 0.6162109375 0.291015625 0.08203125 0.0712890625
1 0.1982421875 0.4736328125 0.056640625 0.1455078125
1 0.1171875 0.6171875 0.091796875 0.0478515625
1 0.2001953125 0.6455078125 0.1025390625 0.056640625
1 0.2958984375 0.6103515625 0.06640625 0.0556640625
1 0.193359375 0.7353515625 0.0693359375 0.0615234375
1 0.40234375 0.8037109375 0.0966796875 0.09765625
1 0.478515625 0.7421875 0.0927734375 0.064453125
1 0.2509765625 0.8466796875 0.09375 0.0732421875
1 0.20703125 0.919921875 0.07421875 0.10546875
1 0.1640625 0.9248046875 0.154296875 0.1494140625
1 0.029296875 0.7021484375 0.05859375 0.0810546875
1 0.04296875 0.5859375 0.0869140625 0.1416015625
1 0.056640625 0.140625 0.076171875 0.091796875
1 0.1806640625 0.044921875 0.11328125 0.08984375
1 0.2705078125 0.0361328125 0.10546875 0.0732421875
1 0.841796875 0.7978515625 0.0498046875 0.0380859375
1 0.068359375 0.9462890625 0.0673828125 0.0498046875
1 0.94921875 0.6689453125 0.05859375 0.0595703125
1 0.7607421875 0.412109375 0.1103515625 0.09765625
1 0.93359375 0.3173828125 0.0498046875 0.087890625
1 0.9150390625 0.0791015625 0.0693359375 0.123046875
