1 0.0771484375 0.1357421875 0.1533203125 0.0810546875
1 0.1689453125 0.2080078125 0.1513671875 0.119140625
1 0.1748046875 0.2626953125 0.15625 0.14453125
1 0.3408203125 0.1455078125 0.0888671875 0.1279296875
1 0.4775390625 0.1337890625 0.10546875 0.1240234375
1 0.5244140625 0.263671875 0.15234375 0.2109375
1 0.4560546875 0.3759765625 0.1494140625 0.271484375
1 0.4248046875 0.5078125 0.1796875 0.08203125
1 0.30859375 0.537109375 0.1259765625 0.0986328125
1 0.2548828125 0.439453125 0.1533203125 0.0927734375
1 0.1123046875 0.3369140625 0.1103515625 0.1240234375
1 0.13671875 0.484375 0.2744140625 0.099609375
1 0.3720703125 0.3046875 0.099609375 0.1953125
1 0.017578125 0.0283203125 0.0361328125 0.0576171875
1 0.7529296875 0.0966796875 0.1533203125 0.1484375
1 0.724609375 0.2158203125 0.0830078125 0.216796875
1 0.833984375 0.232421875 0.0908203125 0.193359375
1 0.701171875 0.486328125 0.1533203125 0.1025390625
1 0.6416015625 0.5634765625 0.125 0.0712890625
1 0.810546875 0.3984375 0.0810546875 0.1796875
1 0.1337890625 0.63671875 0.11328125 0.0625
1 0.1640625 0.70703125 0.056640625 0.1103515625
1 0.24609375 0.75 0.125 0.1181640625
1 0.3544921875 0.7802734375 0.1181640625 0.099609375
1 0.3662109375 0.8623046875 0.19921875 0.1318359375
1 0.3623046875 0.95703125 0.1494140625 0.0859375
1 0.296875 0.939453125 0.1298828125 0.1103515625
1 0.146484375 0.90234375 0.1455078125 0.0751953125
1 0.119140625 0.9638671875 0.16015625 0.0693359375
1 0.544921875 0.8642578125 0.1259765625 0.130859375
1 0.6396484375 0.9462890625 0.1162109375 0.1064453125
1 0.60546875 0.822265625 0.064453125 0.109375
1 0.626953125 0.7587890625 0.115234375 0.0595703125
1 0.634765625 0.7255859375 0.1416015625 0.07421875
1 0.8193359375 0.7919921875 0.1171875 0.1748046875
1 0.78515625 0.90234375 0.078125 0.0947265625
1 0.7861328125 0.958984375 0.080078125 0.0810546875
1 0.8701171875 0.712890625 0.107421875 0.0810546875
1 0.93359375 0.359375 0.1328125 0.09765625
1 0.056640625 0.1953125 0.080078125 0.0458984375
1 0.9501953125 0.44140625 0.087890625 0.1123046875
