1 0.962890625 0.6708984375 0.0732421875 0.1328125
1 0.8701171875 0.3876953125 0.130859375 0.18310546875
1 0.677734375 0.8408203125 0.1279296875 0.162109375
1 0.7431640625 0.1259765625 0.087890625 0.14453125
1 0.982421875 0.4404296875 0.0341796875 0.2236328125
1 0.3505859375 0.421875 0.1376953125 0.1748046875
1 0.57421875 0.275390625 0.1005859375 0.1083984375
1 0.4375 0.1748046875 0.0927734375 0.134765625
1 0.5517578125 0.4697265625 0.125 0.169921875
1 0.779296875 0.671875 0.0849609375 0.0849609375
1 0.6806640625 0.5625 0.1064453125 0.1259765625
1 0.7568359375 0.486328125 0.1103515625 0.1904296875
1 0.4765625 0.7109375 0.1552734375 0.1015625
1 0.654296875 0.28125 0.0947265625 0.1748046875
1 0.623046875 0.1806640625 0.087890625 0.09765625
1 0.1171875 0.06640625 0.1025390625 0.1328125
1 0.041015625 0.0439453125 0.0595703125 0.08203125
1 0.4609375 0.9169921875 0.1240234375 0.09375
1 0.46875 0.6162109375 0.1259765625 0.09375
1 0.0634765625 0.1220703125 0.1123046875 0.0791015625
