1 0.666015625 0.4375 0.107421875 0.0771484375
1 0.2060546875 0.662109375 0.09765625 0.0703125
1 0.3818359375 0.50390625 0.0751953125 0.0849609375
1 0.5673828125 0.1328125 0.080078125 0.0830078125
1 0.7314453125 0.3203125 0.0654296875 0.1181640625
1 0.2412109375 0.9169921875 0.0751953125 0.080078125
1 0.4921875 0.611328125 0.16015625 0.0654296875
1 0.80078125 0.810546875 0.087890625 0.087890625
1 0.28125 0.8515625 0.0751953125 0.1005859375
1 0.0556640625 0.6318359375 0.0673828125 0.064453125
1 0.431640625 0.388671875 0.08984375 0.0849609375
1 0.0595703125 0.427734375 0.119140625 0.1318359375
1 0.4716796875 0.998046875 0.1298828125 0.0029296875
1 0.193359375 0.521484375 0.11328125 0.1943359375
1 0.416015625 0.31640625 0.16796875 0.0595703125
1 0.64453125 0.7529296875 0.115234375 0.1025390625
1 0.2353515625 0.3046875 0.0927734375 0.14453125
1 0.9130859375 0.478515625 0.1240234375 0.0869140625
1 0.4951171875 0.9755859375 0.0869140625 0.0478515625
1 0.064453125 0.1982421875 0.1298828125 0.2578125
1 0.5400390625 0.3623046875 0.1220703125 0.134765625
1 0.8046875 0.0458984375 0.294921875 0.087890625
1 0.3330078125 0.69140625 0.09765625 0.0693359375
1 0.599609375 0.2470703125 0.189453125 0.125
1 0.7021484375 0.9892578125 0.10546875 0.0205078125
1 0.8212890625 0.17578125 0.0849609375 0.1484375
1 0.138671875 0.84375 0.107421875 0.1552734375
1 0.6083984375 0.9072265625 0.283203125 0.134765625
1 0.765625 0.966796875 0.2822265625 0.0654296875
1 0.2021484375 0.8359375 0.109375 0.123046875
1 0.537109375 0.7783203125 0.08984375 0.11328125
1 0.255859375 0.130859375 0.373046875 0.072265625
1 0.5771484375 0.513671875 0.294921875 0.0751953125
1 0.2646484375 0.3720703125 0.294921875 0.08984375
1 0.2744140625 0.5341796875 0.064453125 0.1806640625
1 0.208984375 0.7470703125 0.0498046875 0.0546875
1 0.798828125 0.9443359375 0.1103515625 0.1103515625
1 0.5625 0.962890625 0.0771484375 0.0732421875
1 0.25390625 0.7421875 0.0693359375 0.109375
1 0.2607421875 0.009765625 0.09765625 0.0205078125
1 0.953125 0.328125 0.087890625 0.1376953125
1 0.9072265625 0.1318359375 0.060546875 0.1201171875
1 0.2158203125 0.20703125 0.087890625 0.060546875
1 0.6376953125 0.734375 0.1728515625 0.08984375
1 0.4951171875 0.5029296875 0.0673828125 0.2119140625
1 0.5517578125 0.6357421875 0.0498046875 0.1025390625
1 0.3857421875 0.404296875 0.052734375 0.150390625
1 0.9794921875 0.4599609375 0.0400390625 0.1025390625
1 0.1943359375 0.1708984375 0.08984375 0.04296875
