1 0.466796875 0.037109375 0.048828125 0.0751953125
1 0.7734375 0.6298828125 0.076171875 0.06640625
1 0.880859375 0.62109375 0.0859375 0.0791015625
1 0.0517578125 0.5654296875 0.0654296875 0.0732421875
1 0.0615234375 0.115234375 0.1044921875 0.087890625
1 0.3603515625 0.6884765625 0.10546875 0.05078125
1 0.83203125 0.0517578125 0.0654296875 0.0712890625
1 0.658203125 0.287109375 0.0380859375 0.0693359375
1 0.9560546875 0.2705078125 0.0869140625 0.0712890625
1 0.9326171875 0.044921875 0.134765625 0.0517578125
1 0.6279296875 0.5634765625 0.0693359375 0.05078125
1 0.2314453125 0.6171875 0.109375 0.0625
1 0.2783203125 0.71875 0.09375 0.0439453125
1 0.2412109375 0.0673828125 0.099609375 0.044921875
1 0.453125 0.181640625 0.0595703125 0.0615234375
1 0.0263671875 0.0224609375 0.052734375 0.0458984375
1 0.3095703125 0.40625 0.0703125 0.0380859375
1 0.2109375 0.7724609375 0.1220703125 0.07421875
1 0.716796875 0.9853515625 0.0654296875 0.029296875
1 0.19140625 0.6357421875 0.0771484375 0.0419921875
1 0.2275390625 0.4248046875 0.1005859375 0.048828125
1 0.658203125 0.103515625 0.052734375 0.0390625
1 0.6025390625 0.6796875 0.0576171875 0.0419921875
1 0.7890625 0.794921875 0.0546875 0.0400390625
1 0.2607421875 0.4658203125 0.0908203125 0.0322265625
1 0.388671875 0.4404296875 0.0732421875 0.05078125
1 0.7158203125 0.0810546875 0.0927734375 0.0732421875
1 0.9052734375 0.978515625 0.0302734375 0.04296875
1 0.111328125 0.021484375 0.0517578125 0.0439453125
1 0.15625 0.720703125 0.1240234375 0.0390625
1 0.49609375 0.4453125 0.056640625 0.046875
1 0.7353515625 0.7568359375 0.0986328125 0.044921875
1 0.607421875 0.6279296875 0.0712890625 0.0439453125
1 0.412109375 0.517578125 0.099609375 0.0419921875
1 0.3046875 0.7802734375 0.056640625 0.033203125
1 0.875 0.9736328125 0.03125 0.052734375
1 0.6953125 0.05078125 0.0615234375 0.0537109375
1 0.57421875 0.19140625 0.0732421875 0.041015625
1 0.744140625 0.421875 0.0322265625 0.05859375
1 0.3974609375 0.6181640625 0.046875 0.060546875
1 0.134765625 0.6064453125 0.1123046875 0.025390625
1 0.4384765625 0.439453125 0.0810546875 0.064453125
1 0.34765625 0.1484375 0.064453125 0.0341796875
1 0.6015625 0.765625 0.109375 0.052734375
1 0.8388671875 0.4658203125 0.048828125 0.041015625
1 0.03125 0.451171875 0.0625 0.0419921875
1 0.9521484375 0.1923828125 0.03515625 0.0458984375
1 0.0439453125 0.7705078125 0.0888671875 0.05078125
1 0.0263671875 0.505859375 0.052734375 0.037109375
1 0.8330078125 0.564453125 0.0869140625 0.0322265625
1 0.5595703125 0.7890625 0.1650390625 0.0498046875
1 0.634765625 0.9326171875 0.0751953125 0.044921875
1 0.208984375 0.2080078125 0.0869140625 0.0478515625
1 0.720703125 0.52734375 0.0732421875 0.0439453125
1 0.4140625 0.5849609375 0.05859375 0.0458984375
1 0.53515625 0.701171875 0.0966796875 0.0478515625
1 0.197265625 0.8759765625 0.083984375 0.0400390625
1 0.37890625 0.2197265625 0.0537109375 0.0205078125
1 0.544921875 0.466796875 0.06640625 0.03515625
1 0.550390625 0.4390625 0.09111328124999996 0.0400390625
1 0.8828125 0.8349609375 0.0830078125 0.052734375
1 0.5244140625 0.7392578125 0.0556640625 0.04296875
1 0.2080078125 0.5205078125 0.1025390625 0.0498046875
1 0.1181640625 0.5009765625 0.10546875 0.0576171875
1 0.3818359375 0.171875 0.06640625 0.041015625
