1 0.3740234375 0.5751953125 0.107421875 0.10546875
1 0.140625 0.732421875 0.0888671875 0.0908203125
1 0.5947265625 0.15234375 0.1064453125 0.181640625
1 0.9599609375 0.8818359375 0.0791015625 0.099609375
1 0.3603515625 0.84765625 0.0888671875 0.0888671875
1 0.115234375 0.650390625 0.111328125 0.0703125
1 0.025390625 0.0390625 0.05078125 0.072265625
1 0.5771484375 0.9306640625 0.1533203125 0.0859375
1 0.310546875 0.0302734375 0.1064453125 0.060546875
1 0.1943359375 0.7353515625 0.103515625 0.0654296875
1 0.0244140625 0.4033203125 0.048828125 0.0849609375
1 0.060546875 0.4814453125 0.0859375 0.076171875
1 0.7529296875 0.708984375 0.08984375 0.08984375
1 0.0400390625 0.76171875 0.0625 0.08984375
1 0.9404296875 0.75 0.0751953125 0.1083984375
1 0.2783203125 0.521484375 0.1220703125 0.12109375
1 0.4296875 0.0888671875 0.1376953125 0.0673828125
1 0.3564453125 0.48046875 0.1064453125 0.05859375
1 0.3408203125 0.1083984375 0.109375 0.0869140625
1 0.875 0.212890625 0.25 0.09375
1 0.365234375 0.6552734375 0.138671875 0.0888671875
1 0.85546875 0.021484375 0.0830078125 0.0439453125
1 0.869140625 0.9208984375 0.109375 0.0556640625
1 0.4130859375 0.923828125 0.087890625 0.0869140625
1 0.93359375 0.5126953125 0.1318359375 0.0810546875
1 0.1640625 0.9560546875 0.0595703125 0.087890625
1 0.3056640625 0.931640625 0.068359375 0.1357421875
1 0.84375 0.96484375 0.0732421875 0.0703125
1 0.55078125 0.98828125 0.0966796875 0.0224609375
1 0.771484375 0.63671875 0.130859375 0.060546875
1 0.9677734375 0.560546875 0.0634765625 0.0615234375
1 0.966796875 0.76171875 0.064453125 0.107421875
1 0.90234375 0.61328125 0.1455078125 0.0576171875
1 0.767578125 0.0380859375 0.07421875 0.0693359375
1 0.7255859375 0.109375 0.1044921875 0.05859375
1 0.2861328125 0.1171875 0.103515625 0.0615234375
1 0.0576171875 0.921875 0.09375 0.07421875
1 0.0751953125 0.978515625 0.083984375 0.04296875
1 0.302734375 0.720703125 0.0810546875 0.08984375
1 0.2578125 0.638671875 0.0712890625 0.08984375
1 0.1904296875 0.552734375 0.103515625 0.1083984375
1 0.0205078125 0.798828125 0.0419921875 0.064453125
1 0.90625 0.978515625 0.0712890625 0.04296875
