1 0.021484375 0.1640625 0.0439453125 0.091796875
1 0.4296875 0.6103515625 0.060546875 0.0869140625
1 0.296875 0.6015625 0.119140625 0.0634765625
1 0.103515625 0.8642578125 0.07421875 0.068359375
1 0.3046875 0.2705078125 0.0615234375 0.1015625
1 0.7890625 0.1796875 0.03515625 0.1044921875
1 0.8935546875 0.1748046875 0.0419921875 0.083984375
1 0.46875 0.220703125 0.1103515625 0.05859375
1 0.2353515625 0.4736328125 0.05859375 0.0908203125
1 0.2939453125 0.1962890625 0.044921875 0.099609375
1 0.4970703125 0.5791015625 0.05078125 0.0712890625
1 0.841796875 0.5244140625 0.09765625 0.0556640625
1 0.5322265625 0.5263671875 0.041015625 0.087890625
1 0.9462890625 0.4755859375 0.0234375 0.0732421875
1 0.87890625 0.92578125 0.0556640625 0.0751953125
1 0.5693359375 0.2861328125 0.0400390625 0.0595703125
1 0.9609375 0.0751953125 0.0439453125 0.0341796875
1 0.1044921875 0.64453125 0.025390625 0.072265625
1 0.0146484375 0.8935546875 0.029296875 0.0537109375
1 0.359375 0.7021484375 0.044921875 0.05859375
1 0.9091796875 0.400390625 0.025390625 0.0498046875
1 0.7265625 0.6689453125 0.0576171875 0.05078125
1 0.75 0.2705078125 0.0400390625 0.0732421875
1 0.341796875 0.0380859375 0.0390625 0.0439453125
1 0.2841796875 0.98828125 0.0537109375 0.0234375
1 0.6103515625 0.490234375 0.0517578125 0.0380859375
1 0.0771484375 0.69921875 0.0517578125 0.04296875
1 0.0185546875 0.953125 0.037109375 0.0361328125
1 0.2431640625 0.525390625 0.05859375 0.060546875
1 0.607421875 0.94140625 0.05078125 0.060546875
1 0.451171875 0.5166015625 0.0546875 0.087890625
1 0.244140625 0.03125 0.0634765625 0.0263671875
1 0.6435546875 0.625 0.03125 0.0595703125
1 0.70703125 0.375 0.0302734375 0.078125
1 0.9130859375 0.9287109375 0.025390625 0.0732421875
1 0.828125 0.5361328125 0.0732421875 0.0615234375
1 0.20703125 0.2353515625 0.0390625 0.05859375
1 0.84375 0.96484375 0.0498046875 0.03125
1 0.8095703125 0.3544921875 0.0400390625 0.05859375
1 0.869140625 0.0107421875 0.046875 0.0224609375
1 0.20703125 0.927734375 0.0556640625 0.0361328125
1 0.03125 0.626953125 0.0625 0.0595703125
1 0.599609375 0.06640625 0.0361328125 0.0595703125
1 0.6123046875 0.86328125 0.0537109375 0.0322265625
1 0.392578125 0.9326171875 0.0908203125 0.0361328125
1 0.66015625 0.5458984375 0.046875 0.0634765625
1 0.7470703125 0.7236328125 0.029296875 0.0634765625
1 0.9189453125 0.2666015625 0.033203125 0.0654296875
1 0.1201171875 0.7275390625 0.03515625 0.056640625
1 0.669921875 0.2421875 0.029296875 0.0654296875
1 0.7705078125 0.9736328125 0.0283203125 0.0478515625
1 0.0126953125 0.01171875 0.0263671875 0.0224609375
1 0.078125 0.54296875 0.0361328125 0.048828125
1 0.5322265625 0.9619140625 0.060546875 0.044921875
1 0.609375 0.572265625 0.0322265625 0.0634765625
1 0.73828125 0.625 0.0654296875 0.0498046875
1 0.853515625 0.6259765625 0.06640625 0.048828125
1 0.8955078125 0.76171875 0.0546875 0.0478515625
1 0.7080078125 0.826171875 0.0771484375 0.0390625
1 0.57421875 0.71875 0.1376953125 0.0361328125
1 0.5625 0.6181640625 0.0439453125 0.044921875
1 0.474609375 0.33203125 0.078125 0.05078125
1 0.4541015625 0.9599609375 0.0517578125 0.0693359375
1 0.8720703125 0.076171875 0.0947265625 0.05859375
1 0.4580078125 0.01953125 0.056640625 0.0400390625
1 0.9765625 0.8955078125 0.0458984375 0.0693359375
1 0.7802734375 0.9130859375 0.056640625 0.048828125
1 0.7021484375 0.91796875 0.048828125 0.046875
1 0.6103515625 0.9912109375 0.044921875 0.017578125
1 0.3623046875 0.9794921875 0.0546875 0.0400390625
