1 0.087890625 0.04296875 0.0546875 0.0859375
1 0.1416015625 0.30078125 0.08203125 0.0947265625
1 0.205078125 0.34765625 0.0546875 0.0869140625
1 0.724609375 0.3330078125 0.0908203125 0.1103515625
1 0.7841796875 0.6513671875 0.09375 0.0732421875
1 0.0625 0.666015625 0.10546875 0.0615234375
1 0.79296875 0.0390625 0.052734375 0.0791015625
1 0.3623046875 0.189453125 0.0888671875 0.060546875
1 0.662109375 0.88671875 0.0986328125 0.0830078125
1 0.9423828125 0.9423828125 0.115234375 0.1015625
1 0.623046875 0.37890625 0.0751953125 0.046875
1 0.3779296875 0.529296875 0.1240234375 0.0517578125
1 0.5419921875 0.8984375 0.0830078125 0.107421875
1 0.2724609375 0.3095703125 0.0390625 0.083984375
1 0.5498046875 0.419921875 0.064453125 0.064453125
1 0.037109375 0.0263671875 0.06640625 0.0537109375
1 0.1396484375 0.107421875 0.146484375 0.0732421875
1 0.052734375 0.408203125 0.09091796875 0.05771484375000002
1 0.841796875 0.9658203125 0.05078125 0.0615234375
1 0.7880859375 0.623046875 0.0703125 0.048828125
1 0.7509765625 0.7392578125 0.02734375 0.06640625
1 0.0322265625 0.1025390625 0.064453125 0.041015625
1 0.03125 0.2255859375 0.0625 0.0390625
1 0.841796875 0.1484375 0.0927734375 0.0419921875
1 0.052734375 0.7529296875 0.087890625 0.05859375
1 0.0771484375 0.2138671875 0.087890625 0.05078125
1 0.7607421875 0.177734375 0.08984375 0.046875
1 0.40625 0.1044921875 0.07421875 0.0341796875
1 0.7138671875 0.0625 0.0751953125 0.0498046875
1 0.26953125 0.9091796875 0.087890625 0.0556640625
1 0.8828125 0.947265625 0.056640625 0.04296875
1 0.484375 0.58984375 0.0673828125 0.0341796875
1 0.421875 0.4326171875 0.0751953125 0.033203125
1 0.1904296875 0.830078125 0.0791015625 0.0517578125
1 0.96484375 0.2626953125 0.0703125 0.0556640625
1 0.2119140625 0.8916015625 0.078125 0.0732421875
1 0.01171875 0.0205078125 0.0234375 0.0419921875
1 0.49609375 0.4775390625 0.083984375 0.0380859375
1 0.484375 0.2509765625 0.0595703125 0.0546875
1 0.5751953125 0.548828125 0.0771484375 0.029296875
1 0.109375 0.455078125 0.08203125 0.0341796875
1 0.716796875 0.5078125 0.0810546875 0.037109375
1 0.033203125 0.634765625 0.0673828125 0.041015625
1 0.70771484375 0.20732421875 0.08857421874999993 0.03876953124999999
1 0.986328125 0.9267578125 0.0234375 0.0625
1 0.56640625 0.4697265625 0.0703125 0.037109375
1 0.306640625 0.19921875 0.0654296875 0.037109375
1 0.0498046875 0.974609375 0.1005859375 0.0498046875
1 0.7744140625 0.09765625 0.0634765625 0.0390625
1 0.0126953125 0.4033203125 0.0263671875 0.044921875
1 0.8408203125 0.4345703125 0.06640625 0.0625
1 0.3583984375 0.4755859375 0.0869140625 0.04296875
1 0.73828125 0.0439453125 0.06640625 0.05078125
1 0.23828125 0.9921875 0.0380859375 0.015625
1 0.2119140625 0.5400390625 0.0869140625 0.048828125
1 0.7333984375 0.4541015625 0.0478515625 0.0400390625
1 0.9306640625 0.482421875 0.0625 0.048828125
1 0.5048828125 0.8037109375 0.0537109375 0.0263671875
1 0.806640625 0.4443359375 0.064453125 0.0390625
1 0.583984375 0.486328125 0.060546875 0.0361328125
1 0.984375 0.28515625 0.0302734375 0.0322265625
