1 0.072265625 0.2568359375 0.1015625 0.0791015625
1 0.0205078125 0.1142578125 0.0419921875 0.111328125
1 0.119140625 0.09765625 0.0703125 0.0908203125
1 0.05078125 0.0107421875 0.08203125 0.0224609375
1 0.0185546875 0.6416015625 0.0380859375 0.123046875
1 0.09765625 0.5693359375 0.0908203125 0.1181640625
1 0.078125 0.671875 0.04296875 0.0751953125
1 0.1875 0.716796875 0.0654296875 0.1083984375
1 0.056640625 0.8134765625 0.0888671875 0.0654296875
1 0.083984375 0.9560546875 0.0712890625 0.087890625
1 0.017578125 0.9794921875 0.03515625 0.0400390625
1 0.1572265625 0.9765625 0.060546875 0.0458984375
1 0.8193359375 0.0849609375 0.10546875 0.16796875
1 0.9267578125 0.1044921875 0.1416015625 0.1181640625
1 0.962890625 0.2197265625 0.07421875 0.10546875
1 0.60546875 0.2451171875 0.0712890625 0.0654296875
1 0.607421875 0.3251953125 0.0810546875 0.1083984375
1 0.3359375 0.31640625 0.1123046875 0.0693359375
1 0.193359375 0.2734375 0.04296875 0.0673828125
1 0.275390625 0.181640625 0.048828125 0.044921875
1 0.33984375 0.13671875 0.060546875 0.0830078125
1 0.8857421875 0.32421875 0.0986328125 0.0830078125
1 0.9501953125 0.4453125 0.083984375 0.1240234375
1 0.8759765625 0.513671875 0.0625 0.0732421875
1 0.5654296875 0.4404296875 0.0625 0.0986328125
1 0.4853515625 0.4384765625 0.080078125 0.083984375
1 0.6376953125 0.5458984375 0.107421875 0.1005859375
1 0.82421875 0.6611328125 0.119140625 0.1318359375
1 0.97265625 0.5927734375 0.0537109375 0.0859375
1 0.96875 0.72265625 0.0615234375 0.138671875
1 0.48828125 0.6904296875 0.0830078125 0.134765625
1 0.3388671875 0.685546875 0.1064453125 0.091796875
1 0.3671875 0.52734375 0.076171875 0.0947265625
1 0.3896484375 0.3974609375 0.0712890625 0.056640625
1 0.26171875 0.560546875 0.1044921875 0.0712890625
1 0.2705078125 0.7548828125 0.078125 0.08984375
1 0.4599609375 0.8447265625 0.1015625 0.1142578125
1 0.6689453125 0.8388671875 0.09765625 0.111328125
1 0.5498046875 0.740234375 0.07421875 0.08203125
1 0.849609375 0.94921875 0.1123046875 0.09375
1 0.412109375 0.9794921875 0.0517578125 0.0400390625
1 0.248046875 0.9189453125 0.05859375 0.056640625
1 0.951171875 0.8212890625 0.080078125 0.1123046875
