1 0.41796875 0.4853515625 0.06640625 0.0673828125
1 0.4892578125 0.79296875 0.103515625 0.0498046875
1 0.3984375 0.9345703125 0.0810546875 0.0693359375
1 0.4501953125 0.58984375 0.0927734375 0.05078125
1 0.4521484375 0.5400390625 0.1005859375 0.0517578125
1 0.4765625 0.4873046875 0.06640625 0.0556640625
1 0.4208984375 0.6689453125 0.0546875 0.0390625
1 0.5244140625 0.4755859375 0.046875 0.0751953125
1 0.2080078125 0.267578125 0.1728515625 0.087890625
1 0.5732421875 0.4921875 0.06640625 0.0869140625
1 0.513671875 0.6181640625 0.046875 0.03515625
1 0.57421875 0.806640625 0.0576171875 0.0791015625
1 0.62890625 0.2587890625 0.068359375 0.0576171875
1 0.7109375 0.328125 0.109375 0.072265625
1 0.62109375 0.5263671875 0.0693359375 0.0654296875
1 0.076171875 0.6123046875 0.091796875 0.080078125
1 0.3330078125 0.712890625 0.08203125 0.123046875
1 0.8505859375 0.033203125 0.1103515625 0.06640625
1 0.431640625 0.6396484375 0.1005859375 0.052734375
1 0.6689453125 0.1005859375 0.08203125 0.076171875
1 0.5859375 0.220703125 0.087890625 0.0576171875
1 0.6005859375 0.0322265625 0.083984375 0.064453125
1 0.3798828125 0.8271484375 0.0732421875 0.083984375
1 0.4560546875 0.8720703125 0.0810546875 0.0673828125
1 0.505859375 0.90234375 0.0595703125 0.05078125
1 0.9677734375 0.66796875 0.064453125 0.068359375
1 0.7919921875 0.6904296875 0.099609375 0.0537109375
1 0.8505859375 0.7314453125 0.11328125 0.1171875
1 0.9501953125 0.8671875 0.07421875 0.1298828125
1 0.7294921875 0.919921875 0.06640625 0.0634765625
1 0.830078125 0.8017578125 0.0849609375 0.0390625
1 0.837890625 0.8359375 0.10546875 0.04296875
1 0.80078125 0.9599609375 0.037109375 0.078125
1 0.8359375 0.9560546875 0.046875 0.0849609375
1 0.720703125 0.9814453125 0.0341796875 0.0361328125
1 0.6826171875 0.98046875 0.0400390625 0.0380859375
1 0.275390625 0.2763671875 0.0615234375 0.0556640625
1 0.4775390625 0.0234375 0.0546875 0.0478515625
