1 0.6611328125 0.9375 0.375 0.1005859375
1 0.8916015625 0.0615234375 0.1357421875 0.123046875
1 0.5791015625 0.841796875 0.35546875 0.150390625
1 0.3740234375 0.853515625 0.201171875 0.06640625
1 0.1083984375 0.7763671875 0.2177734375 0.185546875
1 0.05859375 0.2255859375 0.1171875 0.189453125
1 0.1875 0.72265625 0.19140625 0.076171875
1 0.7138671875 0.40234375 0.1455078125 0.1953125
1 0.08203125 0.634765625 0.1650390625 0.126953125
1 0.1181640625 0.3662109375 0.2373046875 0.1474609375
1 0.94921875 0.19921875 0.0947265625 0.076171875
1 0.392578125 0.9521484375 0.2783203125 0.095703125
1 0.408203125 0.0302734375 0.28515625 0.060546875
1 0.7724609375 0.033203125 0.1943359375 0.060546875
1 0.2265625 0.14453125 0.220703125 0.0498046875
1 0.111328125 0.0556640625 0.2236328125 0.111328125
1 0.8447265625 0.2412109375 0.2236328125 0.154296875
1 0.84765625 0.4306640625 0.13671875 0.080078125
1 0.37109375 0.0947265625 0.142578125 0.1376953125
1 0.783203125 0.4482421875 0.1298828125 0.1015625
