1 0.3466796875 0.373046875 0.0947265625 0.0888671875
1 0.453125 0.23828125 0.1455078125 0.111328125
1 0.2890625 0.2734375 0.0859375 0.1015625
1 0.138671875 0.1796875 0.064453125 0.134765625
1 0.19921875 0.1650390625 0.0693359375 0.1025390625
1 0.244140625 0.130859375 0.06640625 0.0966796875
1 0.67578125 0.1318359375 0.0625 0.109375
1 0.0400390625 0.302734375 0.0810546875 0.0986328125
1 0.052734375 0.400390625 0.0625 0.0830078125
1 0.1689453125 0.3583984375 0.07421875 0.0673828125
1 0.1796875 0.4228515625 0.0947265625 0.0712890625
1 0.138671875 0.501953125 0.0654296875 0.0595703125
1 0.078125 0.5771484375 0.1015625 0.1083984375
1 0.1650390625 0.58203125 0.08203125 0.1220703125
1 0.287109375 0.5517578125 0.1494140625 0.1513671875
1 0.48828125 0.435546875 0.068359375 0.0634765625
1 0.529296875 0.568359375 0.126953125 0.056640625
1 0.5166015625 0.6328125 0.0888671875 0.0625
1 0.478515625 0.7294921875 0.130859375 0.091796875
1 0.6591796875 0.642578125 0.080078125 0.0732421875
1 0.11328125 0.8212890625 0.07421875 0.0654296875
1 0.224609375 0.52734375 0.052734375 0.0703125
1 0.6376953125 0.423828125 0.0732421875 0.142578125
1 0.5888671875 0.513671875 0.06640625 0.076171875
1 0.736328125 0.4912109375 0.0634765625 0.0771484375
1 0.8330078125 0.4794921875 0.10546875 0.0634765625
1 0.5966796875 0.291015625 0.09765625 0.10546875
1 0.685546875 0.37890625 0.0673828125 0.0859375
1 0.86328125 0.380859375 0.0712890625 0.1064453125
1 0.8349609375 0.2216796875 0.05859375 0.1123046875
1 0.9072265625 0.2294921875 0.087890625 0.0869140625
1 0.8486328125 0.302734375 0.0625 0.064453125
1 0.8232421875 0.037109375 0.0654296875 0.0732421875
1 0.9658203125 0.4111328125 0.068359375 0.1103515625
1 0.947265625 0.4951171875 0.0732421875 0.0634765625
1 0.7568359375 0.73828125 0.103515625 0.0712890625
1 0.8681640625 0.765625 0.107421875 0.0625
1 0.951171875 0.75390625 0.0615234375 0.103515625
1 0.982421875 0.7275390625 0.0341796875 0.07421875
1 0.9609375 0.822265625 0.0771484375 0.09375
1 0.857421875 0.984375 0.1201171875 0.03125
1 0.6953125 0.87890625 0.0693359375 0.142578125
1 0.671875 0.9638671875 0.08203125 0.0712890625
1 0.498046875 0.849609375 0.0732421875 0.0693359375
1 0.4951171875 0.9404296875 0.0625 0.1181640625
1 0.5927734375 0.9423828125 0.064453125 0.0634765625
1 0.236328125 0.97265625 0.0869140625 0.0537109375
1 0.0263671875 0.0546875 0.0537109375 0.109375
1 0.0498046875 0.96875 0.072265625 0.0625
1 0.0185546875 0.1630859375 0.037109375 0.064453125
1 0.091796875 0.533203125 0.048828125 0.052734375
1 0.0244140625 0.546875 0.048828125 0.0546875
1 0.04296875 0.6259765625 0.0546875 0.0556640625
1 0.478515625 0.677734375 0.076171875 0.052734375
1 0.546875 0.9462890625 0.056640625 0.06640625
1 0.4638671875 0.91796875 0.0419921875 0.130859375
1 0.779296875 0.9814453125 0.064453125 0.0361328125
1 0.98046875 0.38671875 0.0361328125 0.087890625
1 0.2216796875 0.609375 0.0703125 0.072265625
1 0.166015625 0.3173828125 0.0478515625 0.046875
