1 0.640625 0.68359375 0.08203125 0.072265625
1 0.5498046875 0.4345703125 0.099609375 0.07421875
1 0.0634765625 0.94140625 0.123046875 0.0703125
1 0.9443359375 0.3828125 0.1103515625 0.1376953125
1 0.4814453125 0.744140625 0.0751953125 0.080078125
1 0.1025390625 0.2119140625 0.0703125 0.072265625
1 0.1435546875 0.5322265625 0.1015625 0.0849609375
1 0.65625 0.4130859375 0.0751953125 0.087890625
1 0.3603515625 0.669921875 0.1025390625 0.1474609375
1 0.67578125 0.208984375 0.068359375 0.1015625
1 0.998046875 0.5166015625 0.0029296875 0.1044921875
1 0.7607421875 0.8388671875 0.078125 0.0849609375
1 0.5078125 0.3798828125 0.0830078125 0.080078125
1 0.1474609375 0.283203125 0.076171875 0.12890625
1 0.41796875 0.7841796875 0.0625 0.0517578125
1 0.6318359375 0.5634765625 0.080078125 0.072265625
1 0.88671875 0.6640625 0.0849609375 0.0654296875
1 0.412109375 0.30859375 0.064453125 0.0849609375
1 0.4306640625 0.10546875 0.087890625 0.13671875
1 0.404296875 0.587890625 0.0654296875 0.1025390625
1 0.6923828125 0.8408203125 0.0732421875 0.0771484375
1 0.2958984375 0.8173828125 0.0576171875 0.0712890625
1 0.77734375 0.5302734375 0.125 0.1533203125
1 0.7412109375 0.2607421875 0.064453125 0.0771484375
1 0.685546875 0.6044921875 0.0673828125 0.07421875
1 0.546875 0.6328125 0.0849609375 0.0830078125
1 0.33203125 0.49609375 0.06640625 0.0673828125
1 0.9091796875 0.7080078125 0.115234375 0.1064453125
1 0.3466796875 0.0712890625 0.046875 0.1005859375
1 0.298828125 0.056640625 0.068359375 0.1064453125
1 0.388671875 0.0771484375 0.052734375 0.1123046875
