1 0.0625 0.5595703125 0.1259765625 0.12109375
1 0.07421875 0.6201171875 0.1376953125 0.0927734375
1 0.0791015625 0.1015625 0.158203125 0.0869140625
1 0.1689453125 0.0234375 0.0673828125 0.046875
1 0.623046875 0.259765625 0.189453125 0.083984375
1 0.0634765625 0.89453125 0.1279296875 0.1240234375
1 0.0771484375 0.4287109375 0.0947265625 0.060546875
1 0.2724609375 0.1435546875 0.1220703125 0.1181640625
1 0.4052734375 0.5712890625 0.126953125 0.1171875
1 0.1796875 0.2763671875 0.0859375 0.1181640625
1 0.3076171875 0.3427734375 0.0751953125 0.1142578125
1 0.673828125 0.4091796875 0.1748046875 0.0732421875
1 0.1962890625 0.4326171875 0.13671875 0.1103515625
1 0.4990234375 0.205078125 0.16796875 0.0615234375
1 0.0615234375 0.720703125 0.1240234375 0.1494140625
1 0.7841796875 0.626953125 0.0908203125 0.0908203125
1 0.533203125 0.3330078125 0.1806640625 0.0791015625
1 0.30859375 0.22265625 0.052734375 0.126953125
1 0.857421875 0.3935546875 0.1455078125 0.1015625
1 0.3525390625 0.91796875 0.1220703125 0.1640625
1 0.1650390625 0.78515625 0.1357421875 0.1416015625
1 0.1796875 0.916015625 0.0703125 0.150390625
1 0.53125 0.4384765625 0.2001953125 0.060546875
1 0.642578125 0.498046875 0.197265625 0.072265625
1 0.072265625 0.775390625 0.142578125 0.138671875
1 0.4130859375 0.880859375 0.1005859375 0.2314453125
1 0.6904296875 0.560546875 0.0849609375 0.052734375
1 0.5068359375 0.17578125 0.0947265625 0.0546875
1 0.203125 0.2109375 0.076171875 0.0693359375
1 0.8779296875 0.056640625 0.0625 0.1005859375
1 0.83984375 0.494140625 0.0810546875 0.169921875
1 0.37890625 0.15625 0.0615234375 0.078125
