1 0.9365234375 0.5087890625 0.0546875 0.08203125
1 0.9443359375 0.365234375 0.0498046875 0.0869140625
1 0.5185546875 0.0966796875 0.0625 0.080078125
1 0.259765625 0.44921875 0.05859375 0.0693359375
1 0.466796875 0.515625 0.1240234375 0.0595703125
1 0.7333984375 0.7900390625 0.0927734375 0.0732421875
1 0.291015625 0.1943359375 0.0791015625 0.08203125
1 0.216796875 0.232421875 0.0810546875 0.0537109375
1 0.2119140625 0.1708984375 0.0498046875 0.0712890625
1 0.21484375 0.615234375 0.1015625 0.0654296875
1 0.2353515625 0.087890625 0.07421875 0.0625
1 0.48046875 0.859375 0.0625 0.0771484375
1 0.59765625 0.771484375 0.0673828125 0.0517578125
1 0.578125 0.5361328125 0.09375 0.052734375
1 0.8896484375 0.4189453125 0.0908203125 0.05859375
1 0.0380859375 0.26953125 0.0771484375 0.056640625
1 0.8369140625 0.7177734375 0.07421875 0.0849609375
1 0.521484375 0.9140625 0.1328125 0.068359375
1 0.5546875 0.0185546875 0.076171875 0.0361328125
1 0.4189453125 0.2314453125 0.1142578125 0.064453125
1 0.10546875 0.259765625 0.0615234375 0.04296875
1 0.767578125 0.517578125 0.08984375 0.0517578125
1 0.0517578125 0.1611328125 0.0634765625 0.0517578125
1 0.46875 0.4521484375 0.0615234375 0.0693359375
1 0.2744140625 0.013671875 0.0751953125 0.025390625
1 0.7451171875 0.5400390625 0.052734375 0.0517578125
1 0.751953125 0.6611328125 0.0546875 0.05078125
1 0.6630859375 0.033203125 0.0888671875 0.0498046875
1 0.5302734375 0.580078125 0.0703125 0.0390625
1 0.61328125 0.7421875 0.0302734375 0.0732421875
1 0.5283203125 0.6748046875 0.068359375 0.044921875
1 0.439453125 0.3115234375 0.06640625 0.0576171875
1 0.1044921875 0.4892578125 0.0751953125 0.05078125
1 0.3681640625 0.697265625 0.1162109375 0.05078125
1 0.0322265625 0.716796875 0.064453125 0.05078125
1 0.6484375 0.6328125 0.07421875 0.0419921875
1 0.5517578125 0.4951171875 0.1181640625 0.0771484375
1 0.9794921875 0.4736328125 0.0400390625 0.0478515625
1 0.6103515625 0.3125 0.076171875 0.044921875
1 0.865234375 0.7763671875 0.0498046875 0.060546875
1 0.6064453125 0.650390625 0.1103515625 0.0673828125
1 0.609375 0.0185546875 0.0263671875 0.037109375
1 0.92578125 0.0126953125 0.033203125 0.0263671875
1 0.2041015625 0.5673828125 0.0615234375 0.0283203125
1 0.39453125 0.6328125 0.05859375 0.0546875
1 0.52734375 0.6201171875 0.0625 0.0400390625
1 0.7490234375 0.865234375 0.044921875 0.041015625
1 0.7666015625 0.919921875 0.0556640625 0.044921875
1 0.345703125 0.7705078125 0.06640625 0.037109375
1 0.3466796875 0.6015625 0.0625 0.0478515625
1 0.2666015625 0.037109375 0.0654296875 0.0341796875
1 0.2275390625 0.677734375 0.048828125 0.029296875
1 0.3623046875 0.7431640625 0.0927734375 0.04296875
1 0.9755859375 0.9599609375 0.0478515625 0.04296875
1 0.13671875 0.1416015625 0.044921875 0.03515625
1 0.58203125 0.9677734375 0.0693359375 0.0498046875
1 0.33203125 0.6630859375 0.0595703125 0.0380859375
1 0.06640625 0.447265625 0.0546875 0.080078125
1 0.4931640625 0.220703125 0.0537109375 0.052734375
1 0.79296875 0.26953125 0.0556640625 0.06640625
1 0.6943359375 0.8310546875 0.06640625 0.056640625
1 0.439453125 0.0947265625 0.0458984375 0.0537109375
1 0.876953125 0.685546875 0.0419921875 0.0478515625
1 0.5078125 0.6416015625 0.0634765625 0.0400390625
