1 0.03515625 0.546875 0.0712890625 0.0849609375
1 0.9052734375 0.48828125 0.0791015625 0.0673828125
1 0.5322265625 0.3720703125 0.0693359375 0.1162109375
1 0.1884765625 0.201171875 0.0693359375 0.0810546875
1 0.095703125 0.2724609375 0.0498046875 0.0693359375
1 0.94921875 0.1689453125 0.0546875 0.103515625
1 0.4072265625 0.9150390625 0.0478515625 0.078125
1 0.3720703125 0.7734375 0.0693359375 0.0625
1 0.5927734375 0.095703125 0.0732421875 0.072265625
1 0.94921875 0.30859375 0.0576171875 0.0693359375
1 0.34765625 0.5068359375 0.0439453125 0.0908203125
1 0.650390625 0.5615234375 0.0283203125 0.0830078125
1 0.6015625 0.4541015625 0.0263671875 0.103515625
1 0.1708984375 0.125 0.0244140625 0.0888671875
1 0.6640625 0.125 0.0546875 0.0712890625
1 0.8486328125 0.5830078125 0.0478515625 0.083984375
1 0.720703125 0.5322265625 0.0400390625 0.0751953125
1 0.0244140625 0.8681640625 0.048828125 0.048828125
1 0.115234375 0.798828125 0.072265625 0.044921875
1 0.2509765625 0.90234375 0.0390625 0.0712890625
1 0.2685546875 0.78515625 0.0634765625 0.0595703125
1 0.7705078125 0.7314453125 0.029296875 0.080078125
1 0.3984375 0.6279296875 0.0361328125 0.0576171875
1 0.48828125 0.6025390625 0.0390625 0.0810546875
1 0.3154296875 0.6318359375 0.072265625 0.046875
1 0.07421875 0.20703125 0.0361328125 0.0615234375
1 0.3857421875 0.146484375 0.0498046875 0.1298828125
1 0.70703125 0.2509765625 0.0302734375 0.076171875
1 0.93359375 0.8369140625 0.03125 0.0888671875
1 0.4248046875 0.12109375 0.037109375 0.072265625
1 0.46484375 0.19921875 0.0576171875 0.087890625
1 0.3583984375 0.154296875 0.05078125 0.07421875
1 0.626953125 0.9169921875 0.0634765625 0.064453125
1 0.1171875 0.5673828125 0.05859375 0.052734375
1 0.9248046875 0.833984375 0.03125 0.0908203125
1 0.9814453125 0.701171875 0.0361328125 0.0732421875
1 0.16015625 0.8759765625 0.076171875 0.0283203125
1 0.15234375 0.015625 0.0390625 0.03125
1 0.025390625 0.8154296875 0.0517578125 0.0595703125
1 0.6064453125 0.1591796875 0.0302734375 0.0986328125
1 0.873046875 0.884765625 0.0546875 0.060546875
1 0.8115234375 0.2197265625 0.0654296875 0.04296875
1 0.6640625 0.8828125 0.041015625 0.056640625
1 0.005859375 0.66015625 0.01171875 0.03515625
1 0.7041015625 0.9736328125 0.02734375 0.052734375
1 0.7568359375 0.2060546875 0.048828125 0.0654296875
1 0.6650390625 0.7158203125 0.0234375 0.0625
1 0.9853515625 0.91015625 0.0283203125 0.05859375
1 0.451171875 0.2638671875 0.10371093750000004 0.04853515624999999
1 0.533203125 0.90625 0.05078125 0.0439453125
1 0.4052734375 0.7099609375 0.04296875 0.0419921875
1 0.9462890625 0.0224609375 0.0361328125 0.0458984375
1 0.1533203125 0.208984375 0.041015625 0.0654296875
1 0.8408203125 0.0234375 0.037109375 0.0478515625
1 0.482421875 0.982421875 0.03515625 0.0341796875
1 0.6337890625 0.880859375 0.0400390625 0.05078125
1 0.833984375 0.8388671875 0.0556640625 0.0400390625
