1 0.12890625 0.5615234375 0.076171875 0.107421875
1 0.1962890625 0.5673828125 0.0458984375 0.0625
1 0.1259765625 0.4609375 0.0771484375 0.078125
1 0.205078125 0.4443359375 0.091796875 0.0576171875
1 0.2021484375 0.3056640625 0.0634765625 0.0712890625
1 0.228515625 0.197265625 0.1162109375 0.0732421875
1 0.0185546875 0.2353515625 0.037109375 0.076171875
1 0.033203125 0.125 0.06640625 0.1005859375
1 0.0849609375 0.1220703125 0.0634765625 0.111328125
1 0.0341796875 0.0361328125 0.060546875 0.072265625
1 0.412109375 0.193359375 0.06640625 0.1015625
1 0.40625 0.3173828125 0.0419921875 0.0478515625
1 0.599609375 0.279296875 0.0546875 0.1025390625
1 0.5537109375 0.1572265625 0.05859375 0.095703125
1 0.6552734375 0.1611328125 0.0625 0.1259765625
1 0.7353515625 0.12890625 0.0654296875 0.14453125
1 0.822265625 0.2802734375 0.0634765625 0.080078125
1 0.9140625 0.2646484375 0.0556640625 0.0986328125
1 0.9716796875 0.2119140625 0.0556640625 0.0966796875
1 0.9013671875 0.1787109375 0.123046875 0.0693359375
1 0.8701171875 0.12109375 0.119140625 0.099609375
1 0.9169921875 0.0498046875 0.0830078125 0.06640625
1 0.609375 0.40234375 0.08203125 0.158203125
1 0.478515625 0.4296875 0.0693359375 0.0517578125
1 0.64453125 0.5517578125 0.0625 0.068359375
1 0.7900390625 0.5615234375 0.0654296875 0.0595703125
1 0.953125 0.3896484375 0.0625 0.0654296875
1 0.84375 0.6669921875 0.0556640625 0.0810546875
1 0.6513671875 0.744140625 0.068359375 0.060546875
1 0.576171875 0.7509765625 0.0732421875 0.05859375
1 0.4521484375 0.65625 0.09375 0.087890625
1 0.3515625 0.6142578125 0.060546875 0.0712890625
1 0.2763671875 0.61328125 0.0791015625 0.0771484375
1 0.07421875 0.6259765625 0.0478515625 0.0478515625
1 0.1748046875 0.8310546875 0.103515625 0.0634765625
1 0.1875 0.931640625 0.068359375 0.076171875
1 0.2578125 0.9814453125 0.1240234375 0.037109375
1 0.4814453125 0.9638671875 0.08203125 0.0537109375
1 0.4541015625 0.8388671875 0.056640625 0.08984375
1 0.5546875 0.8125 0.044921875 0.06640625
1 0.6357421875 0.837890625 0.080078125 0.076171875
1 0.6318359375 0.8896484375 0.05859375 0.0498046875
1 0.7255859375 0.86328125 0.05859375 0.0595703125
1 0.7509765625 0.7861328125 0.0712890625 0.0693359375
1 0.8349609375 0.7841796875 0.0595703125 0.078125
1 0.904296875 0.810546875 0.056640625 0.076171875
1 0.931640625 0.716796875 0.0546875 0.08984375
1 0.9794921875 0.705078125 0.041015625 0.080078125
1 0.9609375 0.6298828125 0.076171875 0.068359375
1 0.79296875 0.9423828125 0.0986328125 0.0546875
1 0.8310546875 0.8681640625 0.09375 0.0693359375
1 0.9140625 0.8857421875 0.0537109375 0.0595703125
1 0.337890625 0.9560546875 0.12109375 0.0869140625
1 0.3359375 0.8564453125 0.0478515625 0.0517578125
1 0.6806640625 0.9794921875 0.0517578125 0.041015625
