1 0.5712890625 0.0224609375 0.0849609375 0.044921875
1 0.560546875 0.2197265625 0.087890625 0.09765625
1 0.8515625 0.01953125 0.1298828125 0.0390625
1 0.755859375 0.76171875 0.078125 0.0751953125
1 0.734375 0.0380859375 0.0751953125 0.0771484375
1 0.779296875 0.662109375 0.0751953125 0.115234375
1 0.95703125 0.60546875 0.0703125 0.0927734375
1 0.9453125 0.8779296875 0.0830078125 0.0625
1 0.87109375 0.748046875 0.072265625 0.0576171875
1 0.869140625 0.8046875 0.0693359375 0.064453125
1 0.8408203125 0.94921875 0.056640625 0.1005859375
1 0.9150390625 0.9619140625 0.0673828125 0.0751953125
