1 0.0263671875 0.09765625 0.0537109375 0.091796875
1 0.0771484375 0.2275390625 0.11328125 0.109375
1 0.0498046875 0.34375 0.087890625 0.107421875
1 0.208984375 0.25390625 0.0830078125 0.0966796875
1 0.4580078125 0.3330078125 0.1904296875 0.0947265625
1 0.009765625 0.6015625 0.0205078125 0.1083984375
1 0.0234375 0.697265625 0.046875 0.0849609375
1 0.0537109375 0.734375 0.0517578125 0.0791015625
1 0.0791015625 0.806640625 0.1220703125 0.158203125
1 0.056640625 0.986328125 0.0771484375 0.02734375
1 0.1630859375 0.9248046875 0.0634765625 0.150390625
1 0.3681640625 0.9775390625 0.158203125 0.044921875
1 0.2939453125 0.9130859375 0.0771484375 0.064453125
1 0.2607421875 0.6806640625 0.107421875 0.0791015625
1 0.3203125 0.7158203125 0.126953125 0.09765625
1 0.42578125 0.8251953125 0.0888671875 0.09375
1 0.421875 0.61328125 0.0810546875 0.0595703125
1 0.5341796875 0.6044921875 0.0751953125 0.0576171875
1 0.458984375 0.4638671875 0.095703125 0.228515625
1 0.6171875 0.2939453125 0.099609375 0.142578125
1 0.80078125 0.556640625 0.15625 0.1533203125
1 0.95703125 0.5625 0.0849609375 0.2314453125
1 0.75390625 0.958984375 0.0712890625 0.0576171875
1 0.958984375 0.9775390625 0.068359375 0.044921875
1 0.73828125 0.1015625 0.0830078125 0.068359375
1 0.5947265625 0.03515625 0.0634765625 0.0703125
1 0.1240234375 0.3056640625 0.1318359375 0.076171875
1 0.021484375 0.1787109375 0.04296875 0.0625
1 0.474609375 0.21484375 0.0615234375 0.080078125
1 0.83984375 0.6845703125 0.109375 0.150390625
