1 0.0556640625 0.3720703125 0.1123046875 0.0869140625
1 0.099609375 0.3193359375 0.0673828125 0.1142578125
1 0.150390625 0.2744140625 0.072265625 0.0888671875
1 0.1435546875 0.1337890625 0.0712890625 0.0712890625
1 0.185546875 0.39453125 0.0654296875 0.064453125
1 0.2529296875 0.4013671875 0.0830078125 0.1015625
1 0.2529296875 0.30078125 0.052734375 0.0546875
1 0.283203125 0.583984375 0.064453125 0.0869140625
1 0.3134765625 0.1884765625 0.06640625 0.07421875
1 0.3203125 0.1298828125 0.0771484375 0.0712890625
1 0.5400390625 0.0458984375 0.0859375 0.091796875
1 0.640625 0.3857421875 0.125 0.1259765625
1 0.6201171875 0.455078125 0.099609375 0.0732421875
1 0.6640625 0.525390625 0.095703125 0.0771484375
1 0.03515625 0.75390625 0.0615234375 0.0625
1 0.09375 0.7900390625 0.083984375 0.068359375
1 0.1318359375 0.8369140625 0.0859375 0.0693359375
1 0.0478515625 0.84765625 0.0615234375 0.0712890625
1 0.291015625 0.83203125 0.05078125 0.0693359375
1 0.36328125 0.8447265625 0.078125 0.0673828125
1 0.5107421875 0.77734375 0.0693359375 0.0703125
1 0.0390625 0.98046875 0.0771484375 0.0390625
1 0.5576171875 0.912109375 0.107421875 0.1337890625
1 0.6103515625 0.8505859375 0.0859375 0.0615234375
1 0.693359375 0.9365234375 0.0732421875 0.0712890625
1 0.7490234375 0.9697265625 0.109375 0.060546875
1 0.9833984375 0.8427734375 0.0322265625 0.123046875
1 0.9453125 0.8466796875 0.0517578125 0.064453125
1 0.931640625 0.6396484375 0.068359375 0.0712890625
1 0.9501953125 0.380859375 0.0986328125 0.083984375
1 0.86328125 0.255859375 0.041015625 0.0634765625
1 0.91015625 0.1796875 0.0556640625 0.0830078125
1 0.8662109375 0.126953125 0.09375 0.080078125
1 0.77734375 0.1220703125 0.083984375 0.06640625
1 0.79296875 0.19921875 0.0615234375 0.099609375
1 0.7041015625 0.1650390625 0.0654296875 0.078125
1 0.7314453125 0.2353515625 0.0732421875 0.103515625
1 0.9033203125 0.0302734375 0.05078125 0.0615234375
1 0.7392578125 0.03515625 0.0595703125 0.0546875
1 0.3779296875 0.7568359375 0.064453125 0.0498046875
1 0.166015625 0.7724609375 0.0419921875 0.05078125
1 0.4345703125 0.6064453125 0.056640625 0.04296875
1 0.8701171875 0.9775390625 0.091796875 0.044921875
1 0.13671875 0.986328125 0.087890625 0.0263671875
1 0.2705078125 0.986328125 0.0576171875 0.02734375
1 0.5654296875 0.9716796875 0.09375 0.0537109375
