1 0.091796875 0.1923828125 0.099609375 0.0810546875
1 0.1171875 0.2734375 0.0830078125 0.0595703125
1 0.1884765625 0.2724609375 0.0595703125 0.0732421875
1 0.3251953125 0.162109375 0.06640625 0.0625
1 0.369140625 0.220703125 0.0703125 0.0771484375
1 0.6357421875 0.205078125 0.0830078125 0.048828125
1 0.8564453125 0.064453125 0.109375 0.072265625
1 0.89453125 0.04296875 0.1044921875 0.0498046875
1 0.240234375 0.0419921875 0.0595703125 0.0849609375
1 0.08984375 0.029296875 0.05859375 0.05859375
1 0.146484375 0.0927734375 0.0537109375 0.0546875
1 0.0087890625 0.435546875 0.0185546875 0.0966796875
1 0.05078125 0.76953125 0.0595703125 0.080078125
1 0.2255859375 0.6103515625 0.08203125 0.0546875
1 0.177734375 0.537109375 0.0732421875 0.05859375
1 0.1201171875 0.5322265625 0.052734375 0.064453125
1 0.4287109375 0.5029296875 0.0830078125 0.06640625
1 0.3876953125 0.6689453125 0.0791015625 0.0673828125
1 0.509765625 0.6748046875 0.0517578125 0.0576171875
1 0.552734375 0.71484375 0.0947265625 0.072265625
1 0.49609375 0.7841796875 0.0986328125 0.0869140625
1 0.58984375 0.8359375 0.10546875 0.087890625
1 0.5087890625 0.921875 0.0771484375 0.087890625
1 0.2626953125 0.9052734375 0.072265625 0.0654296875
1 0.1533203125 0.8193359375 0.064453125 0.076171875
1 0.09765625 0.794921875 0.056640625 0.08984375
1 0.18359375 0.9775390625 0.068359375 0.044921875
1 0.029296875 0.681640625 0.03515625 0.0478515625
1 0.7890625 0.873046875 0.0966796875 0.0830078125
1 0.7392578125 0.7470703125 0.080078125 0.0634765625
1 0.7861328125 0.6513671875 0.0703125 0.0849609375
1 0.802734375 0.5595703125 0.0908203125 0.0546875
1 0.8779296875 0.49609375 0.0888671875 0.0576171875
1 0.8154296875 0.4267578125 0.0654296875 0.05859375
1 0.771484375 0.46875 0.052734375 0.0546875
1 0.8720703125 0.60546875 0.0810546875 0.0810546875
1 0.97265625 0.5361328125 0.0546875 0.0517578125
1 0.9287109375 0.953125 0.0947265625 0.0673828125
1 0.8564453125 0.935546875 0.060546875 0.076171875
1 0.5205078125 0.5498046875 0.05859375 0.0673828125
1 0.6162109375 0.515625 0.078125 0.0615234375
1 0.5263671875 0.41015625 0.09765625 0.0771484375
1 0.431640625 0.3701171875 0.076171875 0.0947265625
1 0.619140625 0.330078125 0.072265625 0.068359375
1 0.927734375 0.3408203125 0.126953125 0.0693359375
1 0.8583984375 0.3583984375 0.072265625 0.0703125
1 0.9560546875 0.2099609375 0.087890625 0.0595703125
1 0.453125 0.125 0.0712890625 0.0615234375
1 0.3271484375 0.2490234375 0.0576171875 0.048828125
1 0.1484375 0.01953125 0.0693359375 0.0400390625
1 0.744140625 0.806640625 0.076171875 0.0615234375
