1 0.751953125 0.0380859375 0.109375 0.0771484375
1 0.3544921875 0.244140625 0.1162109375 0.0947265625
1 0.310546875 0.7587890625 0.109375 0.087890625
1 0.8701171875 0.9404296875 0.1376953125 0.11328125
1 0.0341796875 0.814453125 0.0693359375 0.10546875
1 0.16015625 0.787109375 0.1181640625 0.099609375
1 0.4111328125 0.498046875 0.1201171875 0.0947265625
1 0.216796875 0.734375 0.095703125 0.0947265625
1 0.048828125 0.4814453125 0.0947265625 0.0849609375
1 0.53515625 0.087890625 0.0947265625 0.095703125
1 0.662109375 0.1455078125 0.279296875 0.1123046875
1 0.083984375 0.625 0.119140625 0.2236328125
1 0.9228515625 0.8671875 0.1533203125 0.1328125
1 0.271484375 0.0419921875 0.1748046875 0.0849609375
1 0.146484375 0.0361328125 0.1357421875 0.0732421875
1 0.1552734375 0.6162109375 0.0732421875 0.2099609375
1 0.09765625 0.93359375 0.0927734375 0.1328125
1 0.197265625 0.2939453125 0.14453125 0.1552734375
1 0.8525390625 0.177734375 0.294921875 0.23046875
1 0.2470703125 0.5205078125 0.080078125 0.0625
1 0.138671875 0.24609375 0.0849609375 0.107421875
1 0.5615234375 0.2431640625 0.0947265625 0.08203125
1 0.2080078125 0.642578125 0.0537109375 0.1064453125
