1 0.015625 0.443359375 0.0322265625 0.1240234375
1 0.0771484375 0.716796875 0.1123046875 0.1669921875
1 0.2919921875 0.767578125 0.0849609375 0.1279296875
1 0.2021484375 0.912109375 0.123046875 0.140625
1 0.416015625 0.7568359375 0.1123046875 0.1328125
1 0.580078125 0.5576171875 0.0966796875 0.1015625
1 0.7294921875 0.6865234375 0.0791015625 0.091796875
1 0.8525390625 0.48046875 0.1865234375 0.0859375
1 0.818359375 0.568359375 0.078125 0.0498046875
1 0.4873046875 0.400390625 0.095703125 0.06640625
1 0.5107421875 0.296875 0.103515625 0.1015625
1 0.2978515625 0.24609375 0.09375 0.07421875
1 0.044921875 0.1806640625 0.0908203125 0.103515625
1 0.4482421875 0.162109375 0.099609375 0.06640625
1 0.5830078125 0.1826171875 0.1171875 0.072265625
1 0.669921875 0.2900390625 0.1513671875 0.0732421875
1 0.7353515625 0.40234375 0.08984375 0.05859375
1 0.974609375 0.255859375 0.05078125 0.05078125
1 0.96484375 0.314453125 0.0693359375 0.07421875
1 0.974609375 0.48828125 0.05078125 0.0673828125
1 0.94140625 0.71484375 0.095703125 0.142578125
