1 0.3984375 0.7216796875 0.1142578125 0.1201171875
1 0.224609375 0.6826171875 0.150390625 0.125
1 0.4892578125 0.201171875 0.115234375 0.1123046875
1 0.85546875 0.5234375 0.107421875 0.138671875
1 0.15234375 0.3017578125 0.1181640625 0.1259765625
1 0.205078125 0.7958984375 0.1220703125 0.09765625
1 0.8251953125 0.2548828125 0.1669921875 0.134765625
1 0.1962890625 0.037109375 0.11328125 0.0751953125
1 0.3740234375 0.90625 0.130859375 0.109375
1 0.94921875 0.28125 0.08984375 0.0908203125
1 0.3251953125 0.244140625 0.1025390625 0.1044921875
1 0.4130859375 0.3125 0.0986328125 0.095703125
1 0.921875 0.0537109375 0.150390625 0.107421875
1 0.80859375 0.0595703125 0.1005859375 0.099609375
1 0.4287109375 0.384765625 0.083984375 0.0986328125
1 0.5966796875 0.291015625 0.080078125 0.0986328125
1 0.9580078125 0.67578125 0.0634765625 0.068359375
1 0.1748046875 0.9423828125 0.095703125 0.115234375
1 0.1591796875 0.4169921875 0.1494140625 0.16015625
1 0.9404296875 0.828125 0.0673828125 0.091796875
1 0.2265625 0.2548828125 0.083984375 0.0703125
1 0.451171875 0.46875 0.15234375 0.078125
1 0.5400390625 0.9267578125 0.115234375 0.1455078125
1 0.6337890625 0.6279296875 0.0654296875 0.05078125
1 0.9404296875 0.9560546875 0.1103515625 0.0869140625
1 0.1904296875 0.4833984375 0.1181640625 0.09765625
1 0.57421875 0.5654296875 0.1005859375 0.1279296875
1 0.0595703125 0.6552734375 0.115234375 0.1279296875
1 0.4423828125 0.9423828125 0.1142578125 0.115234375
1 0.177734375 0.8642578125 0.0771484375 0.0546875
1 0.0419921875 0.455078125 0.080078125 0.0771484375
1 0.052734375 0.5595703125 0.1025390625 0.109375
1 0.4814453125 0.5498046875 0.083984375 0.076171875
