1 0.111328125 0.9326171875 0.09765625 0.083984375
1 0.4404296875 0.9833984375 0.0927734375 0.033203125
1 0.310546875 0.814453125 0.107421875 0.080078125
1 0.0517578125 0.087890625 0.099609375 0.0625
1 0.9599609375 0.9599609375 0.0654296875 0.080078125
1 0.169921875 0.2197265625 0.08984375 0.064453125
1 0.0595703125 0.5615234375 0.0869140625 0.0537109375
1 0.5322265625 0.888671875 0.08984375 0.0625
1 0.626953125 0.8798828125 0.099609375 0.0673828125
1 0.3251953125 0.525390625 0.1123046875 0.09765625
1 0.076171875 0.208984375 0.0927734375 0.0556640625
1 0.6416015625 0.2060546875 0.080078125 0.0625
1 0.5966796875 0.056640625 0.0595703125 0.080078125
1 0.087890625 0.4970703125 0.09765625 0.0498046875
1 0.515625 0.6318359375 0.08203125 0.064453125
1 0.3828125 0.728515625 0.1181640625 0.0625
1 0.4267578125 0.927734375 0.1044921875 0.0732421875
1 0.7099609375 0.767578125 0.060546875 0.037109375
1 0.091796875 0.7470703125 0.07421875 0.0654296875
1 0.650390625 0.56640625 0.107421875 0.0595703125
1 0.31640625 0.3603515625 0.1103515625 0.107421875
1 0.3828125 0.9658203125 0.0966796875 0.033203125
1 0.2822265625 0.23828125 0.099609375 0.056640625
1 0.720703125 0.833984375 0.0537109375 0.0693359375
1 0.638671875 0.412109375 0.087890625 0.052734375
1 0.7880859375 0.1416015625 0.0595703125 0.0751953125
1 0.681640625 0.4638671875 0.0693359375 0.1103515625
1 0.322265625 0.189453125 0.06640625 0.0439453125
1 0.6005859375 0.6171875 0.0771484375 0.064453125
1 0.6396484375 0.7822265625 0.060546875 0.0546875
1 0.4794921875 0.77734375 0.0849609375 0.0703125
1 0.1328125 0.3779296875 0.2431640625 0.072265625
1 0.74609375 0.0595703125 0.0546875 0.07421875
1 0.5078125 0.8203125 0.0927734375 0.0732421875
1 0.724609375 0.556640625 0.060546875 0.0595703125
1 0.7119140625 0.1220703125 0.064453125 0.07421875
1 0.607421875 0.291015625 0.068359375 0.076171875
1 0.4296875 0.79296875 0.099609375 0.0869140625
1 0.5927734375 0.4453125 0.0478515625 0.0478515625
1 0.21875 0.4345703125 0.0556640625 0.0546875
1 0.5732421875 0.1923828125 0.056640625 0.044921875
1 0.1904296875 0.119140625 0.0869140625 0.0556640625
1 0.0537109375 0.037109375 0.1083984375 0.0751953125
1 0.0615234375 0.2744140625 0.1201171875 0.060546875
1 0.0693359375 0.3212890625 0.134765625 0.0654296875
1 0.578125 0.806640625 0.0673828125 0.0556640625
1 0.0302734375 0.8671875 0.0576171875 0.125
1 0.029296875 0.966796875 0.0546875 0.0654296875
1 0.64453125 0.9775390625 0.080078125 0.0439453125
