1 0.884765625 0.955078125 0.0595703125 0.08984375
1 0.2607421875 0.1220703125 0.056640625 0.107421875
1 0.9228515625 0.041015625 0.0478515625 0.08203125
1 0.9541015625 0.69140625 0.06640625 0.0986328125
1 0.0615234375 0.650390625 0.0615234375 0.0791015625
1 0.0166015625 0.4716796875 0.033203125 0.0888671875
1 0.0205078125 0.2314453125 0.041015625 0.080078125
1 0.216796875 0.080078125 0.056640625 0.1142578125
1 0.923828125 0.1904296875 0.072265625 0.138671875
1 0.443359375 0.19921875 0.056640625 0.0927734375
1 0.546875 0.4453125 0.064453125 0.091796875
1 0.83203125 0.166015625 0.0517578125 0.0693359375
1 0.3251953125 0.890625 0.0546875 0.08984375
1 0.2236328125 0.2138671875 0.0498046875 0.0966796875
1 0.6181640625 0.6328125 0.05859375 0.0869140625
1 0.2978515625 0.22265625 0.046875 0.0732421875
1 0.7041015625 0.4619140625 0.09765625 0.0703125
1 0.0205078125 0.658203125 0.041015625 0.0732421875
1 0.7607421875 0.3818359375 0.02734375 0.0966796875
1 0.5126953125 0.55078125 0.0478515625 0.0771484375
1 0.375 0.7197265625 0.0615234375 0.064453125
1 0.552734375 0.1240234375 0.05859375 0.0947265625
1 0.51953125 0.537109375 0.056640625 0.0927734375
1 0.4482421875 0.0927734375 0.0849609375 0.056640625
1 0.5478515625 0.4130859375 0.0673828125 0.0673828125
1 0.0478515625 0.1708984375 0.0625 0.0537109375
1 0.9091796875 0.3671875 0.033203125 0.0634765625
1 0.642578125 0.443359375 0.0361328125 0.08203125
1 0.1513671875 0.203125 0.0478515625 0.0771484375
1 0.109375 0.115234375 0.0361328125 0.1015625
1 0.4111328125 0.783203125 0.1083984375 0.05078125
1 0.6728515625 0.6318359375 0.060546875 0.072265625
1 0.0537109375 0.494140625 0.0546875 0.0693359375
1 0.5283203125 0.0205078125 0.0263671875 0.0419921875
1 0.1328125 0.9873046875 0.0751953125 0.025390625
1 0.02734375 0.5693359375 0.0556640625 0.0625
1 0.455078125 0.564453125 0.0322265625 0.0927734375
1 0.6650390625 0.6943359375 0.03515625 0.080078125
1 0.78125 0.298828125 0.0576171875 0.0634765625
1 0.2548828125 0.560546875 0.048828125 0.033203125
1 0.7880859375 0.7509765625 0.046875 0.07421875
1 0.951171875 0.5498046875 0.041015625 0.068359375
1 0.9560546875 0.9599609375 0.03125 0.080078125
1 0.1328125 0.48046875 0.0693359375 0.083984375
1 0.31640625 0.9296875 0.0634765625 0.0673828125
1 0.51171875 0.8974609375 0.0546875 0.0771484375
1 0.6552734375 0.080078125 0.041015625 0.091796875
1 0.599609375 0.251953125 0.0595703125 0.0439453125
1 0.361328125 0.5263671875 0.0517578125 0.072265625
1 0.771484375 0.8603515625 0.03125 0.0693359375
1 0.1435546875 0.5283203125 0.06640625 0.0703125
1 0.5498046875 0.7880859375 0.048828125 0.091796875
1 0.2041015625 0.859375 0.076171875 0.0498046875
1 0.2900390625 0.0234375 0.0576171875 0.03515625
1 0.6181640625 0.9716796875 0.0654296875 0.056640625
1 0.6806640625 0.0185546875 0.0322265625 0.0380859375
1 0.423828125 0.521484375 0.06640625 0.0625
1 0.34375 0.8330078125 0.0791015625 0.0615234375
1 0.7236328125 0.828125 0.0751953125 0.1171875
1 0.2529296875 0.923828125 0.044921875 0.0498046875
1 0.69140625 0.5927734375 0.05078125 0.052734375
1 0.1767578125 0.0166015625 0.04296875 0.0341796875
1 0.673828125 0.30859375 0.037109375 0.0654296875
1 0.2412109375 0.826171875 0.0595703125 0.044921875
1 0.642578125 0.54296875 0.0556640625 0.0634765625
1 0.6064453125 0.2080078125 0.0849609375 0.041015625
1 0.4130859375 0.0146484375 0.0380859375 0.0302734375
1 0.5595703125 0.896484375 0.0517578125 0.0517578125
1 0.7333984375 0.4169921875 0.0322265625 0.072265625
1 0.2060546875 0.0068359375 0.0439453125 0.0146484375
1 0.1689453125 0.8564453125 0.04296875 0.0390625
1 0.3974609375 0.572265625 0.0478515625 0.068359375
1 0.6826171875 0.1435546875 0.0791015625 0.04296875
1 0.05859375 0.06640625 0.076171875 0.083984375
1 0.6357421875 0.1240234375 0.08203125 0.0517578125
1 0.830078125 0.9365234375 0.0380859375 0.0615234375
