1 0.857421875 0.6591796875 0.0966796875 0.07421875
1 0.7109375 0.7333984375 0.142578125 0.107421875
1 0.69140625 0.234375 0.1005859375 0.1201171875
1 0.361328125 0.794921875 0.0849609375 0.0693359375
1 0.470703125 0.8603515625 0.0673828125 0.0830078125
1 0.5390625 0.1025390625 0.0849609375 0.0673828125
1 0.677734375 0.9794921875 0.1279296875 0.0400390625
1 0.412109375 0.5703125 0.0703125 0.0771484375
1 0.6728515625 0.044921875 0.080078125 0.048828125
1 0.109375 0.1279296875 0.0849609375 0.0927734375
1 0.123046875 0.7998046875 0.08203125 0.08984375
1 0.6123046875 0.7109375 0.099609375 0.087890625
1 0.583984375 0.8984375 0.0751953125 0.087890625
1 0.482421875 0.302734375 0.0576171875 0.0576171875
1 0.5615234375 0.6123046875 0.0751953125 0.0546875
1 0.1640625 0.91015625 0.0849609375 0.0576171875
1 0.4873046875 0.4111328125 0.0654296875 0.041015625
1 0.662109375 0.4130859375 0.07421875 0.107421875
1 0.3505859375 0.5419921875 0.107421875 0.080078125
1 0.8681640625 0.0771484375 0.0634765625 0.048828125
1 0.109375 0.0302734375 0.087890625 0.056640625
1 0.0234375 0.2822265625 0.04296875 0.14453125
1 0.466796875 0.7197265625 0.0654296875 0.099609375
1 0.3115234375 0.6298828125 0.0751953125 0.0673828125
1 0.09375 0.203125 0.0849609375 0.072265625
1 0.3701171875 0.6279296875 0.0673828125 0.0673828125
1 0.7255859375 0.021484375 0.072265625 0.0400390625
1 0.068359375 0.490234375 0.0615234375 0.0458984375
1 0.4951171875 0.66796875 0.0673828125 0.1025390625
