1 0.033203125 0.041015625 0.0673828125 0.08203125
1 0.193359375 0.1201171875 0.0576171875 0.0576171875
1 0.1865234375 0.189453125 0.0595703125 0.0693359375
1 0.033203125 0.2177734375 0.06640625 0.078125
1 0.1484375 0.4697265625 0.0849609375 0.140625
1 0.15625 0.58984375 0.05859375 0.0693359375
1 0.1416015625 0.6650390625 0.0693359375 0.0673828125
1 0.3271484375 0.4638671875 0.0947265625 0.080078125
1 0.4326171875 0.51171875 0.0693359375 0.0908203125
1 0.5224609375 0.505859375 0.0654296875 0.0791015625
1 0.541015625 0.326171875 0.0712890625 0.0791015625
1 0.6552734375 0.5283203125 0.06640625 0.091796875
1 0.564453125 0.634765625 0.0654296875 0.1064453125
1 0.0625 0.8330078125 0.0615234375 0.078125
1 0.140625 0.939453125 0.0791015625 0.12109375
1 0.328125 0.9755859375 0.0771484375 0.048828125
1 0.4833984375 0.9677734375 0.0732421875 0.064453125
1 0.6044921875 0.9404296875 0.0615234375 0.0556640625
1 0.546875 0.8466796875 0.0771484375 0.072265625
1 0.48046875 0.7373046875 0.0517578125 0.0537109375
1 0.4326171875 0.8251953125 0.0517578125 0.0791015625
1 0.322265625 0.7685546875 0.0654296875 0.0927734375
1 0.404296875 0.7333984375 0.0546875 0.0771484375
1 0.666015625 0.796875 0.0966796875 0.0810546875
1 0.830078125 0.64453125 0.09765625 0.0693359375
1 0.73046875 0.5224609375 0.0908203125 0.068359375
1 0.8642578125 0.53515625 0.078125 0.1015625
1 0.8837890625 0.9697265625 0.0751953125 0.0595703125
1 0.9453125 0.900390625 0.0693359375 0.06640625
1 0.8779296875 0.8310546875 0.0966796875 0.1015625
1 0.916015625 0.7021484375 0.08203125 0.07421875
1 0.958984375 0.6142578125 0.068359375 0.0576171875
1 0.9755859375 0.515625 0.048828125 0.0859375
1 0.9765625 0.369140625 0.046875 0.0830078125
1 0.8642578125 0.17578125 0.083984375 0.1083984375
1 0.9208984375 0.123046875 0.087890625 0.0791015625
1 0.744140625 0.044921875 0.0673828125 0.0771484375
1 0.6171875 0.0263671875 0.0634765625 0.0537109375
1 0.5517578125 0.0947265625 0.0712890625 0.078125
1 0.423828125 0.0986328125 0.0771484375 0.0859375
1 0.853515625 0.4638671875 0.0634765625 0.1015625
1 0.7802734375 0.49609375 0.07421875 0.0830078125
1 0.904296875 0.2900390625 0.05859375 0.06640625
1 0.787109375 0.1806640625 0.0791015625 0.1494140625
1 0.2109375 0.9853515625 0.08203125 0.0283203125
