1 0.439453125 0.5390625 0.064453125 0.0830078125
1 0.009765625 0.4345703125 0.01953125 0.0693359375
1 0.0166015625 0.8017578125 0.0341796875 0.0751953125
1 0.7802734375 0.541015625 0.052734375 0.0927734375
1 0.349609375 0.3837890625 0.091796875 0.0625
1 0.4853515625 0.8583984375 0.08984375 0.0791015625
1 0.4638671875 0.439453125 0.09765625 0.0634765625
1 0.779296875 0.439453125 0.09375 0.1201171875
1 0.90234375 0.314453125 0.0302734375 0.09375
1 0.130859375 0.857421875 0.1123046875 0.06640625
1 0.0146484375 0.029296875 0.0302734375 0.0576171875
1 0.7685546875 0.875 0.080078125 0.0732421875
1 0.2841796875 0.248046875 0.0751953125 0.1025390625
1 0.146484375 0.6806640625 0.10546875 0.0986328125
1 0.46484375 0.33203125 0.044921875 0.0810546875
1 0.365234375 0.74609375 0.0625 0.0517578125
1 0.9384765625 0.236328125 0.0576171875 0.0791015625
1 0.9326171875 0.431640625 0.0439453125 0.0791015625
1 0.72265625 0.59765625 0.0654296875 0.0537109375
1 0.59765625 0.6396484375 0.0556640625 0.072265625
1 0.3642578125 0.126953125 0.083984375 0.060546875
1 0.1357421875 0.560546875 0.0927734375 0.056640625
1 0.626953125 0.4052734375 0.0556640625 0.05859375
1 0.6474609375 0.181640625 0.0283203125 0.1337890625
1 0.2119140625 0.6416015625 0.0810546875 0.041015625
1 0.978515625 0.4404296875 0.0419921875 0.0771484375
1 0.111328125 0.9228515625 0.080078125 0.0546875
1 0.4921875 0.02734375 0.03515625 0.052734375
1 0.8955078125 0.5009765625 0.056640625 0.04296875
1 0.3310546875 0.5458984375 0.103515625 0.060546875
1 0.1025390625 0.2138671875 0.0498046875 0.046875
1 0.3056640625 0.1884765625 0.048828125 0.0625
1 0.041015625 0.4755859375 0.04296875 0.0498046875
1 0.8564453125 0.4111328125 0.0595703125 0.029296875
1 0.0595703125 0.4306640625 0.0673828125 0.041015625
1 0.6552734375 0.4921875 0.060546875 0.0341796875
1 0.0263671875 0.7509765625 0.052734375 0.046875
1 0.083984375 0.13671875 0.0546875 0.064453125
1 0.8154296875 0.0126953125 0.0634765625 0.0263671875
1 0.70703125 0.935546875 0.0263671875 0.072265625
1 0.271484375 0.3017578125 0.0732421875 0.1025390625
1 0.6474609375 0.8720703125 0.0791015625 0.0419921875
1 0.5830078125 0.8359375 0.03261718749999998 0.07089843750000002
1 0.482421875 0.353515625 0.033203125 0.10546875
1 0.544921875 0.24609375 0.07421875 0.0361328125
1 0.2841796875 0.7841796875 0.052734375 0.0390625
1 0.4775390625 0.931640625 0.0390625 0.0517578125
1 0.57421875 0.7763671875 0.06640625 0.041015625
1 0.0439453125 0.5849609375 0.0703125 0.0673828125
1 0.4677734375 0.2060546875 0.0458984375 0.056640625
1 0.66796875 0.5546875 0.087890625 0.044921875
1 0.3642578125 0.9833984375 0.033203125 0.0283203125
1 0.91015625 0.578125 0.044921875 0.056640625
1 0.892578125 0.2470703125 0.0537109375 0.0625
1 0.84765625 0.9501953125 0.029296875 0.0517578125
1 0.6396484375 0.8427734375 0.07421875 0.0390625
1 0.9404296875 0.626953125 0.0419921875 0.033203125
1 0.150390625 0.2666015625 0.0419921875 0.0576171875
1 0.0068359375 0.83984375 0.0146484375 0.0673828125
1 0.2783203125 0.83203125 0.0341796875 0.0693359375
1 0.94140625 0.6201171875 0.0478515625 0.03515625
1 0.2099609375 0.25 0.0556640625 0.0791015625
1 0.33984375 0.8427734375 0.0546875 0.0693359375
