1 0.17578125 0.9638671875 0.125 0.0615234375
1 0.4482421875 0.9541015625 0.1064453125 0.0712890625
1 0.310546875 0.6904296875 0.13671875 0.0830078125
1 0.1708984375 0.658203125 0.0712890625 0.0537109375
1 0.4970703125 0.61328125 0.0810546875 0.0751953125
1 0.5576171875 0.5068359375 0.0908203125 0.0537109375
1 0.7236328125 0.6142578125 0.0810546875 0.0693359375
1 0.8232421875 0.75 0.224609375 0.11328125
1 0.6044921875 0.7099609375 0.09765625 0.0830078125
1 0.9599609375 0.912109375 0.0791015625 0.14453125
1 0.9462890625 0.5283203125 0.0751953125 0.142578125
1 0.919921875 0.1982421875 0.13671875 0.08984375
1 0.0986328125 0.08203125 0.125 0.103515625
1 0.9755859375 0.060546875 0.0478515625 0.083984375
