1 0.1728515625 0.7783203125 0.1279296875 0.15234375
1 0.7529296875 0.7802734375 0.09765625 0.0673828125
1 0.689453125 0.6669921875 0.1298828125 0.095703125
1 0.0185546875 0.771484375 0.037109375 0.0849609375
1 0.583984375 0.95703125 0.109375 0.080078125
1 0.5546875 0.2392578125 0.10546875 0.0947265625
1 0.0283203125 0.177734375 0.056640625 0.1376953125
1 0.505859375 0.8203125 0.087890625 0.1083984375
1 0.0478515625 0.9658203125 0.0966796875 0.068359375
1 0.3525390625 0.1982421875 0.0771484375 0.126953125
1 0.75390625 0.4921875 0.14453125 0.09765625
1 0.044921875 0.5166015625 0.08984375 0.1044921875
1 0.4873046875 0.515625 0.150390625 0.107421875
1 0.078125 0.31640625 0.078125 0.1396484375
1 0.8896484375 0.703125 0.08984375 0.072265625
1 0.4248046875 0.09765625 0.080078125 0.0830078125
1 0.7197265625 0.287109375 0.125 0.099609375
1 0.943359375 0.7421875 0.087890625 0.0703125
1 0.896484375 0.81640625 0.1103515625 0.0947265625
1 0.708984375 0.1591796875 0.0908203125 0.1103515625
1 0.400390625 0.79296875 0.1767578125 0.09765625
1 0.294921875 0.65625 0.080078125 0.0751953125
1 0.384765625 0.4130859375 0.115234375 0.1572265625
1 0.9267578125 0.4091796875 0.0751953125 0.08984375
1 0.0498046875 0.2255859375 0.0703125 0.126953125
1 0.078125 0.1142578125 0.0625 0.1103515625
1 0.9404296875 0.6240234375 0.09765625 0.0654296875
1 0.9423828125 0.583984375 0.115234375 0.0595703125
1 0.67578125 0.546875 0.123046875 0.0498046875
1 0.3193359375 0.1494140625 0.0849609375 0.115234375
1 0.349609375 0.0654296875 0.080078125 0.107421875
1 0.7470703125 0.2255859375 0.115234375 0.087890625
1 0.9619140625 0.181640625 0.0751953125 0.1298828125
1 0.935546875 0.080078125 0.1279296875 0.1220703125
1 0.287109375 0.234375 0.060546875 0.0703125
1 0.611328125 0.0439453125 0.0849609375 0.0849609375
1 0.8291015625 0.447265625 0.072265625 0.078125
1 0.1396484375 0.9833984375 0.1259765625 0.0283203125
