1 0.185546875 0.1630859375 0.0498046875 0.072265625
1 0.1962890625 0.0888671875 0.052734375 0.0478515625
1 0.1015625 0.1767578125 0.0732421875 0.078125
1 0.2177734375 0.0234375 0.1318359375 0.0478515625
1 0.376953125 0.0859375 0.076171875 0.0576171875
1 0.244140625 0.154296875 0.0654296875 0.0693359375
1 0.4208984375 0.0458984375 0.076171875 0.0576171875
1 0.9306640625 0.017578125 0.1220703125 0.0361328125
1 0.6298828125 0.0947265625 0.0703125 0.0771484375
1 0.7314453125 0.1220703125 0.076171875 0.0830078125
1 0.53125 0.1962890625 0.080078125 0.080078125
1 0.4296875 0.265625 0.0869140625 0.087890625
1 0.1201171875 0.3359375 0.078125 0.1240234375
1 0.1953125 0.5263671875 0.09765625 0.1083984375
1 0.326171875 0.6201171875 0.0849609375 0.0888671875
1 0.4248046875 0.58984375 0.0849609375 0.15625
1 0.5439453125 0.775390625 0.1201171875 0.1611328125
1 0.2353515625 0.7255859375 0.0654296875 0.05078125
1 0.1630859375 0.7529296875 0.072265625 0.0703125
1 0.3388671875 0.82421875 0.080078125 0.115234375
1 0.3984375 0.748046875 0.080078125 0.080078125
1 0.0390625 0.9208984375 0.0791015625 0.0703125
1 0.072265625 0.9638671875 0.0673828125 0.072265625
1 0.18359375 0.96484375 0.0830078125 0.0693359375
1 0.3173828125 0.9501953125 0.080078125 0.099609375
1 0.23828125 0.8525390625 0.119140625 0.091796875
1 0.6142578125 0.87109375 0.0458984375 0.064453125
1 0.6787109375 0.9208984375 0.095703125 0.0673828125
1 0.8759765625 0.8505859375 0.0849609375 0.07421875
1 0.951171875 0.8447265625 0.083984375 0.0703125
1 0.8017578125 0.5556640625 0.0732421875 0.068359375
1 0.7724609375 0.369140625 0.0625 0.0771484375
1 0.853515625 0.1552734375 0.06640625 0.0693359375
1 0.9140625 0.0712890625 0.08203125 0.08984375
1 0.8681640625 0.421875 0.0576171875 0.0810546875
1 0.9345703125 0.396484375 0.05859375 0.072265625
1 0.923828125 0.22265625 0.083984375 0.080078125
1 0.9638671875 0.5087890625 0.072265625 0.0615234375
1 0.2373046875 0.4365234375 0.0556640625 0.0439453125
1 0.6689453125 0.66015625 0.083984375 0.056640625
1 0.4111328125 0.9619140625 0.0673828125 0.0517578125
1 0.0927734375 0.0517578125 0.0654296875 0.0595703125
1 0.25390625 0.615234375 0.0888671875 0.0625
1 0.7763671875 0.4921875 0.119140625 0.068359375
