1 0.0185546875 0.41796875 0.037109375 0.0927734375
1 0.046875 0.681640625 0.0859375 0.0703125
1 0.1337890625 0.7509765625 0.1005859375 0.072265625
1 0.0791015625 0.7919921875 0.0712890625 0.0703125
1 0.0341796875 0.8359375 0.068359375 0.0615234375
1 0.30078125 0.7666015625 0.095703125 0.0576171875
1 0.3369140625 0.83984375 0.10546875 0.0869140625
1 0.3095703125 0.9033203125 0.095703125 0.0751953125
1 0.2919921875 0.96875 0.076171875 0.0625
1 0.2265625 0.6220703125 0.0732421875 0.0751953125
1 0.3583984375 0.5625 0.0849609375 0.07421875
1 0.099609375 0.3720703125 0.0595703125 0.09375
1 0.4189453125 0.41015625 0.06640625 0.154296875
1 0.4072265625 0.3193359375 0.06640625 0.0595703125
1 0.5283203125 0.48828125 0.072265625 0.07421875
1 0.626953125 0.373046875 0.072265625 0.072265625
1 0.4775390625 0.3017578125 0.0654296875 0.0791015625
1 0.470703125 0.2158203125 0.1044921875 0.072265625
1 0.52734375 0.1787109375 0.0693359375 0.0810546875
1 0.7431640625 0.201171875 0.087890625 0.1005859375
1 0.1201171875 0.0634765625 0.078125 0.091796875
1 0.212890625 0.0693359375 0.099609375 0.103515625
1 0.669921875 0.029296875 0.1123046875 0.05859375
1 0.7646484375 0.0869140625 0.0771484375 0.091796875
1 0.8388671875 0.18359375 0.1455078125 0.09375
1 0.982421875 0.36328125 0.0341796875 0.12890625
1 0.626953125 0.5791015625 0.0908203125 0.078125
1 0.6640625 0.671875 0.0830078125 0.0751953125
1 0.4892578125 0.7529296875 0.0625 0.06640625
1 0.685546875 0.78125 0.076171875 0.087890625
1 0.8095703125 0.69140625 0.0771484375 0.08984375
1 0.9541015625 0.623046875 0.072265625 0.0693359375
1 0.79296875 0.9169921875 0.0712890625 0.091796875
1 0.62109375 0.9169921875 0.095703125 0.0673828125
1 0.580078125 0.9677734375 0.0576171875 0.0634765625
1 0.5263671875 0.97265625 0.0625 0.0537109375
1 0.90234375 0.94921875 0.060546875 0.08984375
1 0.751953125 0.841796875 0.0625 0.0625
1 0.021484375 0.75 0.0439453125 0.0537109375
1 0.0439453125 0.3955078125 0.072265625 0.0849609375
1 0.87109375 0.017578125 0.0771484375 0.0361328125
1 0.4365234375 0.171875 0.0478515625 0.044921875
1 0.478515625 0.986328125 0.0419921875 0.025390625
1 0.0283203125 0.1298828125 0.0322265625 0.037109375
1 0.013671875 0.205078125 0.0283203125 0.0478515625
1 0.98828125 0.0126953125 0.0224609375 0.0263671875
1 0.912109375 0.892578125 0.05859375 0.060546875
1 0.4775390625 0.251953125 0.0458984375 0.0322265625
1 0.3369140625 0.0078125 0.044921875 0.015625
1 0.1484375 0.3759765625 0.0263671875 0.02734375
