1 0.2236328125 0.8828125 0.0849609375 0.06640625
1 0.037109375 0.646484375 0.07421875 0.1103515625
1 0.4892578125 0.5205078125 0.09765625 0.1064453125
1 0.9287109375 0.4970703125 0.0537109375 0.0908203125
1 0.6650390625 0.2861328125 0.04296875 0.0546875
1 0.697265625 0.6005859375 0.0654296875 0.0888671875
1 0.1533203125 0.6708984375 0.0478515625 0.0478515625
1 0.1376953125 0.84375 0.068359375 0.0595703125
1 0.9287109375 0.0595703125 0.08203125 0.119140625
1 0.7294921875 0.974609375 0.083984375 0.0498046875
1 0.0869140625 0.931640625 0.126953125 0.09375
1 0.8994140625 0.541015625 0.1005859375 0.130859375
1 0.0234375 0.419921875 0.0458984375 0.076171875
1 0.0576171875 0.16796875 0.115234375 0.1298828125
1 0.3291015625 0.47265625 0.06640625 0.0888671875
1 0.798828125 0.861328125 0.0654296875 0.0732421875
1 0.970703125 0.1318359375 0.0576171875 0.130859375
1 0.28515625 0.1650390625 0.056640625 0.12890625
1 0.5078125 0.7431640625 0.12109375 0.1005859375
1 0.9482421875 0.9130859375 0.0712890625 0.09765625
1 0.5888671875 0.072265625 0.0859375 0.1279296875
1 0.9453125 0.3564453125 0.0888671875 0.13671875
1 0.470703125 0.1845703125 0.0927734375 0.060546875
1 0.35546875 0.6298828125 0.1123046875 0.0732421875
1 0.9697265625 0.279296875 0.0546875 0.0927734375
1 0.044921875 0.4365234375 0.0537109375 0.0654296875
1 0.9091796875 0.6796875 0.08203125 0.0634765625
1 0.9736328125 0.720703125 0.052734375 0.083984375
1 0.6240234375 0.5361328125 0.06640625 0.0703125
1 0.6865234375 0.5185546875 0.05859375 0.0673828125
1 0.791015625 0.5986328125 0.076171875 0.0771484375
1 0.7373046875 0.71484375 0.0712890625 0.080078125
1 0.775390625 0.7724609375 0.08203125 0.078125
1 0.681640625 0.748046875 0.07421875 0.109375
1 0.251953125 0.9521484375 0.0810546875 0.060546875
1 0.4052734375 0.37109375 0.0634765625 0.05859375
1 0.7451171875 0.515625 0.052734375 0.0517578125
1 0.79296875 0.4951171875 0.0654296875 0.0634765625
1 0.9716796875 0.5048828125 0.0556640625 0.0556640625
1 0.6953125 0.669921875 0.0537109375 0.037109375
