1 0.8994140625 0.75 0.0478515625 0.0869140625
1 0.330078125 0.1279296875 0.0517578125 0.0888671875
1 0.8359375 0.212890625 0.0517578125 0.107421875
1 0.7197265625 0.74609375 0.04296875 0.0693359375
1 0.126953125 0.1220703125 0.0634765625 0.0654296875
1 0.5546875 0.2734375 0.0576171875 0.056640625
1 0.4013671875 0.765625 0.0625 0.0634765625
1 0.064453125 0.9365234375 0.0263671875 0.1220703125
1 0.6748046875 0.2509765625 0.048828125 0.0703125
1 0.263671875 0.025390625 0.0712890625 0.05078125
1 0.1474609375 0.86328125 0.0595703125 0.05078125
1 0.123046875 0.5810546875 0.07421875 0.0546875
1 0.734375 0.423828125 0.0751953125 0.0791015625
1 0.0068359375 0.4716796875 0.0146484375 0.04296875
1 0.3916015625 0.013671875 0.05859375 0.0263671875
1 0.1162109375 0.1689453125 0.0390625 0.080078125
1 0.6552734375 0.126953125 0.0263671875 0.076171875
1 0.28515625 0.88671875 0.0673828125 0.046875
1 0.7451171875 0.376953125 0.0546875 0.0576171875
1 0.32421875 0.677734375 0.048828125 0.048828125
1 0.412109375 0.5830078125 0.0498046875 0.041015625
1 0.7890625 0.1396484375 0.0458984375 0.064453125
1 0.3095703125 0.5244140625 0.0537109375 0.0615234375
1 0.3994140625 0.9296875 0.04296875 0.0595703125
1 0.3486328125 0.53515625 0.0537109375 0.0615234375
1 0.220703125 0.9345703125 0.0732421875 0.021484375
1 0.8720703125 0.4658203125 0.046875 0.0712890625
1 0.9228515625 0.4765625 0.0478515625 0.0537109375
1 0.978515625 0.732421875 0.0361328125 0.0615234375
1 0.47265625 0.892578125 0.06640625 0.0419921875
1 0.4892578125 0.798828125 0.0400390625 0.0556640625
1 0.845703125 0.5634765625 0.046875 0.0595703125
1 0.5654296875 0.5546875 0.046875 0.060546875
1 0.0146484375 0.9248046875 0.029296875 0.029296875
1 0.2900390625 0.6025390625 0.029296875 0.0625
1 0.1298828125 0.9814453125 0.05859375 0.0185546875
1 0.36328125 0.8515625 0.037109375 0.0419921875
1 0.330078125 0.1103515625 0.05859375 0.064453125
1 0.330078125 0.2626953125 0.05859375 0.0439453125
1 0.5029296875 0.435546875 0.0458984375 0.052734375
1 0.2431640625 0.4296875 0.0634765625 0.046875
1 0.7763671875 0.93359375 0.0302734375 0.052734375
1 0.685546875 0.6396484375 0.0390625 0.0234375
1 0.556640625 0.611328125 0.0791015625 0.0498046875
1 0.6962890625 0.146484375 0.046875 0.0654296875
1 0.7294921875 0.357421875 0.0380859375 0.0849609375
1 0.4833984375 0.7109375 0.0595703125 0.037109375
1 0.5322265625 0.7578125 0.0537109375 0.0478515625
1 0.8466796875 0.669921875 0.041015625 0.0439453125
1 0.71484375 0.44921875 0.0400390625 0.046875
1 0.5712890625 0.912109375 0.046875 0.05078125
1 0.7001953125 0.900390625 0.0458984375 0.0439453125
1 0.310546875 0.9345703125 0.052734375 0.0283203125
1 0.095703125 0.8642578125 0.0498046875 0.03125
1 0.8134765625 0.634765625 0.033203125 0.0478515625
