1 0.3525390625 0.0712890625 0.1962890625 0.1025390625
1 0.4765625 0.0390625 0.0830078125 0.076171875
1 0.546875 0.064453125 0.0732421875 0.1005859375
1 0.6259765625 0.0576171875 0.072265625 0.072265625
1 0.82421875 0.0400390625 0.0830078125 0.0810546875
1 0.748046875 0.1533203125 0.0791015625 0.07421875
1 0.6240234375 0.255859375 0.1025390625 0.07421875
1 0.384765625 0.181640625 0.0849609375 0.05859375
1 0.2314453125 0.25 0.09765625 0.0625
1 0.072265625 0.1591796875 0.0634765625 0.076171875
1 0.408203125 0.26171875 0.08984375 0.0625
1 0.412109375 0.32421875 0.107421875 0.0888671875
1 0.244140625 0.3408203125 0.18359375 0.0849609375
1 0.19921875 0.453125 0.115234375 0.1689453125
1 0.23828125 0.51953125 0.17578125 0.140625
1 0.060546875 0.58203125 0.0888671875 0.1142578125
1 0.7705078125 0.3447265625 0.1201171875 0.162109375
1 0.9814453125 0.35546875 0.0361328125 0.068359375
1 0.9560546875 0.2177734375 0.083984375 0.0869140625
1 0.8193359375 0.177734375 0.1162109375 0.0966796875
1 0.9921875 0.271484375 0.015625 0.068359375
1 0.5244140625 0.6494140625 0.0927734375 0.1005859375
1 0.365234375 0.6630859375 0.10546875 0.07421875
1 0.291015625 0.7421875 0.14453125 0.103515625
1 0.150390625 0.7939453125 0.1015625 0.072265625
1 0.0458984375 0.7880859375 0.068359375 0.0546875
1 0.0302734375 0.6923828125 0.060546875 0.0693359375
1 0.4423828125 0.8046875 0.166015625 0.0908203125
1 0.4921875 0.8466796875 0.11328125 0.0732421875
1 0.61328125 0.923828125 0.14453125 0.12109375
1 0.6083984375 0.732421875 0.1181640625 0.07421875
1 0.82421875 0.7412109375 0.08203125 0.083984375
1 0.892578125 0.703125 0.11328125 0.09375
1 0.9052734375 0.5546875 0.0986328125 0.0888671875
1 0.953125 0.802734375 0.068359375 0.0625
1 0.89453125 0.822265625 0.0546875 0.0751953125
1 0.8271484375 0.8955078125 0.0849609375 0.0751953125
1 0.7939453125 0.869140625 0.0732421875 0.064453125
1 0.7626953125 0.8134765625 0.068359375 0.052734375
1 0.16015625 0.9140625 0.0576171875 0.0556640625
1 0.109375 0.8642578125 0.125 0.068359375
1 0.2763671875 0.224609375 0.1201171875 0.0537109375
1 0.548828125 0.234375 0.0859375 0.134765625
1 0.509765625 0.1162109375 0.0859375 0.1279296875
1 0.48046875 0.7900390625 0.09765625 0.0693359375
1 0.138671875 0.734375 0.099609375 0.080078125
1 0.1953125 0.21484375 0.126953125 0.0859375
1 0.765625 0.3173828125 0.1083984375 0.119140625
1 0.517578125 0.23828125 0.08984375 0.1123046875
1 0.5400390625 0.474609375 0.1357421875 0.06640625
