1 0.4150390625 0.7587890625 0.09375 0.09765625
1 0.4873046875 0.359375 0.0830078125 0.140625
1 0.4755859375 0.22265625 0.0556640625 0.072265625
1 0.45703125 0.8623046875 0.1201171875 0.12109375
1 0.609375 0.4990234375 0.1484375 0.078125
1 0.0263671875 0.150390625 0.0537109375 0.083984375
1 0.9755859375 0.1787109375 0.0478515625 0.115234375
1 0.986328125 0.2666015625 0.0263671875 0.05859375
1 0.3134765625 0.9404296875 0.0859375 0.0791015625
1 0.734375 0.029296875 0.048828125 0.05859375
1 0.6474609375 0.4052734375 0.0712890625 0.0791015625
1 0.6689453125 0.4970703125 0.158203125 0.078125
1 0.4169921875 0.2294921875 0.0703125 0.1083984375
1 0.8701171875 0.0263671875 0.0771484375 0.052734375
1 0.2763671875 0.5009765625 0.16796875 0.0732421875
1 0.5869140625 0.01171875 0.068359375 0.0244140625
1 0.5908203125 0.3955078125 0.095703125 0.0673828125
1 0.9794921875 0.822265625 0.041015625 0.0576171875
1 0.3232421875 0.232421875 0.05859375 0.1357421875
1 0.9150390625 0.4091796875 0.1064453125 0.1015625
1 0.9501953125 0.265625 0.0576171875 0.07421875
1 0.9091796875 0.697265625 0.177734375 0.1005859375
1 0.90234375 0.595703125 0.087890625 0.13671875
1 0.041015625 0.951171875 0.0830078125 0.068359375
1 0.921875 0.8857421875 0.09765625 0.076171875
1 0.798828125 0.14453125 0.103515625 0.0517578125
1 0.16015625 0.767578125 0.109375 0.0615234375
1 0.130859375 0.794921875 0.0703125 0.0849609375
1 0.5341796875 0.693359375 0.0712890625 0.0986328125
1 0.6083984375 0.7099609375 0.0830078125 0.08203125
1 0.556640625 0.7802734375 0.064453125 0.1279296875
1 0.6640625 0.7275390625 0.0771484375 0.1298828125
1 0.44921875 0.453125 0.0419921875 0.0400390625
1 0.791015625 0.82421875 0.146484375 0.048828125
1 0.7861328125 0.9033203125 0.166015625 0.1171875
1 0.791015625 0.9326171875 0.138671875 0.111328125
1 0.6826171875 0.8388671875 0.1298828125 0.12109375
1 0.794921875 0.0107421875 0.046875 0.021484375
