1 0.173828125 0.4697265625 0.05859375 0.091796875
1 0.3369140625 0.7802734375 0.0380859375 0.0908203125
1 0.0341796875 0.30078125 0.05078125 0.0869140625
1 0.1708984375 0.40234375 0.0830078125 0.07421875
1 0.3896484375 0.55078125 0.048828125 0.0830078125
1 0.92578125 0.240234375 0.046875 0.0771484375
1 0.1884765625 0.5908203125 0.0615234375 0.0771484375
1 0.6552734375 0.21484375 0.0556640625 0.0693359375
1 0.794921875 0.029296875 0.0341796875 0.05859375
1 0.572265625 0.140625 0.0712890625 0.103515625
1 0.7802734375 0.123046875 0.0673828125 0.1005859375
1 0.7099609375 0.3974609375 0.06640625 0.0771484375
1 0.9248046875 0.615234375 0.04296875 0.0830078125
1 0.296875 0.3642578125 0.0302734375 0.0927734375
1 0.529296875 0.4921875 0.048828125 0.08203125
1 0.0439453125 0.5634765625 0.0888671875 0.056640625
1 0.9697265625 0.552734375 0.046875 0.0869140625
1 0.716796875 0.8642578125 0.03125 0.0830078125
1 0.5341796875 0.62109375 0.0380859375 0.0595703125
1 0.0224609375 0.1630859375 0.044921875 0.0703125
1 0.3193359375 0.4501953125 0.0556640625 0.08203125
1 0.8779296875 0.4775390625 0.05078125 0.083984375
1 0.326171875 0.1494140625 0.0498046875 0.0703125
1 0.5322265625 0.5390625 0.0771484375 0.0380859375
1 0.927734375 0.427734375 0.0517578125 0.0732421875
1 0.7861328125 0.2607421875 0.09375 0.044921875
1 0.6611328125 0.3798828125 0.037109375 0.0810546875
1 0.75390625 0.1748046875 0.0537109375 0.0751953125
1 0.322265625 0.927734375 0.0498046875 0.037109375
1 0.5126953125 0.01953125 0.037109375 0.0390625
1 0.7236328125 0.576171875 0.05859375 0.0263671875
1 0.771484375 0.3076171875 0.0478515625 0.072265625
1 0.6474609375 0.5830078125 0.03125 0.060546875
1 0.642578125 0.4150390625 0.0302734375 0.0771484375
1 0.6953125 0.3388671875 0.05078125 0.041015625
1 0.3369140625 0.5244140625 0.0498046875 0.0625
1 0.935546875 0.853515625 0.0390625 0.0517578125
1 0.7802734375 0.5048828125 0.0263671875 0.060546875
1 0.3134765625 0.6279296875 0.0322265625 0.0732421875
1 0.7138671875 0.5302734375 0.0322265625 0.0791015625
1 0.1513671875 0.0166015625 0.0361328125 0.033203125
1 0.869140625 0.7861328125 0.05078125 0.044921875
1 0.6142578125 0.5712890625 0.044921875 0.0537109375
1 0.88671875 0.6201171875 0.0556640625 0.0380859375
1 0.552734375 0.9111328125 0.0615234375 0.0419921875
1 0.669921875 0.1650390625 0.064453125 0.0830078125
1 0.4208984375 0.8935546875 0.048828125 0.0615234375
1 0.71484375 0.083984375 0.0458984375 0.083984375
1 0.685546875 0.095703125 0.1123046875 0.1533203125
1 0.79296875 0.447265625 0.0458984375 0.0537109375
1 0.2919921875 0.03125 0.0361328125 0.0556640625
1 0.9072265625 0.30859375 0.0302734375 0.0458984375
1 0.0517578125 0.599609375 0.0341796875 0.0439453125
1 0.009765625 0.4462890625 0.01953125 0.052734375
1 0.8857421875 0.099609375 0.0400390625 0.048828125
1 0.9912109375 0.560546875 0.017578125 0.0693359375
