1 0.4609375 0.0263671875 0.087890625 0.0537109375
1 0.3193359375 0.8359375 0.087890625 0.087890625
1 0.80859375 0.9130859375 0.1416015625 0.1171875
1 0.6904296875 0.6513671875 0.158203125 0.10546875
1 0.30859375 0.7412109375 0.15625 0.0615234375
1 0.5830078125 0.89453125 0.04296875 0.1484375
1 0.3095703125 0.3623046875 0.1201171875 0.1005859375
1 0.7265625 0.4462890625 0.142578125 0.0830078125
1 0.447265625 0.3017578125 0.1337890625 0.0908203125
1 0.0576171875 0.8388671875 0.0908203125 0.1142578125
1 0.044921875 0.1298828125 0.0908203125 0.0771484375
1 0.1064453125 0.48828125 0.1611328125 0.1083984375
1 0.431640625 0.8291015625 0.150390625 0.107421875
1 0.8955078125 0.94921875 0.0927734375 0.1015625
1 0.552734375 0.9384765625 0.046875 0.12109375
1 0.498046875 0.9453125 0.05859375 0.09375
1 0.57421875 0.869140625 0.134765625 0.1259765625
1 0.35546875 0.693359375 0.1396484375 0.0693359375
1 0.4267578125 0.6484375 0.208984375 0.0791015625
1 0.3837890625 0.626953125 0.14453125 0.08984375
1 0.435546875 0.5419921875 0.126953125 0.0615234375
1 0.4228515625 0.46484375 0.103515625 0.0595703125
1 0.5263671875 0.48828125 0.08203125 0.0576171875
1 0.568359375 0.4755859375 0.05859375 0.0947265625
1 0.517578125 0.3994140625 0.0703125 0.044921875
1 0.447265625 0.408203125 0.0869140625 0.0654296875
