1 0.1650390625 0.318359375 0.2138671875 0.0830078125
1 0.4306640625 0.1416015625 0.1611328125 0.06640625
1 0.064453125 0.0634765625 0.0888671875 0.107421875
1 0.1796875 0.0595703125 0.1513671875 0.103515625
1 0.1533203125 0.1484375 0.2080078125 0.0888671875
1 0.6123046875 0.2255859375 0.05859375 0.125
1 0.716796875 0.224609375 0.078125 0.1103515625
1 0.826171875 0.1240234375 0.107421875 0.0654296875
1 0.921875 0.029296875 0.0771484375 0.0595703125
1 0.380859375 0.259765625 0.1875 0.0703125
1 0.3125 0.2802734375 0.109375 0.0576171875
1 0.48046875 0.2529296875 0.1748046875 0.1005859375
1 0.7431640625 0.3984375 0.16796875 0.1201171875
1 0.8818359375 0.39453125 0.146484375 0.05078125
1 0.9208984375 0.3408203125 0.1572265625 0.0546875
1 0.9462890625 0.4677734375 0.056640625 0.11328125
1 0.607421875 0.4638671875 0.2236328125 0.0546875
1 0.677734375 0.521484375 0.1396484375 0.0693359375
1 0.513671875 0.53515625 0.1376953125 0.0673828125
1 0.35546875 0.494140625 0.1572265625 0.0849609375
1 0.2548828125 0.5625 0.1025390625 0.1650390625
1 0.1337890625 0.685546875 0.083984375 0.158203125
1 0.744140625 0.6943359375 0.048828125 0.177734375
1 0.794921875 0.6015625 0.0498046875 0.0869140625
1 0.8779296875 0.6123046875 0.0576171875 0.05859375
1 0.9345703125 0.7392578125 0.130859375 0.083984375
1 0.6630859375 0.7890625 0.1591796875 0.0849609375
1 0.9443359375 0.8525390625 0.103515625 0.10546875
1 0.51953125 0.7978515625 0.1875 0.1162109375
1 0.302734375 0.6875 0.1962890625 0.056640625
1 0.3447265625 0.65234375 0.25 0.0712890625
1 0.5390625 0.609375 0.14453125 0.0576171875
1 0.0771484375 0.935546875 0.1015625 0.12109375
1 0.2626953125 0.8955078125 0.0732421875 0.12109375
1 0.251953125 0.9736328125 0.1025390625 0.052734375
1 0.3544921875 0.8671875 0.0908203125 0.0888671875
1 0.45703125 0.921875 0.126953125 0.15625
1 0.65234375 0.9873046875 0.14453125 0.0234375
1 0.705078125 0.703125 0.1298828125 0.0673828125
1 0.6708984375 0.3115234375 0.169921875 0.06640625
1 0.5693359375 0.3662109375 0.1357421875 0.0517578125
