1 0.2490234375 0.02734375 0.0673828125 0.0556640625
1 0.20703125 0.1015625 0.06640625 0.072265625
1 0.0849609375 0.111328125 0.0712890625 0.09765625
1 0.3935546875 0.1025390625 0.078125 0.0615234375
1 0.0400390625 0.27734375 0.0791015625 0.0615234375
1 0.1455078125 0.310546875 0.0966796875 0.0693359375
1 0.38671875 0.431640625 0.072265625 0.0908203125
1 0.2177734375 0.5546875 0.076171875 0.0830078125
1 0.1591796875 0.609375 0.087890625 0.056640625
1 0.0810546875 0.6630859375 0.080078125 0.0625
1 0.35546875 0.5732421875 0.0927734375 0.1142578125
1 0.4501953125 0.599609375 0.0830078125 0.0693359375
1 0.4892578125 0.548828125 0.0751953125 0.06640625
1 0.0703125 0.79296875 0.1123046875 0.06640625
1 0.126953125 0.82421875 0.0556640625 0.0595703125
1 0.08203125 0.8955078125 0.0654296875 0.083984375
1 0.3291015625 0.8173828125 0.0556640625 0.0634765625
1 0.3671875 0.7255859375 0.052734375 0.0634765625
1 0.4365234375 0.837890625 0.1044921875 0.072265625
1 0.3388671875 0.9599609375 0.0546875 0.0791015625
1 0.279296875 0.9599609375 0.052734375 0.068359375
1 0.7939453125 0.9580078125 0.0654296875 0.083984375
1 0.712890625 0.83984375 0.0546875 0.0625
1 0.7802734375 0.822265625 0.068359375 0.0595703125
1 0.8359375 0.8681640625 0.068359375 0.0625
1 0.642578125 0.77734375 0.07421875 0.064453125
1 0.63671875 0.7177734375 0.068359375 0.060546875
1 0.5439453125 0.71875 0.1171875 0.0654296875
1 0.830078125 0.765625 0.0615234375 0.0537109375
1 0.8505859375 0.7001953125 0.0849609375 0.0615234375
1 0.92578125 0.708984375 0.0703125 0.0546875
1 0.970703125 0.2451171875 0.05859375 0.0595703125
1 0.970703125 0.1279296875 0.05859375 0.0888671875
1 0.89453125 0.0947265625 0.064453125 0.05859375
1 0.919921875 0.0302734375 0.0908203125 0.0615234375
1 0.794921875 0.0625 0.076171875 0.064453125
1 0.71875 0.1240234375 0.099609375 0.072265625
1 0.5712890625 0.2841796875 0.0712890625 0.072265625
1 0.7109375 0.455078125 0.072265625 0.0908203125
1 0.6337890625 0.560546875 0.0849609375 0.08203125
1 0.3232421875 0.1328125 0.0791015625 0.080078125
1 0.013671875 0.8623046875 0.02734375 0.0439453125
1 0.9892578125 0.8759765625 0.0205078125 0.04296875
1 0.986328125 0.625 0.0263671875 0.0419921875
1 0.013671875 0.466796875 0.0283203125 0.0673828125
