1 0.0341796875 0.412109375 0.068359375 0.0791015625
1 0.6171875 0.865234375 0.123046875 0.07421875
1 0.353515625 0.984375 0.115234375 0.03125
1 0.2578125 0.83203125 0.0771484375 0.072265625
1 0.5908203125 0.9765625 0.13671875 0.046875
1 0.07421875 0.5078125 0.08984375 0.0673828125
1 0.1650390625 0.44921875 0.0927734375 0.0947265625
1 0.4892578125 0.5703125 0.0947265625 0.0927734375
1 0.36328125 0.1171875 0.123046875 0.1796875
1 0.3115234375 0.6142578125 0.1142578125 0.0947265625
1 0.88671875 0.0947265625 0.1123046875 0.0673828125
1 0.658203125 0.5712890625 0.109375 0.083984375
1 0.8740234375 0.6494140625 0.1357421875 0.0751953125
1 0.1015625 0.2021484375 0.0791015625 0.080078125
1 0.3466796875 0.5576171875 0.1552734375 0.11328125
1 0.86328125 0.9296875 0.1220703125 0.044921875
1 0.203125 0.1708984375 0.0927734375 0.09765625
1 0.826171875 0.705078125 0.099609375 0.0673828125
1 0.767578125 0.61328125 0.0927734375 0.052734375
1 0.0244140625 0.2783203125 0.0498046875 0.056640625
1 0.0234375 0.0302734375 0.0478515625 0.0615234375
1 0.2646484375 0.033203125 0.0703125 0.0673828125
1 0.20703125 0.0361328125 0.0498046875 0.072265625
1 0.6201171875 0.26171875 0.1376953125 0.08984375
1 0.966796875 0.1494140625 0.0654296875 0.060546875
