1 0.2890625 0.7802734375 0.0908203125 0.1123046875
1 0.5263671875 0.9560546875 0.083984375 0.0869140625
1 0.1943359375 0.6484375 0.0595703125 0.1630859375
1 0.39453125 0.7607421875 0.0703125 0.09765625
1 0.34375 0.681640625 0.0751953125 0.0849609375
1 0.515625 0.41015625 0.107421875 0.2822265625
1 0.408203125 0.9228515625 0.078125 0.0625
1 0.5927734375 0.4091796875 0.0419921875 0.0595703125
1 0.6240234375 0.57421875 0.0322265625 0.07421875
1 0.6953125 0.61328125 0.0712890625 0.09375
1 0.4609375 0.7626953125 0.072265625 0.1025390625
