1 0.1171875 0.060546875 0.05078125 0.1015625
1 0.6728515625 0.564453125 0.0595703125 0.0771484375
1 0.439453125 0.1826171875 0.0439453125 0.080078125
1 0.08203125 0.423828125 0.103515625 0.0517578125
1 0.7548828125 0.802734375 0.0517578125 0.099609375
1 0.8603515625 0.19921875 0.0390625 0.091796875
1 0.1123046875 0.359375 0.0419921875 0.087890625
1 0.216796875 0.1669921875 0.0576171875 0.107421875
1 0.5126953125 0.037109375 0.0517578125 0.07421875
1 0.48046875 0.4091796875 0.0419921875 0.076171875
1 0.2314453125 0.0361328125 0.025390625 0.0634765625
1 0.595703125 0.1962890625 0.04296875 0.076171875
1 0.91015625 0.2724609375 0.056640625 0.0634765625
1 0.748046875 0.345703125 0.0361328125 0.0673828125
1 0.1123046875 0.4951171875 0.056640625 0.05859375
1 0.9306640625 0.087890625 0.0283203125 0.0888671875
1 0.8779296875 0.5263671875 0.0263671875 0.0732421875
1 0.0087890625 0.771484375 0.0185546875 0.0595703125
1 0.6826171875 0.1259765625 0.05859375 0.0615234375
1 0.501953125 0.5302734375 0.029296875 0.0732421875
1 0.46484375 0.095703125 0.02734375 0.080078125
1 0.3994140625 0.7373046875 0.0634765625 0.0517578125
1 0.4453125 0.251953125 0.09765625 0.025390625
1 0.025390625 0.2216796875 0.0517578125 0.0595703125
1 0.0263671875 0.8935546875 0.052734375 0.03515625
1 0.6220703125 0.7421875 0.029296875 0.0576171875
1 0.8193359375 0.8193359375 0.0986328125 0.080078125
1 0.9228515625 0.4775390625 0.033203125 0.060546875
1 0.8740234375 0.580078125 0.0732421875 0.0546875
1 0.6015625 0.49609375 0.076171875 0.0390625
1 0.5478515625 0.3525390625 0.046875 0.0615234375
1 0.322265625 0.4677734375 0.03515625 0.064453125
1 0.0703125 0.234375 0.0634765625 0.04296875
1 0.771484375 0.5146484375 0.0283203125 0.0615234375
1 0.955078125 0.2509765625 0.046875 0.0625
1 0.767578125 0.724609375 0.0380859375 0.064453125
1 0.1513671875 0.6171875 0.0615234375 0.025390625
1 0.2578125 0.6064453125 0.0537109375 0.0341796875
1 0.46875 0.322265625 0.0302734375 0.0673828125
1 0.2939453125 0.1796875 0.044921875 0.0341796875
1 0.4150390625 0.705078125 0.0498046875 0.0419921875
1 0.12890625 0.8408203125 0.0419921875 0.0517578125
1 0.2490234375 0.373046875 0.037109375 0.0546875
1 0.9296875 0.1904296875 0.048828125 0.0458984375
1 0.46484375 0.80078125 0.060546875 0.037109375
1 0.341796875 0.8349609375 0.0537109375 0.0341796875
1 0.36328125 0.8828125 0.0654296875 0.0673828125
1 0.0732421875 0.4912109375 0.0439453125 0.046875
1 0.685546875 0.31640625 0.046875 0.0634765625
1 0.7861328125 0.34765625 0.02734375 0.05859375
1 0.052734375 0.267578125 0.056640625 0.037109375
1 0.552734375 0.1689453125 0.0439453125 0.0654296875
1 0.6298828125 0.0810546875 0.0546875 0.0546875
1 0.0576171875 0.6767578125 0.0830078125 0.0859375
1 0.9375 0.7802734375 0.064453125 0.048828125
1 0.091796875 0.62109375 0.099609375 0.083984375
1 0.841796875 0.9609375 0.033203125 0.052734375
1 0.666015625 0.322265625 0.0732421875 0.0791015625
1 0.865234375 0.041015625 0.0283203125 0.0576171875
1 0.95703125 0.607421875 0.04296875 0.056640625
1 0.6201171875 0.55078125 0.048828125 0.046875
1 0.4609375 0.3173828125 0.029296875 0.060546875
1 0.6806640625 0.2509765625 0.0322265625 0.0478515625
1 0.7373046875 0.2783203125 0.0400390625 0.0380859375
1 0.1953125 0.884765625 0.0478515625 0.037109375
1 0.04296875 0.6513671875 0.0625 0.052734375
1 0.580078125 0.744140625 0.0400390625 0.0537109375
1 0.6279296875 0.8134765625 0.046875 0.046875
1 0.3251953125 0.27734375 0.05078125 0.0390625
1 0.4228515625 0.498046875 0.05859375 0.041015625
1 0.4228515625 0.044921875 0.0380859375 0.044921875
1 0.9814453125 0.0166015625 0.0361328125 0.0341796875
1 0.6748046875 0.0126953125 0.03515625 0.025390625
1 0.669921875 0.6357421875 0.0556640625 0.044921875
1 0.7783203125 0.685546875 0.0341796875 0.033203125
1 0.6943359375 0.8857421875 0.0595703125 0.04296875
1 0.6279296875 0.939453125 0.0751953125 0.0361328125
1 0.6220703125 0.96875 0.037109375 0.0341796875
1 0.4033203125 0.947265625 0.087890625 0.0478515625
1 0.1708984375 0.9287109375 0.0693359375 0.0400390625
1 0.064453125 0.9521484375 0.052734375 0.0400390625
1 0.072265625 0.9912109375 0.0439453125 0.0166015625
