1 0.478515625 0.9267578125 0.078125 0.1328125
1 0.126953125 0.2509765625 0.0966796875 0.072265625
1 0.40625 0.103515625 0.072265625 0.10546875
1 0.015625 0.4619140625 0.029296875 0.056640625
1 0.56640625 0.63671875 0.099609375 0.1044921875
1 0.9267578125 0.306640625 0.05078125 0.1943359375
1 0.4677734375 0.06640625 0.078125 0.0859375
1 0.4599609375 0.2880859375 0.0732421875 0.0908203125
1 0.625 0.125 0.080078125 0.0693359375
1 0.861328125 0.83203125 0.087890625 0.0771484375
1 0.6240234375 0.033203125 0.052734375 0.046875
1 0.8828125 0.08203125 0.0693359375 0.0810546875
1 0.5478515625 0.1123046875 0.078125 0.0849609375
1 0.4873046875 0.353515625 0.0634765625 0.044921875
1 0.0517578125 0.0810546875 0.103515625 0.056640625
1 0.974609375 0.5458984375 0.046875 0.046875
1 0.6572265625 0.3974609375 0.0849609375 0.0673828125
1 0.5078125 0.1533203125 0.0966796875 0.0673828125
1 0.150390625 0.177734375 0.0791015625 0.076171875
1 0.22265625 0.30859375 0.0927734375 0.0615234375
1 0.0830078125 0.669921875 0.0751953125 0.037109375
1 0.298828125 0.2841796875 0.0810546875 0.064453125
1 0.68359375 0.1923828125 0.044921875 0.072265625
1 0.8544921875 0.4931640625 0.0751953125 0.0576171875
1 0.091796875 0.7041015625 0.072265625 0.064453125
1 0.1796875 0.12109375 0.0380859375 0.05078125
1 0.6689453125 0.814453125 0.0888671875 0.048828125
1 0.814453125 0.72265625 0.0849609375 0.0595703125
1 0.3681640625 0.5126953125 0.0478515625 0.05078125
1 0.3701171875 0.166015625 0.0703125 0.06640625
1 0.6162109375 0.54296875 0.08984375 0.0791015625
1 0.412109375 0.5693359375 0.0419921875 0.041015625
1 0.6123046875 0.0673828125 0.0478515625 0.0498046875
1 0.0908203125 0.900390625 0.07421875 0.052734375
1 0.7744140625 0.673828125 0.0625 0.076171875
1 0.7119140625 0.2490234375 0.06640625 0.0556640625
1 0.228515625 0.9189453125 0.0673828125 0.068359375
1 0.408203125 0.28125 0.05078125 0.056640625
1 0.8720703125 0.5517578125 0.06640625 0.0546875
1 0.126953125 0.759765625 0.0966796875 0.0478515625
1 0.787109375 0.5693359375 0.060546875 0.056640625
1 0.0400390625 0.5634765625 0.0615234375 0.0478515625
1 0.3193359375 0.091796875 0.1015625 0.0732421875
1 0.615234375 0.92578125 0.0908203125 0.0703125
1 0.0859375 0.5517578125 0.056640625 0.0595703125
1 0.23828125 0.0634765625 0.0517578125 0.0576171875
1 0.7041015625 0.8984375 0.1005859375 0.078125
1 0.55078125 0.255859375 0.0634765625 0.0556640625
1 0.10546875 0.787109375 0.064453125 0.052734375
1 0.9541015625 0.4833984375 0.0693359375 0.0771484375
1 0.8369140625 0.11328125 0.044921875 0.064453125
1 0.716796875 0.5224609375 0.08203125 0.072265625
1 0.5380859375 0.982421875 0.0751953125 0.03515625
1 0.6640625 0.482421875 0.0546875 0.046875
1 0.7236328125 0.80859375 0.05078125 0.056640625
