1 0.1083984375 0.03515625 0.068359375 0.0712890625
1 0.2099609375 0.0615234375 0.048828125 0.0576171875
1 0.03125 0.658203125 0.0625 0.1103515625
1 0.580078125 0.9931640625 0.0791015625 0.0126953125
1 0.244140625 0.8515625 0.0771484375 0.0703125
1 0.388671875 0.7431640625 0.05859375 0.1015625
1 0.3818359375 0.64453125 0.0654296875 0.0947265625
1 0.208984375 0.560546875 0.07421875 0.0595703125
1 0.25390625 0.4853515625 0.0458984375 0.0439453125
1 0.49609375 0.728515625 0.087890625 0.0859375
1 0.6123046875 0.7314453125 0.09375 0.078125
1 0.671875 0.6494140625 0.1171875 0.078125
1 0.81640625 0.6181640625 0.0791015625 0.056640625
1 0.9169921875 0.484375 0.0615234375 0.0712890625
1 0.9423828125 0.53125 0.0595703125 0.0634765625
1 0.91796875 0.3642578125 0.0703125 0.0634765625
1 0.8828125 0.291015625 0.0888671875 0.0693359375
1 0.748046875 0.193359375 0.0859375 0.080078125
1 0.4306640625 0.3125 0.07421875 0.0732421875
1 0.279296875 0.376953125 0.0673828125 0.0556640625
1 0.17578125 0.392578125 0.064453125 0.0810546875
1 0.3173828125 0.2041015625 0.0693359375 0.0791015625
1 0.42578125 0.0888671875 0.064453125 0.064453125
1 0.6904296875 0.056640625 0.095703125 0.0712890625
1 0.962890625 0.68359375 0.07421875 0.0947265625
1 0.78515625 0.8291015625 0.064453125 0.076171875
1 0.673828125 0.8798828125 0.0615234375 0.0654296875
1 0.7763671875 0.8984375 0.0634765625 0.0673828125
1 0.8701171875 0.8447265625 0.05859375 0.0654296875
1 0.9541015625 0.9853515625 0.0791015625 0.029296875
1 0.546875 0.6318359375 0.0986328125 0.0869140625
1 0.8388671875 0.720703125 0.10546875 0.1123046875
