1 0.7119140625 0.0673828125 0.0849609375 0.0888671875
1 0.064453125 0.6416015625 0.0966796875 0.076171875
1 0.8125 0.900390625 0.0849609375 0.0673828125
1 0.2900390625 0.5498046875 0.109375 0.068359375
1 0.0439453125 0.537109375 0.0869140625 0.0654296875
1 0.537109375 0.521484375 0.0625 0.076171875
1 0.4306640625 0.1962890625 0.0732421875 0.099609375
1 0.8466796875 0.0751953125 0.076171875 0.080078125
1 0.0673828125 0.2412109375 0.087890625 0.087890625
1 0.482421875 0.513671875 0.0634765625 0.0712890625
1 0.62109375 0.3876953125 0.0546875 0.0673828125
1 0.9580078125 0.5166015625 0.064453125 0.064453125
1 0.83203125 0.5888671875 0.0439453125 0.0732421875
1 0.578125 0.0263671875 0.0888671875 0.0439453125
1 0.9560546875 0.8291015625 0.0830078125 0.1318359375
1 0.134765625 0.1435546875 0.099609375 0.1044921875
1 0.8544921875 0.6806640625 0.1171875 0.095703125
1 0.3486328125 0.2392578125 0.103515625 0.0732421875
1 0.474609375 0.9287109375 0.0947265625 0.0693359375
1 0.4541015625 0.552734375 0.1015625 0.0654296875
1 0.625 0.2763671875 0.0947265625 0.1083984375
1 0.3076171875 0.2802734375 0.0634765625 0.0546875
1 0.1279296875 0.97265625 0.05078125 0.0546875
1 0.298828125 0.1806640625 0.0546875 0.0712890625
1 0.2998046875 0.375 0.1015625 0.0458984375
1 0.4580078125 0.029296875 0.064453125 0.05859375
1 0.052734375 0.587890625 0.0517578125 0.068359375
1 0.3662109375 0.3447265625 0.1005859375 0.0576171875
1 0.0439453125 0.935546875 0.0888671875 0.0576171875
1 0.79296875 0.5087890625 0.0791015625 0.08203125
1 0.9111328125 0.37890625 0.046875 0.0751953125
1 0.970703125 0.6611328125 0.05859375 0.044921875
1 0.912109375 0.2548828125 0.095703125 0.0693359375
1 0.4990234375 0.8876953125 0.0625 0.0654296875
1 0.7236328125 0.3515625 0.0732421875 0.064453125
1 0.111328125 0.8984375 0.0634765625 0.05078125
1 0.0390625 0.32421875 0.0791015625 0.064453125
1 0.7705078125 0.92578125 0.06640625 0.0380859375
1 0.236328125 0.96875 0.0693359375 0.044921875
1 0.4541015625 0.7607421875 0.0693359375 0.0419921875
1 0.630859375 0.916015625 0.08984375 0.033203125
1 0.6142578125 0.890625 0.0595703125 0.0302734375
1 0.482421875 0.3388671875 0.064453125 0.068359375
1 0.8837890625 0.98828125 0.0791015625 0.0185546875
1 0.28515625 0.7666015625 0.06640625 0.04296875
1 0.205078125 0.98828125 0.0439453125 0.0234375
1 0.240234375 0.9052734375 0.115234375 0.048828125
1 0.638671875 0.703125 0.0625 0.0625
1 0.267578125 0.1171875 0.0810546875 0.037109375
1 0.01953125 0.767578125 0.037109375 0.0419921875
1 0.943359375 0.1796875 0.0625 0.0732421875
1 0.6083984375 0.642578125 0.0771484375 0.0400390625
1 0.6494140625 0.9775390625 0.076171875 0.0400390625
1 0.7138671875 0.6962890625 0.1005859375 0.0673828125
1 0.02734375 0.3876953125 0.0546875 0.06640625
1 0.486328125 0.685546875 0.0625 0.0517578125
1 0.271484375 0.9375 0.0869140625 0.041015625
1 0.1005859375 0.3896484375 0.0888671875 0.0517578125
1 0.509765625 0.3115234375 0.0673828125 0.029296875
1 0.5185546875 0.3310546875 0.05859375 0.029296875
1 0.1513671875 0.46484375 0.0537109375 0.0537109375
1 0.4658203125 0.4013671875 0.0625 0.0576171875
1 0.1982421875 0.8779296875 0.037109375 0.0537109375
1 0.646484375 0.0107421875 0.05078125 0.0224609375
1 0.978515625 0.2158203125 0.0419921875 0.060546875
1 0.9453125 0.6396484375 0.07421875 0.056640625
1 0.873046875 0.9658203125 0.08984375 0.0498046875
1 0.978515625 0.91796875 0.0419921875 0.0498046875
1 0.2001953125 0.6220703125 0.0673828125 0.0478515625
1 0.140625 0.328125 0.0595703125 0.0576171875
1 0.4501953125 0.86328125 0.06640625 0.0791015625
1 0.30859375 0.599609375 0.0478515625 0.05078125
1 0.529296875 0.0693359375 0.05078125 0.05859375
1 0.26171875 0.1591796875 0.052734375 0.0751953125
