1 0.2802734375 0.2880859375 0.087890625 0.0771484375
1 0.4228515625 0.28125 0.115234375 0.0986328125
1 0.3935546875 0.328125 0.095703125 0.0859375
1 0.408203125 0.1533203125 0.103515625 0.0732421875
1 0.3076171875 0.0810546875 0.076171875 0.119140625
1 0.2236328125 0.1376953125 0.08984375 0.0869140625
1 0.046875 0.0234375 0.0947265625 0.0478515625
1 0.017578125 0.2294921875 0.03515625 0.0947265625
1 0.076171875 0.48828125 0.107421875 0.0810546875
1 0.095703125 0.556640625 0.0673828125 0.083984375
1 0.0224609375 0.7119140625 0.0458984375 0.0634765625
1 0.0556640625 0.6806640625 0.0966796875 0.091796875
1 0.0185546875 0.8857421875 0.037109375 0.0732421875
1 0.146484375 0.7529296875 0.0703125 0.05859375
1 0.2275390625 0.6455078125 0.0947265625 0.0751953125
1 0.3759765625 0.625 0.0693359375 0.0703125
1 0.4853515625 0.5771484375 0.07421875 0.0849609375
1 0.2109375 0.8134765625 0.078125 0.072265625
1 0.2841796875 0.71484375 0.1005859375 0.0654296875
1 0.5263671875 0.83203125 0.134765625 0.0615234375
1 0.3388671875 0.833984375 0.0673828125 0.10546875
1 0.7744140625 0.7998046875 0.0546875 0.041015625
1 0.80859375 0.765625 0.1484375 0.072265625
1 0.7490234375 0.6982421875 0.0791015625 0.0478515625
1 0.900390625 0.8310546875 0.0712890625 0.0673828125
1 0.61328125 0.9560546875 0.1015625 0.0732421875
1 0.119140625 0.9638671875 0.1171875 0.072265625
1 0.654296875 0.5947265625 0.08984375 0.087890625
1 0.6474609375 0.6630859375 0.0693359375 0.080078125
1 0.740234375 0.60546875 0.0810546875 0.0595703125
1 0.8447265625 0.515625 0.1572265625 0.1123046875
1 0.9052734375 0.611328125 0.1015625 0.0576171875
1 0.7412109375 0.35546875 0.0751953125 0.078125
1 0.693359375 0.3349609375 0.052734375 0.06640625
1 0.8486328125 0.2041015625 0.0546875 0.060546875
1 0.9521484375 0.19140625 0.0595703125 0.060546875
1 0.748046875 0.1376953125 0.087890625 0.0751953125
1 0.8193359375 0.1630859375 0.0908203125 0.0654296875
1 0.8818359375 0.3447265625 0.11328125 0.056640625
1 0.8857421875 0.3828125 0.09375 0.052734375
1 0.8447265625 0.3955078125 0.0732421875 0.056640625
1 0.9775390625 0.66015625 0.0439453125 0.0380859375
1 0.9736328125 0.625 0.052734375 0.044921875
1 0.873046875 0.4287109375 0.0751953125 0.0615234375
