1 0.1162109375 0.26171875 0.0615234375 0.0791015625
1 0.0380859375 0.2802734375 0.056640625 0.1123046875
1 0.439453125 0.259765625 0.0517578125 0.109375
1 0.3798828125 0.560546875 0.041015625 0.0830078125
1 0.5029296875 0.1650390625 0.068359375 0.0888671875
1 0.798828125 0.62890625 0.052734375 0.0810546875
1 0.560546875 0.6943359375 0.0546875 0.080078125
1 0.9501953125 0.1142578125 0.0517578125 0.1240234375
1 0.43359375 0.134765625 0.0478515625 0.08203125
1 0.119140625 0.1533203125 0.0556640625 0.10546875
1 0.0859375 0.4150390625 0.0732421875 0.0634765625
1 0.2294921875 0.2548828125 0.0625 0.0771484375
1 0.765625 0.1494140625 0.0537109375 0.091796875
1 0.57421875 0.8154296875 0.0595703125 0.072265625
1 0.2529296875 0.21875 0.052734375 0.0703125
1 0.1953125 0.4208984375 0.0439453125 0.0947265625
1 0.7958984375 0.7939453125 0.04296875 0.064453125
1 0.509765625 0.8369140625 0.05078125 0.0947265625
1 0.2470703125 0.7958984375 0.041015625 0.0888671875
1 0.9697265625 0.296875 0.025390625 0.1005859375
1 0.18359375 0.4892578125 0.0791015625 0.087890625
1 0.8203125 0.357421875 0.02734375 0.0703125
1 0.0302734375 0.8525390625 0.0595703125 0.06640625
1 0.5546875 0.8759765625 0.0322265625 0.09765625
1 0.2626953125 0.4609375 0.0478515625 0.103515625
1 0.90234375 0.275390625 0.0341796875 0.09375
1 0.193359375 0.9228515625 0.078125 0.0634765625
1 0.67578125 0.1494140625 0.044921875 0.09765625
1 0.876953125 0.5185546875 0.05859375 0.107421875
1 0.744140625 0.7109375 0.0576171875 0.0927734375
1 0.982421875 0.0908203125 0.0341796875 0.0908203125
1 0.216796875 0.31640625 0.06640625 0.0888671875
1 0.267578125 0.8671875 0.0595703125 0.06640625
1 0.1474609375 0.71484375 0.0439453125 0.08203125
1 0.6484375 0.7275390625 0.0400390625 0.1171875
1 0.7880859375 0.279296875 0.0517578125 0.1015625
1 0.8330078125 0.7568359375 0.0380859375 0.07421875
1 0.5673828125 0.5166015625 0.0400390625 0.0771484375
1 0.02734375 0.9384765625 0.0556640625 0.0546875
1 0.1875 0.23828125 0.05859375 0.095703125
1 0.9697265625 0.4619140625 0.0244140625 0.0908203125
1 0.9423828125 0.6982421875 0.072265625 0.0634765625
1 0.884765625 0.9638671875 0.041015625 0.072265625
1 0.5927734375 0.5068359375 0.05859375 0.056640625
1 0.181640625 0.5341796875 0.0400390625 0.0810546875
1 0.31640625 0.677734375 0.0556640625 0.09765625
1 0.6962890625 0.375 0.0439453125 0.087890625
1 0.6171875 0.205078125 0.080078125 0.1015625
1 0.31640625 0.0244140625 0.03125 0.0478515625
1 0.9736328125 0.9501953125 0.03125 0.0869140625
1 0.7314453125 0.197265625 0.0400390625 0.087890625
1 0.451171875 0.0185546875 0.0263671875 0.037109375
1 0.7978515625 0.5458984375 0.0419921875 0.095703125
1 0.826171875 0.607421875 0.052734375 0.0693359375
1 0.3818359375 0.2021484375 0.0537109375 0.0859375
1 0.328125 0.986328125 0.0947265625 0.02734375
1 0.478515625 0.7626953125 0.0712890625 0.0556640625
1 0.109375 0.3408203125 0.048828125 0.05859375
1 0.4765625 0.8134765625 0.046875 0.0634765625
1 0.1650390625 0.875 0.0732421875 0.046875
1 0.603515625 0.158203125 0.048828125 0.080078125
1 0.623046875 0.978515625 0.029296875 0.0419921875
1 0.6064453125 0.7158203125 0.05078125 0.06640625
1 0.23828125 0.5029296875 0.072265625 0.052734375
1 0.9482421875 0.7646484375 0.0751953125 0.107421875
1 0.9248046875 0.78125 0.064453125 0.103515625
1 0.4228515625 0.7392578125 0.0478515625 0.052734375
1 0.3994140625 0.740234375 0.0703125 0.0908203125
