1 0.962890625 0.013671875 0.07421875 0.0283203125
1 0.033203125 0.0185546875 0.0673828125 0.0380859375
1 0.0478515625 0.0986328125 0.0966796875 0.1142578125
1 0.2841796875 0.0546875 0.0859375 0.109375
1 0.3046875 0.1953125 0.109375 0.0791015625
1 0.22265625 0.2509765625 0.0888671875 0.10546875
1 0.13671875 0.341796875 0.0859375 0.06640625
1 0.177734375 0.4443359375 0.0986328125 0.12890625
1 0.51953125 0.4013671875 0.12890625 0.154296875
1 0.583984375 0.3349609375 0.1083984375 0.0751953125
1 0.6083984375 0.412109375 0.099609375 0.072265625
1 0.47265625 0.236328125 0.1005859375 0.1142578125
1 0.5 0.0771484375 0.068359375 0.0859375
1 0.63671875 0.1865234375 0.0693359375 0.076171875
1 0.697265625 0.1845703125 0.12109375 0.087890625
1 0.7265625 0.10546875 0.0703125 0.1298828125
1 0.8369140625 0.1142578125 0.068359375 0.123046875
1 0.82421875 0.2939453125 0.078125 0.1435546875
1 0.875 0.302734375 0.076171875 0.14453125
1 0.8154296875 0.0126953125 0.064453125 0.0263671875
1 0.9677734375 0.20703125 0.064453125 0.1279296875
1 0.22265625 0.65234375 0.0810546875 0.126953125
1 0.138671875 0.7734375 0.0654296875 0.0927734375
1 0.267578125 0.8447265625 0.091796875 0.0810546875
1 0.376953125 0.8212890625 0.087890625 0.162109375
1 0.337890625 0.9169921875 0.04296875 0.0634765625
1 0.48828125 0.8564453125 0.060546875 0.091796875
1 0.53125 0.84375 0.091796875 0.10546875
1 0.783203125 0.6474609375 0.115234375 0.12109375
1 0.9228515625 0.6787109375 0.1142578125 0.126953125
1 0.958984375 0.490234375 0.0810546875 0.0712890625
1 0.9287109375 0.9658203125 0.0732421875 0.068359375
1 0.0234375 0.28125 0.046875 0.1083984375
1 0.6826171875 0.9658203125 0.16015625 0.068359375
