1 0.7529296875 0.88671875 0.09765625 0.0654296875
1 0.9736328125 0.4814453125 0.052734375 0.0693359375
1 0.7265625 0.9501953125 0.0751953125 0.0517578125
1 0.6298828125 0.3515625 0.0673828125 0.0751953125
1 0.611328125 0.4677734375 0.0595703125 0.0576171875
1 0.744140625 0.431640625 0.0751953125 0.0654296875
1 0.638671875 0.54296875 0.0556640625 0.052734375
1 0.109375 0.5107421875 0.0703125 0.078125
1 0.96484375 0.7685546875 0.0703125 0.1064453125
1 0.8203125 0.43359375 0.0830078125 0.1328125
1 0.841796875 0.2568359375 0.0810546875 0.12109375
1 0.755859375 0.2421875 0.087890625 0.099609375
1 0.8466796875 0.62109375 0.068359375 0.0673828125
1 0.7138671875 0.04296875 0.0654296875 0.0830078125
1 0.9013671875 0.10546875 0.0595703125 0.0673828125
1 0.998046875 0.0419921875 0.0029296875 0.080078125
1 0.1416015625 0.0947265625 0.0498046875 0.0703125
1 0.9267578125 0.462890625 0.080078125 0.1181640625
1 0.94921875 0.974609375 0.0791015625 0.0478515625
