1 0.314453125 0.455078125 0.06640625 0.109375
1 0.9716796875 0.849609375 0.0556640625 0.1015625
1 0.671875 0.40625 0.0576171875 0.09375
1 0.0205078125 0.09765625 0.041015625 0.0849609375
1 0.0859375 0.564453125 0.083984375 0.10546875
1 0.025390625 0.818359375 0.0517578125 0.0751953125
1 0.552734375 0.65234375 0.0615234375 0.0927734375
1 0.2001953125 0.380859375 0.056640625 0.07421875
1 0.3349609375 0.646484375 0.091796875 0.080078125
1 0.5751953125 0.5537109375 0.078125 0.091796875
1 0.1083984375 0.11328125 0.0673828125 0.091796875
1 0.28515625 0.1533203125 0.06640625 0.0703125
1 0.82421875 0.2236328125 0.07421875 0.0595703125
1 0.916015625 0.3583984375 0.0625 0.072265625
1 0.732421875 0.6259765625 0.0830078125 0.1025390625
1 0.81640625 0.3935546875 0.0654296875 0.1064453125
1 0.595703125 0.341796875 0.05859375 0.1064453125
1 0.775390625 0.716796875 0.0439453125 0.0888671875
1 0.41015625 0.6123046875 0.08203125 0.0693359375
1 0.9248046875 0.1396484375 0.0732421875 0.0947265625
1 0.0478515625 0.384765625 0.05859375 0.072265625
1 0.5078125 0.625 0.0439453125 0.087890625
1 0.4794921875 0.17578125 0.056640625 0.083984375
1 0.130859375 0.0830078125 0.0859375 0.1044921875
1 0.0146484375 0.5400390625 0.0302734375 0.1357421875
1 0.4072265625 0.5361328125 0.05078125 0.099609375
1 0.5849609375 0.7236328125 0.0654296875 0.052734375
1 0.6123046875 0.8017578125 0.0703125 0.05859375
1 0.44140625 0.1181640625 0.0390625 0.0791015625
1 0.1123046875 0.3779296875 0.0458984375 0.1328125
1 0.2275390625 0.0146484375 0.09375 0.0302734375
1 0.2861328125 0.86328125 0.0673828125 0.1123046875
1 0.81640625 0.830078125 0.130859375 0.0869140625
1 0.2275390625 0.0947265625 0.0712890625 0.0537109375
1 0.7734375 0.3671875 0.0478515625 0.0830078125
1 0.7802734375 0.9736328125 0.0400390625 0.0517578125
1 0.125 0.8876953125 0.076171875 0.0478515625
1 0.95703125 0.6494140625 0.0283203125 0.08984375
1 0.9326171875 0.044921875 0.0263671875 0.087890625
1 0.16015625 0.5576171875 0.1240234375 0.0908203125
1 0.8427734375 0.1171875 0.02734375 0.0712890625
1 0.9306640625 0.552734375 0.0478515625 0.1181640625
1 0.4208984375 0.650390625 0.0712890625 0.05859375
1 0.642578125 0.3115234375 0.041015625 0.078125
1 0.2802734375 0.80078125 0.052734375 0.0400390625
1 0.9765625 0.517578125 0.0458984375 0.0771484375
1 0.837890625 0.5634765625 0.0791015625 0.068359375
1 0.6064453125 0.2978515625 0.052734375 0.0693359375
1 0.4736328125 0.83984375 0.0810546875 0.04296875
1 0.5341796875 0.6796875 0.02734375 0.07421875
1 0.828125 0.6484375 0.0537109375 0.0625
1 0.87890625 0.8193359375 0.060546875 0.109375
1 0.9736328125 0.7783203125 0.0517578125 0.0654296875
1 0.0859375 0.0166015625 0.0546875 0.03125
1 0.28125 0.689453125 0.068359375 0.0537109375
1 0.66796875 0.0234375 0.060546875 0.0439453125
1 0.7392578125 0.14453125 0.072265625 0.033203125
1 0.009765625 0.7626953125 0.01953125 0.0400390625
1 0.291015625 0.5 0.0556640625 0.0419921875
1 0.7138671875 0.0185546875 0.033203125 0.0380859375
1 0.1826171875 0.955078125 0.185546875 0.0546875
1 0.009765625 0.1455078125 0.0205078125 0.07421875
1 0.7509765625 0.9033203125 0.0546875 0.0537109375
1 0.65234375 0.5283203125 0.046875 0.0390625
1 0.1337890625 0.814453125 0.072265625 0.048828125
1 0.9873046875 0.9306640625 0.025390625 0.0625
1 0.1953125 0.890625 0.0439453125 0.0693359375
1 0.8876953125 0.396484375 0.0498046875 0.0576171875
1 0.9833984375 0.6416015625 0.0322265625 0.046875
1 0.962890625 0.7548828125 0.0732421875 0.037109375
1 0.6318359375 0.013671875 0.0556640625 0.0283203125
1 0.98046875 0.390625 0.0380859375 0.056640625
1 0.9814453125 0.44140625 0.0361328125 0.08203125
