1 0.34375 0.19140625 0.1201171875 0.1357421875
1 0.404296875 0.36328125 0.0732421875 0.05859375
1 0.46875 0.3173828125 0.0908203125 0.0771484375
1 0.6201171875 0.2578125 0.107421875 0.1005859375
1 0.0380859375 0.4345703125 0.0771484375 0.142578125
1 0.1806640625 0.4267578125 0.134765625 0.15234375
1 0.1875 0.3271484375 0.0634765625 0.0712890625
1 0.146484375 0.193359375 0.0634765625 0.1015625
1 0.2080078125 0.2080078125 0.0517578125 0.0693359375
1 0.0595703125 0.1650390625 0.083984375 0.0849609375
1 0.03515625 0.98046875 0.0712890625 0.0380859375
1 0.0283203125 0.9091796875 0.0576171875 0.0537109375
1 0.2900390625 0.8984375 0.0693359375 0.1201171875
1 0.349609375 0.9697265625 0.0634765625 0.0595703125
1 0.51171875 0.9521484375 0.0478515625 0.0947265625
1 0.427734375 0.7265625 0.083984375 0.1201171875
1 0.5673828125 0.8134765625 0.068359375 0.05859375
1 0.025390625 0.6357421875 0.0517578125 0.080078125
1 0.2353515625 0.611328125 0.0615234375 0.119140625
1 0.1943359375 0.7177734375 0.0693359375 0.07421875
1 0.31640625 0.6689453125 0.083984375 0.1298828125
1 0.7294921875 0.919921875 0.060546875 0.16015625
1 0.919921875 0.7685546875 0.0693359375 0.091796875
1 0.9248046875 0.5830078125 0.064453125 0.162109375
1 0.8212890625 0.6455078125 0.109375 0.1025390625
1 0.796875 0.76953125 0.1123046875 0.09375
1 0.369140625 0.421875 0.0703125 0.05078125
1 0.333984375 0.49609375 0.078125 0.078125
1 0.3779296875 0.611328125 0.0703125 0.107421875
1 0.341796875 0.5595703125 0.0869140625 0.10546875
1 0.4951171875 0.490234375 0.0595703125 0.1201171875
1 0.521484375 0.556640625 0.052734375 0.1025390625
1 0.5576171875 0.53515625 0.05078125 0.0966796875
1 0.63671875 0.5546875 0.0703125 0.1533203125
1 0.6640625 0.490234375 0.0732421875 0.1044921875
1 0.6953125 0.3798828125 0.119140625 0.0830078125
1 0.619140625 0.1630859375 0.0966796875 0.06640625
1 0.45703125 0.2001953125 0.0556640625 0.1298828125
1 0.4775390625 0.0888671875 0.0576171875 0.1123046875
1 0.1396484375 0.048828125 0.11328125 0.09765625
1 0.2822265625 0.072265625 0.1484375 0.1240234375
1 0.4375 0.046875 0.060546875 0.0947265625
1 0.6611328125 0.0498046875 0.068359375 0.1005859375
1 0.7646484375 0.1220703125 0.076171875 0.1875
1 0.84765625 0.1484375 0.076171875 0.1826171875
1 0.9697265625 0.17578125 0.0595703125 0.111328125
1 0.744140625 0.052734375 0.0791015625 0.10546875
1 0.5888671875 0.54296875 0.0703125 0.046875
1 0.5908203125 0.60546875 0.0390625 0.04296875
