1 0.03515625 0.921875 0.0703125 0.08203125
1 0.0498046875 0.7236328125 0.0869140625 0.09375
1 0.013671875 0.4921875 0.0283203125 0.0791015625
1 0.07421875 0.2216796875 0.0693359375 0.10546875
1 0.1171875 0.1416015625 0.0830078125 0.0654296875
1 0.1328125 0.3759765625 0.0830078125 0.2119140625
1 0.150390625 0.546875 0.12890625 0.08984375
1 0.21484375 0.40625 0.0732421875 0.08984375
1 0.322265625 0.42578125 0.1455078125 0.1123046875
1 0.568359375 0.390625 0.0810546875 0.1552734375
1 0.76953125 0.4033203125 0.16796875 0.0986328125
1 0.3193359375 0.103515625 0.0908203125 0.126953125
1 0.4990234375 0.583984375 0.1181640625 0.0849609375
1 0.42578125 0.5751953125 0.0771484375 0.08984375
1 0.341796875 0.6474609375 0.0732421875 0.072265625
1 0.31640625 0.7587890625 0.0849609375 0.0849609375
1 0.2216796875 0.890625 0.0859375 0.1064453125
1 0.1796875 0.6513671875 0.0732421875 0.0771484375
1 0.5400390625 0.765625 0.0869140625 0.1103515625
1 0.4306640625 0.9931640625 0.0947265625 0.013671875
1 0.283203125 0.9638671875 0.08203125 0.0712890625
1 0.421875 0.9287109375 0.0810546875 0.0830078125
1 0.5458984375 0.935546875 0.1826171875 0.1044921875
1 0.6875 0.833984375 0.1416015625 0.099609375
1 0.3935546875 0.25390625 0.0751953125 0.138671875
1 0.9453125 0.0556640625 0.095703125 0.0791015625
1 0.6982421875 0.6064453125 0.0517578125 0.0546875
1 0.8046875 0.853515625 0.1220703125 0.07421875
