1 0.0244140625 0.3447265625 0.0498046875 0.0712890625
1 0.0390625 0.5908203125 0.0634765625 0.146484375
1 0.216796875 0.666015625 0.0615234375 0.076171875
1 0.115234375 0.5693359375 0.1083984375 0.0654296875
1 0.34375 0.58203125 0.0703125 0.0908203125
1 0.5361328125 0.599609375 0.1279296875 0.0849609375
1 0.44921875 0.5068359375 0.0693359375 0.09375
1 0.419921875 0.3447265625 0.123046875 0.0615234375
1 0.4775390625 0.091796875 0.109375 0.1279296875
1 0.5888671875 0.1572265625 0.0703125 0.087890625
1 0.6513671875 0.107421875 0.0908203125 0.10546875
1 0.7900390625 0.2294921875 0.0771484375 0.1318359375
1 0.857421875 0.3046875 0.1015625 0.1279296875
1 0.7421875 0.5595703125 0.0908203125 0.15625
1 0.791015625 0.642578125 0.1259765625 0.072265625
1 0.8134765625 0.7001953125 0.0791015625 0.087890625
1 0.880859375 0.576171875 0.103515625 0.1669921875
1 0.9326171875 0.654296875 0.0693359375 0.0703125
1 0.7822265625 0.8046875 0.0966796875 0.0703125
1 0.7998046875 0.8486328125 0.0751953125 0.046875
1 0.7919921875 0.90625 0.1328125 0.162109375
1 0.875 0.8828125 0.0859375 0.078125
1 0.8642578125 0.01953125 0.06640625 0.0390625
1 0.927734375 0.021484375 0.1279296875 0.0439453125
1 0.4892578125 0.9755859375 0.06640625 0.0478515625
1 0.630859375 0.9404296875 0.1611328125 0.1181640625
1 0.6298828125 0.84765625 0.0625 0.0625
1 0.6669921875 0.962890625 0.072265625 0.07421875
1 0.3916015625 0.826171875 0.078125 0.19140625
1 0.4169921875 0.9541015625 0.0849609375 0.091796875
1 0.3125 0.8212890625 0.138671875 0.083984375
1 0.240234375 0.83984375 0.0947265625 0.0634765625
1 0.3271484375 0.73828125 0.0498046875 0.048828125
1 0.078125 0.8466796875 0.0830078125 0.109375
1 0.052734375 0.986328125 0.10546875 0.0263671875
1 0.03125 0.9326171875 0.0625 0.0654296875
1 0.16796875 0.2080078125 0.0849609375 0.0771484375
1 0.1474609375 0.2548828125 0.0986328125 0.1171875
1 0.2236328125 0.3017578125 0.056640625 0.0439453125
1 0.0595703125 0.2236328125 0.0615234375 0.0458984375
1 0.0263671875 0.10546875 0.0537109375 0.109375
1 0.05859375 0.064453125 0.0654296875 0.1298828125
1 0.099609375 0.1025390625 0.0634765625 0.0927734375
1 0.9794921875 0.7822265625 0.0400390625 0.0439453125
1 0.033203125 0.478515625 0.0498046875 0.0712890625
1 0.083984375 0.7119140625 0.0986328125 0.0673828125
1 0.0126953125 0.888671875 0.025390625 0.060546875
1 0.1279296875 0.892578125 0.0966796875 0.0478515625
1 0.31640625 0.3251953125 0.0908203125 0.1865234375
1 0.3515625 0.2763671875 0.0634765625 0.0498046875
1 0.7890625 0.365234375 0.060546875 0.052734375
1 0.015625 0.392578125 0.03125 0.1396484375
