1 0.384765625 0.052734375 0.0927734375 0.1064453125
1 0.255859375 0.02734375 0.1083984375 0.0546875
1 0.064453125 0.0166015625 0.072265625 0.0341796875
1 0.1201171875 0.0263671875 0.0625 0.052734375
1 0.0419921875 0.1123046875 0.083984375 0.068359375
1 0.0087890625 0.173828125 0.017578125 0.068359375
1 0.0361328125 0.255859375 0.0732421875 0.08203125
1 0.0693359375 0.3349609375 0.1396484375 0.09375
1 0.2919921875 0.296875 0.12109375 0.1044921875
1 0.2705078125 0.3740234375 0.0859375 0.0947265625
1 0.400390625 0.330078125 0.06640625 0.078125
1 0.123046875 0.4755859375 0.0908203125 0.080078125
1 0.2802734375 0.7314453125 0.0791015625 0.271484375
1 0.2060546875 0.68359375 0.0615234375 0.099609375
1 0.5615234375 0.5673828125 0.0830078125 0.0810546875
1 0.5087890625 0.4931640625 0.095703125 0.0693359375
1 0.4755859375 0.296875 0.091796875 0.197265625
1 0.6298828125 0.328125 0.10546875 0.2001953125
1 0.8857421875 0.3369140625 0.18359375 0.0830078125
1 0.662109375 0.08984375 0.0927734375 0.083984375
1 0.533203125 0.015625 0.0595703125 0.03125
1 0.5263671875 0.0810546875 0.0517578125 0.095703125
1 0.900390625 0.0439453125 0.0947265625 0.0732421875
1 0.8271484375 0.5244140625 0.212890625 0.06640625
1 0.8125 0.6845703125 0.087890625 0.08203125
1 0.7021484375 0.763671875 0.083984375 0.08984375
1 0.6171875 0.74609375 0.046875 0.0556640625
1 0.7294921875 0.8876953125 0.0576171875 0.0703125
1 0.865234375 0.8955078125 0.0751953125 0.1318359375
1 0.9384765625 0.58203125 0.0537109375 0.107421875
1 0.9423828125 0.681640625 0.060546875 0.11328125
1 0.9765625 0.7822265625 0.0380859375 0.166015625
1 0.9736328125 0.513671875 0.0517578125 0.1923828125
1 0.8974609375 0.1552734375 0.08984375 0.072265625
