1 0.7490234375 0.8349609375 0.08984375 0.0849609375
1 0.5771484375 0.625 0.12890625 0.1396484375
1 0.6884765625 0.7802734375 0.080078125 0.0791015625
1 0.6220703125 0.91015625 0.140625 0.09765625
1 0.091796875 0.73828125 0.056640625 0.1611328125
1 0.642578125 0.685546875 0.09375 0.0986328125
1 0.046875 0.4248046875 0.09375 0.1005859375
1 0.5107421875 0.71875 0.08203125 0.1162109375
1 0.4423828125 0.84765625 0.115234375 0.1357421875
1 0.46875 0.4130859375 0.0849609375 0.15625
1 0.9052734375 0.6328125 0.1142578125 0.1220703125
1 0.046875 0.4951171875 0.09375 0.0966796875
1 0.4560546875 0.703125 0.111328125 0.1171875
1 0.697265625 0.037109375 0.0947265625 0.07421875
1 0.79296875 0.208984375 0.09375 0.13671875
1 0.091796875 0.37890625 0.0810546875 0.140625
1 0.87109375 0.064453125 0.1318359375 0.0712890625
1 0.775390625 0.5625 0.1376953125 0.140625
1 0.6748046875 0.5546875 0.1064453125 0.1494140625
1 0.455078125 0.0859375 0.076171875 0.064453125
1 0.501953125 0.947265625 0.1171875 0.10546875
1 0.3623046875 0.017578125 0.107421875 0.03515625
1 0.16796875 0.412109375 0.1337890625 0.20703125
1 0.1025390625 0.169921875 0.12109375 0.1171875
1 0.1005859375 0.896484375 0.09765625 0.1103515625
1 0.013671875 0.9501953125 0.02734375 0.099609375
1 0.3740234375 0.4560546875 0.15625 0.142578125
1 0.2783203125 0.5361328125 0.130859375 0.0673828125
1 0.626953125 0.353515625 0.09765625 0.1572265625
1 0.4248046875 0.552734375 0.126953125 0.0810546875
1 0.0537109375 0.7421875 0.087890625 0.1591796875
1 0.8046875 0.537109375 0.1611328125 0.087890625
1 0.0205078125 0.787109375 0.0419921875 0.06640625
1 0.904296875 0.3330078125 0.0595703125 0.0712890625
1 0.9560546875 0.3125 0.078125 0.0546875
