1 0.0390625 0.0263671875 0.0732421875 0.052734375
1 0.0380859375 0.0615234375 0.0625 0.0546875
1 0.1005859375 0.12890625 0.080078125 0.0341796875
1 0.134765625 0.0185546875 0.046875 0.0380859375
1 0.1982421875 0.099609375 0.0615234375 0.0712890625
1 0.2666015625 0.0556640625 0.072265625 0.05859375
1 0.421875 0.1142578125 0.0888671875 0.04296875
1 0.365234375 0.1357421875 0.0771484375 0.0458984375
1 0.5234375 0.0341796875 0.0283203125 0.0693359375
1 0.5703125 0.0693359375 0.064453125 0.0439453125
1 0.6376953125 0.0732421875 0.0625 0.0498046875
1 0.7255859375 0.0712890625 0.0673828125 0.07421875
1 0.7265625 0.0107421875 0.07421875 0.0224609375
1 0.802734375 0.1396484375 0.0771484375 0.107421875
1 0.556640625 0.1474609375 0.0556640625 0.0400390625
1 0.787109375 0.19140625 0.078125 0.0537109375
1 0.9541015625 0.2646484375 0.0380859375 0.044921875
1 0.830078125 0.3359375 0.0380859375 0.0703125
1 0.7373046875 0.3642578125 0.119140625 0.0322265625
1 0.5888671875 0.2470703125 0.0615234375 0.04296875
1 0.5400390625 0.2353515625 0.060546875 0.0478515625
1 0.412109375 0.21484375 0.103515625 0.0439453125
1 0.4560546875 0.2236328125 0.05859375 0.05859375
1 0.529296875 0.3076171875 0.0771484375 0.06640625
1 0.3017578125 0.3037109375 0.06640625 0.0546875
1 0.21484375 0.2138671875 0.0615234375 0.05859375
1 0.2197265625 0.2177734375 0.048828125 0.0400390625
1 0.169921875 0.169921875 0.0810546875 0.0478515625
1 0.1845703125 0.3720703125 0.1083984375 0.0556640625
1 0.5654296875 0.595703125 0.041015625 0.0576171875
1 0.8271484375 0.4443359375 0.119140625 0.0380859375
1 0.7412109375 0.544921875 0.115234375 0.052734375
1 0.7958984375 0.5546875 0.0625 0.0625
1 0.859375 0.5712890625 0.0458984375 0.03515625
1 0.9345703125 0.5849609375 0.1298828125 0.04296875
1 0.9169921875 0.72265625 0.1650390625 0.0498046875
1 0.8076171875 0.7119140625 0.0732421875 0.0771484375
1 0.673828125 0.5771484375 0.068359375 0.0654296875
1 0.685546875 0.67578125 0.0546875 0.05859375
1 0.6572265625 0.68359375 0.0732421875 0.080078125
1 0.5830078125 0.736328125 0.0576171875 0.0712890625
1 0.4375 0.654296875 0.0517578125 0.0869140625
1 0.52734375 0.970703125 0.0625 0.0341796875
1 0.3505859375 0.9775390625 0.056640625 0.044921875
1 0.28125 0.8681640625 0.0478515625 0.0458984375
1 0.244140625 0.8994140625 0.06640625 0.0625
1 0.15625 0.798828125 0.041015625 0.048828125
1 0.123046875 0.873046875 0.041015625 0.0419921875
1 0.119140625 0.9619140625 0.0517578125 0.0595703125
1 0.3427734375 0.6416015625 0.056640625 0.0615234375
1 0.283203125 0.5595703125 0.064453125 0.08203125
1 0.21484375 0.5263671875 0.0732421875 0.0849609375
1 0.177734375 0.515625 0.130859375 0.07421875
1 0.0615234375 0.505859375 0.0751953125 0.083984375
1 0.0732421875 0.3505859375 0.0361328125 0.041015625
1 0.7197265625 0.123046875 0.0576171875 0.04296875
