1 0.1572265625 0.0419921875 0.072265625 0.08203125
1 0.265625 0.099609375 0.07421875 0.0693359375
1 0.216796875 0.126953125 0.06640625 0.0517578125
1 0.3740234375 0.044921875 0.076171875 0.0908203125
1 0.38671875 0.111328125 0.1103515625 0.06640625
1 0.345703125 0.14453125 0.0634765625 0.06640625
1 0.3388671875 0.21484375 0.05859375 0.0595703125
1 0.1318359375 0.375 0.08984375 0.0771484375
1 0.1923828125 0.5703125 0.0625 0.0654296875
1 0.1513671875 0.6650390625 0.0673828125 0.0634765625
1 0.099609375 0.6240234375 0.07421875 0.0712890625
1 0.0498046875 0.6484375 0.06640625 0.0693359375
1 0.337890625 0.5439453125 0.076171875 0.091796875
1 0.396484375 0.5546875 0.056640625 0.0634765625
1 0.3056640625 0.6181640625 0.083984375 0.0625
1 0.521484375 0.4580078125 0.091796875 0.083984375
1 0.44921875 0.4677734375 0.0517578125 0.0869140625
1 0.41015625 0.455078125 0.060546875 0.08984375
1 0.642578125 0.41796875 0.0595703125 0.0751953125
1 0.6474609375 0.5966796875 0.0859375 0.0634765625
1 0.5244140625 0.5849609375 0.0751953125 0.0546875
1 0.5693359375 0.61328125 0.06640625 0.06640625
1 0.525390625 0.7041015625 0.06640625 0.0673828125
1 0.5029296875 0.6279296875 0.056640625 0.0498046875
1 0.8193359375 0.7119140625 0.0654296875 0.0595703125
1 0.943359375 0.6591796875 0.0615234375 0.076171875
1 0.951171875 0.4482421875 0.095703125 0.1220703125
1 0.736328125 0.9833984375 0.0576171875 0.033203125
1 0.9345703125 0.0341796875 0.083984375 0.0576171875
1 0.88671875 0.0791015625 0.056640625 0.07421875
1 0.66796875 0.0361328125 0.056640625 0.0693359375
1 0.57421875 0.0615234375 0.056640625 0.0595703125
1 0.697265625 0.15625 0.06640625 0.072265625
1 0.2138671875 0.87890625 0.0732421875 0.099609375
1 0.4482421875 0.9765625 0.068359375 0.046875
1 0.8388671875 0.62109375 0.087890625 0.0625
1 0.1884765625 0.423828125 0.052734375 0.072265625
1 0.427734375 0.4052734375 0.0771484375 0.06640625
1 0.744140625 0.1806640625 0.0732421875 0.06640625
1 0.5732421875 0.12109375 0.0546875 0.0546875
1 0.5537109375 0.0078125 0.041015625 0.0166015625
1 0.5322265625 0.021484375 0.0546875 0.04296875
1 0.3154296875 0.5 0.0546875 0.0478515625
1 0.9873046875 0.904296875 0.025390625 0.080078125
1 0.990234375 0.046875 0.0185546875 0.0517578125
