1 0.8818359375 0.1904296875 0.115234375 0.0771484375
1 0.5419921875 0.9345703125 0.095703125 0.064453125
1 0.8388671875 0.546875 0.1044921875 0.16015625
1 0.2177734375 0.9267578125 0.1181640625 0.1044921875
1 0.798828125 0.6767578125 0.1044921875 0.125
1 0.96875 0.1044921875 0.0625 0.05078125
1 0.14453125 0.2890625 0.0859375 0.0908203125
1 0.9814453125 0.556640625 0.0361328125 0.080078125
1 0.1015625 0.1044921875 0.1806640625 0.125
1 0.9482421875 0.8583984375 0.103515625 0.0927734375
1 0.8349609375 0.8115234375 0.0673828125 0.1044921875
1 0.5283203125 0.3857421875 0.087890625 0.142578125
1 0.24609375 0.0390625 0.09765625 0.0751953125
1 0.1640625 0.41015625 0.0751953125 0.1669921875
1 0.744140625 0.2529296875 0.08984375 0.1728515625
1 0.91796875 0.9775390625 0.1103515625 0.044921875
1 0.3017578125 0.2041015625 0.1103515625 0.2900390625
1 0.494140625 0.2509765625 0.0693359375 0.0625
1 0.353515625 0.0322265625 0.1328125 0.060546875
1 0.537109375 0.8203125 0.0546875 0.0419921875
1 0.7021484375 0.7998046875 0.064453125 0.150390625
1 0.8369140625 0.10546875 0.10546875 0.0927734375
1 0.310546875 0.7841796875 0.3720703125 0.1103515625
1 0.6484375 0.841796875 0.09765625 0.0654296875
1 0.5625 0.1396484375 0.0458984375 0.2021484375
1 0.9873046875 0.294921875 0.025390625 0.1376953125
1 0.6279296875 0.791015625 0.0576171875 0.052734375
1 0.1435546875 0.9052734375 0.072265625 0.087890625
1 0.0419921875 0.71875 0.080078125 0.0625
1 0.7041015625 0.2197265625 0.0693359375 0.115234375
1 0.54296875 0.109375 0.1181640625 0.0986328125
1 0.5283203125 0.099609375 0.12109375 0.1923828125
1 0.7138671875 0.8701171875 0.0751953125 0.0478515625
1 0.6474609375 0.2578125 0.0673828125 0.1279296875
1 0.5732421875 0.39453125 0.087890625 0.1640625
1 0.583984375 0.29296875 0.1201171875 0.0869140625
1 0.8203125 0.154296875 0.1767578125 0.0546875
1 0.185546875 0.845703125 0.09765625 0.044921875
1 0.748046875 0.8193359375 0.087890625 0.0400390625
