1 0.388671875 0.2900390625 0.1103515625 0.1025390625
1 0.408203125 0.2373046875 0.056640625 0.0556640625
1 0.375 0.1669921875 0.115234375 0.06640625
1 0.498046875 0.119140625 0.0703125 0.0791015625
1 0.4814453125 0.0322265625 0.1015625 0.064453125
1 0.5712890625 0.0146484375 0.0732421875 0.029296875
1 0.845703125 0.0361328125 0.0869140625 0.0732421875
1 0.677734375 0.0517578125 0.099609375 0.0830078125
1 0.65625 0.09375 0.1318359375 0.0751953125
1 0.599609375 0.1611328125 0.0830078125 0.041015625
1 0.6552734375 0.173828125 0.109375 0.0595703125
1 0.8037109375 0.09765625 0.138671875 0.0712890625
1 0.7412109375 0.1533203125 0.080078125 0.0615234375
1 0.8056640625 0.185546875 0.0947265625 0.08984375
1 0.8740234375 0.201171875 0.0830078125 0.119140625
1 0.9384765625 0.1845703125 0.0693359375 0.068359375
1 0.947265625 0.1142578125 0.10546875 0.052734375
1 0.93359375 0.2705078125 0.1328125 0.0595703125
1 0.8994140625 0.375 0.0869140625 0.056640625
1 0.7822265625 0.38671875 0.07421875 0.0546875
1 0.7275390625 0.4150390625 0.0537109375 0.044921875
1 0.6142578125 0.3994140625 0.1142578125 0.083984375
1 0.662109375 0.279296875 0.109375 0.0537109375
1 0.6767578125 0.240234375 0.1025390625 0.0556640625
1 0.4775390625 0.3388671875 0.06640625 0.0673828125
1 0.2705078125 0.525390625 0.103515625 0.0634765625
1 0.2041015625 0.4912109375 0.05859375 0.0537109375
1 0.1484375 0.5380859375 0.087890625 0.0458984375
1 0.119140625 0.564453125 0.0439453125 0.0869140625
1 0.052734375 0.5625 0.10546875 0.0693359375
1 0.43359375 0.5888671875 0.0625 0.0380859375
1 0.53125 0.50390625 0.044921875 0.056640625
1 0.63671875 0.5927734375 0.1357421875 0.0654296875
1 0.8212890625 0.5859375 0.0830078125 0.0576171875
1 0.7314453125 0.630859375 0.111328125 0.0498046875
1 0.8212890625 0.654296875 0.0986328125 0.0556640625
1 0.9716796875 0.685546875 0.0556640625 0.0361328125
1 0.9775390625 0.7197265625 0.044921875 0.0400390625
1 0.8740234375 0.7216796875 0.068359375 0.05859375
1 0.9140625 0.705078125 0.0771484375 0.083984375
1 0.7333984375 0.7626953125 0.1328125 0.06640625
1 0.7470703125 0.796875 0.0751953125 0.052734375
1 0.7236328125 0.681640625 0.0927734375 0.06640625
1 0.552734375 0.6376953125 0.150390625 0.0576171875
1 0.5673828125 0.689453125 0.07421875 0.0517578125
1 0.5166015625 0.5966796875 0.1083984375 0.0478515625
1 0.37890625 0.650390625 0.0595703125 0.0546875
1 0.2744140625 0.576171875 0.0576171875 0.05078125
1 0.2353515625 0.7431640625 0.134765625 0.080078125
1 0.2109375 0.79296875 0.1552734375 0.076171875
1 0.3125 0.8984375 0.087890625 0.0751953125
1 0.1689453125 0.3037109375 0.107421875 0.0478515625
1 0.1572265625 0.1513671875 0.1337890625 0.0615234375
1 0.419921875 0.71484375 0.083984375 0.04296875
1 0.5224609375 0.7275390625 0.1142578125 0.046875
1 0.47265625 0.7607421875 0.0810546875 0.0615234375
1 0.486328125 0.841796875 0.0986328125 0.0439453125
1 0.4521484375 0.8642578125 0.0732421875 0.06640625
1 0.390625 0.859375 0.0654296875 0.0869140625
1 0.6083984375 0.873046875 0.0947265625 0.0986328125
1 0.6494140625 0.794921875 0.115234375 0.060546875
1 0.5634765625 0.791015625 0.0625 0.06640625
1 0.7509765625 0.9501953125 0.1162109375 0.0537109375
1 0.541015625 0.9521484375 0.078125 0.0576171875
1 0.6103515625 0.9638671875 0.09765625 0.072265625
1 0.8642578125 0.9775390625 0.0888671875 0.044921875
1 0.9267578125 0.9716796875 0.0693359375 0.0556640625
1 0.09375 0.916015625 0.0751953125 0.0546875
1 0.16015625 0.88671875 0.0732421875 0.07421875
1 0.0830078125 0.80859375 0.095703125 0.05859375
1 0.0634765625 0.7001953125 0.0625 0.0517578125
1 0.1044921875 0.748046875 0.0810546875 0.07421875
1 0.01171875 0.94140625 0.0244140625 0.0517578125
1 0.029296875 0.990234375 0.05859375 0.01953125
1 0.1279296875 0.990234375 0.0615234375 0.0185546875
1 0.0361328125 0.19140625 0.072265625 0.0478515625
1 0.05078125 0.2548828125 0.1025390625 0.052734375
1 0.0439453125 0.2978515625 0.087890625 0.0595703125
1 0.15234375 0.2578125 0.07421875 0.0625
1 0.19140625 0.2255859375 0.0693359375 0.060546875
1 0.275390625 0.1845703125 0.0439453125 0.05859375
1 0.234375 0.0595703125 0.060546875 0.078125
1 0.2744140625 0.033203125 0.0498046875 0.06640625
1 0.291015625 0.0751953125 0.03515625 0.05859375
1 0.380859375 0.0791015625 0.0625 0.0673828125
1 0.0986328125 0.0078125 0.095703125 0.0166015625
1 0.1005859375 0.0712890625 0.1162109375 0.0625
1 0.078125 0.025390625 0.0625 0.0517578125
1 0.205078125 0.025390625 0.0986328125 0.05078125
1 0.8720703125 0.802734375 0.08203125 0.05859375
1 0.869140625 0.861328125 0.076171875 0.07421875
1 0.546875 0.2685546875 0.06640625 0.068359375
1 0.1865234375 0.7275390625 0.0654296875 0.05859375
1 0.630859375 0.78125 0.0751953125 0.0341796875
1 0.8408203125 0.12890625 0.095703125 0.0771484375
1 0.2724609375 0.0810546875 0.0693359375 0.068359375
1 0.072265625 0.1396484375 0.02734375 0.046875
