1 0.1171875 0.5703125 0.0966796875 0.1123046875
1 0.2197265625 0.546875 0.099609375 0.095703125
1 0.07421875 0.3642578125 0.123046875 0.0927734375
1 0.0234375 0.314453125 0.046875 0.0634765625
1 0.0283203125 0.82421875 0.056640625 0.0712890625
1 0.0869140625 0.9716796875 0.0966796875 0.0556640625
1 0.2099609375 0.73046875 0.087890625 0.056640625
1 0.6201171875 0.8447265625 0.1357421875 0.083984375
1 0.83984375 0.8232421875 0.0703125 0.056640625
1 0.3759765625 0.951171875 0.0966796875 0.09765625
1 0.5439453125 0.947265625 0.13671875 0.10546875
1 0.671875 0.9287109375 0.1201171875 0.06640625
1 0.6552734375 0.6923828125 0.0693359375 0.103515625
1 0.466796875 0.5224609375 0.1005859375 0.1328125
1 0.40234375 0.3701171875 0.072265625 0.078125
1 0.31640625 0.3447265625 0.0673828125 0.076171875
1 0.1416015625 0.2607421875 0.0576171875 0.05859375
1 0.7373046875 0.4287109375 0.0908203125 0.0869140625
1 0.7919921875 0.515625 0.0615234375 0.052734375
1 0.8740234375 0.4580078125 0.1064453125 0.0615234375
1 0.890625 0.6435546875 0.0673828125 0.056640625
1 0.8095703125 0.3623046875 0.0966796875 0.0556640625
1 0.7109375 0.2080078125 0.09375 0.05859375
1 0.8671875 0.255859375 0.1298828125 0.0732421875
1 0.875 0.193359375 0.06640625 0.068359375
1 0.8486328125 0.3037109375 0.0625 0.052734375
1 0.3828125 0.0302734375 0.130859375 0.060546875
1 0.1025390625 0.021484375 0.083984375 0.0439453125
1 0.015625 0.052734375 0.03125 0.08203125
1 0.9033203125 0.095703125 0.1513671875 0.130859375
1 0.9521484375 0.42578125 0.0927734375 0.0947265625
1 0.9609375 0.8203125 0.0771484375 0.072265625
1 0.642578125 0.466796875 0.0615234375 0.056640625
1 0.0849609375 0.9091796875 0.1181640625 0.0927734375
1 0.5244140625 0.27734375 0.048828125 0.048828125
