1 0.0380859375 0.1396484375 0.076171875 0.1533203125
1 0.0498046875 0.0498046875 0.1005859375 0.1005859375
1 0.4208984375 0.0224609375 0.115234375 0.044921875
1 0.501953125 0.076171875 0.060546875 0.0673828125
1 0.26171875 0.080078125 0.111328125 0.064453125
1 0.166015625 0.1494140625 0.068359375 0.15625
1 0.2578125 0.17578125 0.0869140625 0.1708984375
1 0.40625 0.1767578125 0.0703125 0.06640625
1 0.408203125 0.3076171875 0.0693359375 0.078125
1 0.333984375 0.3271484375 0.0673828125 0.0771484375
1 0.15234375 0.498046875 0.142578125 0.07421875
1 0.2373046875 0.470703125 0.06640625 0.1025390625
1 0.435546875 0.54296875 0.1357421875 0.0712890625
1 0.37109375 0.6220703125 0.10546875 0.080078125
1 0.0390625 0.6796875 0.0703125 0.06640625
1 0.044921875 0.775390625 0.0908203125 0.0703125
1 0.1142578125 0.8056640625 0.09375 0.1494140625
1 0.0517578125 0.9384765625 0.103515625 0.07421875
1 0.1826171875 0.9580078125 0.0732421875 0.0771484375
1 0.5283203125 0.951171875 0.083984375 0.0888671875
1 0.6640625 0.9677734375 0.0458984375 0.064453125
1 0.703125 0.921875 0.0615234375 0.05078125
1 0.6474609375 0.87109375 0.0693359375 0.076171875
1 0.408203125 0.7333984375 0.06640625 0.0634765625
1 0.5947265625 0.6728515625 0.13671875 0.0810546875
1 0.8466796875 0.5771484375 0.0732421875 0.0703125
1 0.9111328125 0.7060546875 0.0712890625 0.072265625
1 0.9267578125 0.7705078125 0.056640625 0.0634765625
1 0.970703125 0.71875 0.05859375 0.068359375
1 0.9658203125 0.5126953125 0.0673828125 0.1533203125
1 0.8232421875 0.4345703125 0.0625 0.1220703125
1 0.732421875 0.341796875 0.0634765625 0.1005859375
1 0.8251953125 0.31640625 0.060546875 0.138671875
1 0.93359375 0.361328125 0.0849609375 0.0712890625
1 0.890625 0.2412109375 0.0654296875 0.0703125
1 0.7421875 0.2060546875 0.0771484375 0.1103515625
1 0.5341796875 0.1611328125 0.0634765625 0.095703125
1 0.7041015625 0.1083984375 0.0830078125 0.08203125
1 0.8154296875 0.0908203125 0.107421875 0.103515625
1 0.95703125 0.0166015625 0.0849609375 0.0341796875
1 0.6669921875 0.015625 0.0888671875 0.03125
