1 0.3134765625 0.419921875 0.0556640625 0.0869140625
1 0.7685546875 0.36328125 0.0546875 0.09375
1 0.5341796875 0.587890625 0.087890625 0.099609375
1 0.125 0.4921875 0.1015625 0.0712890625
1 0.2421875 0.298828125 0.0517578125 0.091796875
1 0.4697265625 0.6455078125 0.0615234375 0.07421875
1 0.30078125 0.9501953125 0.06640625 0.0869140625
1 0.1318359375 0.3564453125 0.0712890625 0.080078125
1 0.837890625 0.109375 0.0810546875 0.1318359375
1 0.494140625 0.1943359375 0.0400390625 0.0888671875
1 0.732421875 0.583984375 0.0478515625 0.0810546875
1 0.853515625 0.814453125 0.0673828125 0.056640625
1 0.357421875 0.048828125 0.0546875 0.0732421875
1 0.822265625 0.4326171875 0.044921875 0.11328125
1 0.35546875 0.9658203125 0.0439453125 0.0673828125
1 0.328125 0.205078125 0.078125 0.0498046875
1 0.7841796875 0.71484375 0.046875 0.0908203125
1 0.5537109375 0.337890625 0.0615234375 0.083984375
1 0.7041015625 0.837890625 0.0751953125 0.056640625
1 0.7646484375 0.1513671875 0.0537109375 0.09375
1 0.9609375 0.888671875 0.04296875 0.080078125
1 0.376953125 0.271484375 0.0380859375 0.0693359375
1 0.1591796875 0.833984375 0.064453125 0.103515625
1 0.4052734375 0.4443359375 0.0517578125 0.1201171875
1 0.2353515625 0.931640625 0.0810546875 0.056640625
1 0.267578125 0.1650390625 0.0869140625 0.1220703125
1 0.189453125 0.1884765625 0.0654296875 0.0771484375
1 0.2685546875 0.041015625 0.0859375 0.0830078125
1 0.396484375 0.578125 0.0673828125 0.103515625
1 0.4755859375 0.4140625 0.052734375 0.0771484375
1 0.2578125 0.5029296875 0.0380859375 0.08984375
1 0.68359375 0.0634765625 0.0654296875 0.05078125
1 0.3232421875 0.1220703125 0.0341796875 0.0869140625
1 0.74609375 0.478515625 0.0302734375 0.076171875
1 0.970703125 0.5771484375 0.046875 0.072265625
1 0.8671875 0.9306640625 0.0537109375 0.0849609375
1 0.4326171875 0.927734375 0.0322265625 0.056640625
1 0.4833984375 0.109375 0.07421875 0.0478515625
1 0.9482421875 0.98046875 0.0615234375 0.037109375
1 0.388671875 0.021484375 0.0517578125 0.041015625
1 0.064453125 0.9736328125 0.05859375 0.052734375
1 0.9814453125 0.3779296875 0.0361328125 0.05859375
1 0.595703125 0.2490234375 0.0478515625 0.0654296875
1 0.138671875 0.419921875 0.0849609375 0.0439453125
1 0.1162109375 0.982421875 0.033203125 0.0341796875
1 0.546875 0.8271484375 0.0576171875 0.0419921875
1 0.7685546875 0.8193359375 0.04296875 0.037109375
1 0.9658203125 0.1044921875 0.0673828125 0.048828125
1 0.951171875 0.19921875 0.072265625 0.0810546875
1 0.8720703125 0.7353515625 0.0556640625 0.0576171875
1 0.2197265625 0.8671875 0.0517578125 0.04296875
1 0.166015625 0.2939453125 0.0439453125 0.0537109375
1 0.8681640625 0.587890625 0.0478515625 0.0595703125
1 0.8828125 0.333984375 0.0458984375 0.0859375
1 0.310546875 0.484375 0.05078125 0.0498046875
1 0.21875 0.9814453125 0.041015625 0.0361328125
1 0.076171875 0.7783203125 0.076171875 0.0673828125
1 0.8271484375 0.970703125 0.037109375 0.0546875
1 0.6962890625 0.267578125 0.0625 0.0732421875
1 0.275390625 0.365234375 0.04296875 0.0625
1 0.9140625 0.41796875 0.1259765625 0.068359375
1 0.013671875 0.037109375 0.02734375 0.0439453125
1 0.283203125 0.83203125 0.044921875 0.0341796875
1 0.0244140625 0.9248046875 0.0498046875 0.05078125
1 0.1640625 0.7041015625 0.0732421875 0.04296875
1 0.033203125 0.421875 0.0390625 0.064453125
1 0.5263671875 0.4833984375 0.056640625 0.041015625
1 0.896484375 0.6787109375 0.0439453125 0.0498046875
1 0.6689453125 0.798828125 0.0673828125 0.09375
1 0.42578125 0.1708984375 0.0654296875 0.0556640625
1 0.07421875 0.603515625 0.0986328125 0.0751953125
1 0.9150390625 0.55859375 0.04296875 0.0498046875
1 0.90234375 0.220703125 0.048828125 0.0654296875
1 0.8603515625 0.048828125 0.0556640625 0.0576171875
1 0.91796875 0.0537109375 0.0546875 0.0537109375
1 0.6845703125 0.521484375 0.0615234375 0.06640625
1 0.904296875 0.8076171875 0.048828125 0.03515625
1 0.5908203125 0.974609375 0.0498046875 0.044921875
1 0.2373046875 0.640625 0.0712890625 0.0673828125
1 0.013671875 0.5654296875 0.0263671875 0.03515625
1 0.7470703125 0.07421875 0.041015625 0.0712890625
