1 0.705078125 0.1015625 0.11328125 0.0791015625
1 0.4814453125 0.6162109375 0.1494140625 0.0947265625
1 0.240234375 0.654296875 0.1181640625 0.1201171875
1 0.5595703125 0.7978515625 0.115234375 0.0830078125
1 0.408203125 0.71875 0.123046875 0.0947265625
1 0.2548828125 0.4677734375 0.1025390625 0.1123046875
1 0.8681640625 0.5244140625 0.08203125 0.064453125
1 0.9033203125 0.296875 0.1171875 0.0947265625
1 0.1015625 0.6220703125 0.0751953125 0.095703125
1 0.453125 0.5400390625 0.142578125 0.1123046875
1 0.27734375 0.9296875 0.08984375 0.10546875
1 0.9326171875 0.8857421875 0.1025390625 0.08203125
1 0.8974609375 0.7919921875 0.083984375 0.064453125
1 0.328125 0.7958984375 0.1025390625 0.087890625
1 0.3125 0.2158203125 0.0947265625 0.0751953125
1 0.5361328125 0.4072265625 0.142578125 0.1103515625
1 0.50390625 0.220703125 0.1298828125 0.107421875
1 0.625 0.447265625 0.09765625 0.1123046875
1 0.6865234375 0.453125 0.0751953125 0.078125
1 0.9404296875 0.4052734375 0.1181640625 0.1083984375
1 0.48046875 0.021484375 0.126953125 0.0439453125
1 0.265625 0.23828125 0.126953125 0.158203125
1 0.5986328125 0.375 0.0625 0.1962890625
