1 0.3818359375 0.017578125 0.111328125 0.03515625
1 0.0791015625 0.029296875 0.154296875 0.05859375
1 0.8076171875 0.0205078125 0.056640625 0.041015625
1 0.7578125 0.0400390625 0.05859375 0.080078125
1 0.9501953125 0.0654296875 0.0732421875 0.0771484375
1 0.9140625 0.88671875 0.1201171875 0.0751953125
1 0.80859375 0.8330078125 0.1044921875 0.09765625
1 0.7109375 0.94921875 0.140625 0.048828125
1 0.6591796875 0.8642578125 0.119140625 0.0703125
1 0.6884765625 0.69921875 0.0986328125 0.064453125
1 0.6025390625 0.7060546875 0.1337890625 0.0751953125
1 0.6142578125 0.5576171875 0.1455078125 0.076171875
1 0.697265625 0.48828125 0.119140625 0.0654296875
1 0.7900390625 0.3671875 0.1826171875 0.072265625
1 0.771484375 0.2783203125 0.07421875 0.0849609375
1 0.794921875 0.1416015625 0.1552734375 0.109375
1 0.880859375 0.1689453125 0.1298828125 0.0693359375
1 0.5693359375 0.232421875 0.146484375 0.0732421875
1 0.537109375 0.328125 0.2119140625 0.056640625
1 0.4208984375 0.330078125 0.1162109375 0.091796875
1 0.40234375 0.171875 0.1796875 0.0546875
1 0.41015625 0.21875 0.1396484375 0.08203125
1 0.212890625 0.146484375 0.1318359375 0.0634765625
1 0.095703125 0.2041015625 0.1484375 0.1015625
1 0.205078125 0.353515625 0.17578125 0.099609375
1 0.25 0.4609375 0.1181640625 0.091796875
1 0.4677734375 0.4765625 0.09375 0.080078125
1 0.4404296875 0.53515625 0.142578125 0.0615234375
1 0.19140625 0.6201171875 0.1171875 0.0830078125
1 0.208984375 0.6865234375 0.1552734375 0.0498046875
1 0.3583984375 0.73828125 0.1328125 0.1162109375
1 0.419921875 0.7177734375 0.1533203125 0.0673828125
1 0.1943359375 0.796875 0.095703125 0.095703125
1 0.0703125 0.61328125 0.1416015625 0.0849609375
1 0.0361328125 0.732421875 0.072265625 0.0830078125
1 0.1044921875 0.98046875 0.1787109375 0.0380859375
1 0.076171875 0.4140625 0.12109375 0.0615234375
1 0.0419921875 0.3857421875 0.0849609375 0.0830078125
1 0.041015625 0.0625 0.08203125 0.08984375
1 0.978515625 0.6328125 0.041015625 0.05859375
1 0.5517578125 0.8046875 0.0322265625 0.0419921875
1 0.6162109375 0.498046875 0.064453125 0.083984375
