1 0.0283203125 0.5517578125 0.056640625 0.0751953125
1 0.0986328125 0.4072265625 0.1103515625 0.09375
1 0.0791015625 0.951171875 0.1533203125 0.0654296875
1 0.373046875 0.1005859375 0.0732421875 0.0869140625
1 0.744140625 0.01953125 0.0703125 0.0390625
1 0.1103515625 0.521484375 0.109375 0.083984375
1 0.99609375 0.1083984375 0.0068359375 0.0673828125
1 0.7998046875 0.986328125 0.1005859375 0.0263671875
1 0.767578125 0.1884765625 0.068359375 0.064453125
1 0.2392578125 0.390625 0.0693359375 0.1103515625
1 0.5283203125 0.109375 0.1376953125 0.1015625
1 0.6533203125 0.9375 0.095703125 0.0576171875
1 0.546875 0.623046875 0.1796875 0.0908203125
1 0.5458984375 0.5625 0.1201171875 0.0810546875
1 0.80078125 0.5712890625 0.1103515625 0.09765625
1 0.302734375 0.4248046875 0.0810546875 0.119140625
1 0.6962890625 0.048828125 0.1025390625 0.0625
1 0.7373046875 0.12109375 0.0859375 0.064453125
1 0.8525390625 0.2421875 0.087890625 0.0908203125
1 0.6484375 0.1875 0.087890625 0.0810546875
1 0.7001953125 0.2763671875 0.15234375 0.078125
1 0.60546875 0.369140625 0.1201171875 0.087890625
1 0.5576171875 0.7060546875 0.1162109375 0.0908203125
1 0.9423828125 0.82421875 0.0693359375 0.0625
1 0.751953125 0.90625 0.107421875 0.0703125
1 0.8486328125 0.919921875 0.068359375 0.0947265625
1 0.8388671875 0.861328125 0.0771484375 0.05859375
1 0.0341796875 0.64453125 0.068359375 0.060546875
1 0.046875 0.2099609375 0.09375 0.091796875
1 0.162109375 0.1220703125 0.08984375 0.068359375
1 0.1025390625 0.05859375 0.12109375 0.083984375
1 0.0322265625 0.0322265625 0.0654296875 0.064453125
1 0.72265625 0.3349609375 0.05859375 0.0849609375
1 0.55078125 0.1669921875 0.14453125 0.1083984375
1 0.1923828125 0.4130859375 0.0517578125 0.0810546875
1 0.0361328125 0.7822265625 0.0732421875 0.076171875
1 0.8408203125 0.123046875 0.0390625 0.05078125
