1 0.53515625 0.7548828125 0.1279296875 0.060546875
1 0.828125 0.677734375 0.123046875 0.0830078125
1 0.5478515625 0.541015625 0.1376953125 0.0625
1 0.19140625 0.8974609375 0.0849609375 0.0576171875
1 0.119140625 0.345703125 0.080078125 0.1474609375
1 0.7900390625 0.2333984375 0.1123046875 0.091796875
1 0.5009765625 0.9404296875 0.142578125 0.1181640625
1 0.802734375 0.5322265625 0.0771484375 0.0546875
1 0.3740234375 0.9521484375 0.1455078125 0.095703125
1 0.19921875 0.607421875 0.0751953125 0.080078125
1 0.189453125 0.4462890625 0.0849609375 0.0595703125
1 0.2861328125 0.6142578125 0.072265625 0.0498046875
1 0.7958984375 0.4306640625 0.09765625 0.0576171875
1 0.5244140625 0.26171875 0.125 0.0751953125
1 0.76171875 0.8466796875 0.08984375 0.0595703125
1 0.6572265625 0.4091796875 0.080078125 0.0849609375
1 0.1083984375 0.1640625 0.08203125 0.0947265625
1 0.029296875 0.0380859375 0.0595703125 0.0673828125
1 0.33984375 0.5224609375 0.0703125 0.0673828125
1 0.5419921875 0.1142578125 0.060546875 0.08984375
1 0.0029296875 0.056640625 0.0068359375 0.0849609375
1 0.384765625 0.0830078125 0.1796875 0.0576171875
1 0.2607421875 0.279296875 0.123046875 0.080078125
1 0.1845703125 0.2783203125 0.095703125 0.068359375
1 0.912109375 0.8369140625 0.125 0.080078125
1 0.408203125 0.384765625 0.08203125 0.08984375
1 0.0224609375 0.9736328125 0.044921875 0.052734375
1 0.1240234375 0.9375 0.0498046875 0.0478515625
1 0.4794921875 0.0283203125 0.099609375 0.046875
1 0.6630859375 0.0400390625 0.08203125 0.0771484375
1 0.8818359375 0.474609375 0.064453125 0.0546875
1 0.689453125 0.5107421875 0.07421875 0.11328125
1 0.3359375 0.41015625 0.0576171875 0.072265625
1 0.115234375 0.7275390625 0.0517578125 0.0478515625
1 0.33984375 0.220703125 0.0703125 0.052734375
1 0.310546875 0.7646484375 0.08203125 0.060546875
1 0.2255859375 0.0419921875 0.087890625 0.080078125
1 0.8720703125 0.546875 0.064453125 0.0546875
1 0.1103515625 0.677734375 0.0625 0.0673828125
1 0.154296875 0.79296875 0.0546875 0.052734375
1 0.6015625 0.3408203125 0.0556640625 0.072265625
1 0.595703125 0.41015625 0.052734375 0.0673828125
1 0.3232421875 0.1318359375 0.072265625 0.099609375
1 0.2607421875 0.6494140625 0.056640625 0.0546875
1 0.3681640625 0.1728515625 0.0576171875 0.0576171875
1 0.2607421875 0.1357421875 0.072265625 0.09765625
1 0.44921875 0.646484375 0.1494140625 0.0595703125
1 0.8994140625 0.908203125 0.154296875 0.087890625
1 0.1220703125 0.4375 0.05078125 0.0576171875
1 0.73046875 0.0556640625 0.0673828125 0.09765625
1 0.390625 0.263671875 0.0576171875 0.107421875
1 0.6923828125 0.8974609375 0.080078125 0.205078125
1 0.0244140625 0.6025390625 0.0498046875 0.0673828125
1 0.1552734375 0.0517578125 0.0732421875 0.099609375
1 0.67578125 0.2216796875 0.072265625 0.0498046875
1 0.8466796875 0.318359375 0.1103515625 0.08203125
1 0.7646484375 0.7880859375 0.0947265625 0.044921875
1 0.3310546875 0.029296875 0.072265625 0.0546875
1 0.3583984375 0.5654296875 0.0625 0.0419921875
1 0.7626953125 0.6357421875 0.1181640625 0.068359375
1 0.6474609375 0.5302734375 0.0576171875 0.0576171875
1 0.9423828125 0.7646484375 0.1025390625 0.08984375
1 0.7255859375 0.4609375 0.0478515625 0.046875
1 0.8486328125 0.2802734375 0.09765625 0.0478515625
1 0.251953125 0.7080078125 0.060546875 0.0478515625
1 0.728515625 0.8916015625 0.072265625 0.0595703125
1 0.0400390625 0.7890625 0.0576171875 0.0556640625
1 0.34765625 0.7392578125 0.0771484375 0.0654296875
1 0.974609375 0.8193359375 0.05078125 0.1162109375
1 0.9365234375 0.2666015625 0.1103515625 0.0498046875
1 0.419921875 0.2109375 0.0673828125 0.078125
1 0.96875 0.0771484375 0.0625 0.0703125
1 0.16796875 0.294921875 0.0771484375 0.0576171875
1 0.080078125 0.68359375 0.0478515625 0.072265625
1 0.4658203125 0.9501953125 0.123046875 0.0771484375
1 0.54296875 0.6640625 0.0478515625 0.0654296875
1 0.5966796875 0.6474609375 0.0498046875 0.044921875
1 0.029296875 0.5322265625 0.0595703125 0.080078125
1 0.41015625 0.56640625 0.0673828125 0.0751953125
1 0.728515625 0.658203125 0.052734375 0.142578125
1 0.6806640625 0.869140625 0.1123046875 0.1298828125
1 0.9453125 0.578125 0.1025390625 0.052734375
1 0.9658203125 0.4755859375 0.068359375 0.052734375
1 0.5703125 0.3291015625 0.0927734375 0.0654296875
1 0.4501953125 0.13671875 0.0732421875 0.0703125
1 0.4208984375 0.0166015625 0.078125 0.0302734375
1 0.9755859375 0.3408203125 0.0478515625 0.046875
