1 0.029296875 0.87109375 0.05859375 0.0537109375
1 0.15625 0.951171875 0.0869140625 0.068359375
1 0.095703125 0.9794921875 0.0732421875 0.0400390625
1 0.26171875 0.9248046875 0.0693359375 0.0751953125
1 0.3154296875 0.9677734375 0.0546875 0.052734375
1 0.41015625 0.8818359375 0.064453125 0.0908203125
1 0.5400390625 0.9755859375 0.0751953125 0.048828125
1 0.515625 0.8115234375 0.1025390625 0.111328125
1 0.736328125 0.900390625 0.08984375 0.0888671875
1 0.2841796875 0.79296875 0.05078125 0.1181640625
1 0.197265625 0.71875 0.0595703125 0.0537109375
1 0.1181640625 0.7578125 0.064453125 0.0986328125
1 0.0439453125 0.353515625 0.087890625 0.11328125
1 0.1455078125 0.494140625 0.0771484375 0.0771484375
1 0.2578125 0.4599609375 0.0625 0.0595703125
1 0.2001953125 0.3896484375 0.072265625 0.0947265625
1 0.287109375 0.6015625 0.0693359375 0.0810546875
1 0.240234375 0.564453125 0.076171875 0.0771484375
1 0.4296875 0.6162109375 0.0859375 0.0537109375
1 0.41796875 0.3125 0.072265625 0.1240234375
1 0.4599609375 0.2275390625 0.056640625 0.1279296875
1 0.369140625 0.291015625 0.0537109375 0.08984375
1 0.5810546875 0.185546875 0.095703125 0.0703125
1 0.65234375 0.259765625 0.072265625 0.056640625
1 0.5419921875 0.408203125 0.05859375 0.07421875
1 0.7294921875 0.486328125 0.099609375 0.0859375
1 0.7431640625 0.333984375 0.146484375 0.1201171875
1 0.9580078125 0.3447265625 0.083984375 0.12109375
1 0.9677734375 0.6123046875 0.0634765625 0.0556640625
1 0.9755859375 0.5166015625 0.048828125 0.0771484375
1 0.806640625 0.693359375 0.052734375 0.0615234375
1 0.7373046875 0.7451171875 0.1328125 0.09765625
1 0.861328125 0.8935546875 0.0888671875 0.091796875
1 0.9453125 0.9111328125 0.0751953125 0.087890625
1 0.8642578125 0.9775390625 0.12109375 0.044921875
1 0.3271484375 0.0556640625 0.0927734375 0.0615234375
1 0.4423828125 0.1044921875 0.072265625 0.0712890625
1 0.517578125 0.0439453125 0.0673828125 0.0654296875
1 0.8056640625 0.068359375 0.0576171875 0.109375
1 0.8857421875 0.2001953125 0.0810546875 0.076171875
1 0.87109375 0.0458984375 0.0703125 0.080078125
1 0.1435546875 0.2119140625 0.0751953125 0.0634765625
1 0.0322265625 0.048828125 0.064453125 0.0771484375
1 0.626953125 0.9072265625 0.0673828125 0.0732421875
1 0.8857421875 0.453125 0.0869140625 0.091796875
1 0.0615234375 0.09375 0.080078125 0.09375
1 0.1376953125 0.0419921875 0.0419921875 0.0419921875
1 0.193359375 0.1826171875 0.0380859375 0.0439453125
1 0.6982421875 0.6494140625 0.0673828125 0.0615234375
1 0.796875 0.712890625 0.1376953125 0.080078125
1 0.6728515625 0.7734375 0.07421875 0.06640625
1 0.521484375 0.3798828125 0.0390625 0.0361328125
1 0.568359375 0.4814453125 0.0400390625 0.0390625
1 0.5185546875 0.5078125 0.0380859375 0.0458984375
1 0.287109375 0.4921875 0.08203125 0.0419921875
1 0.0166015625 0.576171875 0.0341796875 0.08203125
1 0.818359375 0.4794921875 0.09375 0.04296875
1 0.837890625 0.400390625 0.07421875 0.06640625
1 0.6669921875 0.115234375 0.087890625 0.0537109375
1 0.9501953125 0.58984375 0.064453125 0.0703125
1 0.009765625 0.9794921875 0.01953125 0.0400390625
1 0.009765625 0.91015625 0.01953125 0.0439453125
1 0.3671875 0.9853515625 0.0634765625 0.0283203125
