1 0.0224609375 0.1591796875 0.0458984375 0.1025390625
1 0.0546875 0.3154296875 0.1103515625 0.08203125
1 0.0166015625 0.419921875 0.033203125 0.0556640625
1 0.0078125 0.5966796875 0.015625 0.0791015625
1 0.046875 0.5712890625 0.0625 0.0634765625
1 0.095703125 0.5283203125 0.08203125 0.0498046875
1 0.185546875 0.4580078125 0.07421875 0.06640625
1 0.0908203125 0.421875 0.0673828125 0.0625
1 0.2373046875 0.42578125 0.0595703125 0.05859375
1 0.1552734375 0.66015625 0.0595703125 0.0625
1 0.2060546875 0.5810546875 0.09375 0.076171875
1 0.017578125 0.9091796875 0.03515625 0.0625
1 0.044921875 0.89453125 0.0439453125 0.0546875
1 0.130859375 0.861328125 0.1298828125 0.1064453125
1 0.2490234375 0.87109375 0.2001953125 0.095703125
1 0.232421875 0.9521484375 0.087890625 0.087890625
1 0.4306640625 0.9306640625 0.07421875 0.1064453125
1 0.482421875 0.814453125 0.1298828125 0.0869140625
1 0.263671875 0.763671875 0.0908203125 0.0712890625
1 0.3525390625 0.720703125 0.0966796875 0.0595703125
1 0.3515625 0.6162109375 0.126953125 0.064453125
1 0.4345703125 0.662109375 0.1103515625 0.0791015625
1 0.64453125 0.8095703125 0.109375 0.1201171875
1 0.6484375 0.8984375 0.1845703125 0.1123046875
1 0.7255859375 0.671875 0.1015625 0.1376953125
1 0.80859375 0.6748046875 0.1005859375 0.078125
1 0.8544921875 0.5849609375 0.083984375 0.146484375
1 0.9638671875 0.763671875 0.072265625 0.162109375
1 0.888671875 0.9541015625 0.1123046875 0.091796875
1 0.80859375 0.80078125 0.0888671875 0.0966796875
1 0.6953125 0.5087890625 0.1103515625 0.095703125
1 0.7958984375 0.4365234375 0.1494140625 0.095703125
1 0.75390625 0.359375 0.1240234375 0.0732421875
1 0.669921875 0.3447265625 0.0693359375 0.056640625
1 0.568359375 0.333984375 0.115234375 0.0771484375
1 0.462890625 0.3330078125 0.1103515625 0.1396484375
1 0.3017578125 0.369140625 0.0751953125 0.0673828125
1 0.2119140625 0.287109375 0.0673828125 0.0517578125
1 0.2236328125 0.1689453125 0.1396484375 0.119140625
1 0.3681640625 0.2470703125 0.0546875 0.048828125
1 0.4912109375 0.212890625 0.080078125 0.0703125
1 0.572265625 0.2646484375 0.0498046875 0.0556640625
1 0.771484375 0.2587890625 0.05859375 0.0634765625
1 0.8857421875 0.2646484375 0.1376953125 0.1552734375
1 0.9638671875 0.2587890625 0.0712890625 0.0810546875
1 0.7216796875 0.173828125 0.0556640625 0.08984375
1 0.7763671875 0.1435546875 0.072265625 0.068359375
1 0.6259765625 0.1259765625 0.07421875 0.0712890625
1 0.626953125 0.064453125 0.1015625 0.068359375
1 0.7998046875 0.05078125 0.1103515625 0.0712890625
1 0.4560546875 0.1162109375 0.076171875 0.119140625
1 0.064453125 0.0283203125 0.1025390625 0.0576171875
1 0.5498046875 0.7265625 0.0595703125 0.08203125
1 0.322265625 0.9580078125 0.09765625 0.0830078125
