1 0.462890625 0.3212890625 0.078125 0.09765625
1 0.58203125 0.5419921875 0.109375 0.064453125
1 0.552734375 0.4931640625 0.1005859375 0.1181640625
1 0.3525390625 0.2783203125 0.1708984375 0.0712890625
1 0.3681640625 0.7392578125 0.0595703125 0.0703125
1 0.8623046875 0.908203125 0.12109375 0.087890625
1 0.0859375 0.6728515625 0.1728515625 0.1005859375
1 0.51171875 0.4970703125 0.0556640625 0.05859375
1 0.375 0.333984375 0.072265625 0.0791015625
1 0.462890625 0.4345703125 0.1123046875 0.099609375
1 0.05859375 0.271484375 0.0947265625 0.1201171875
1 0.236328125 0.494140625 0.0458984375 0.0380859375
1 0.029296875 0.89453125 0.052734375 0.0556640625
1 0.2880859375 0.6904296875 0.17578125 0.1025390625
1 0.9404296875 0.3662109375 0.119140625 0.1025390625
1 0.5693359375 0.052734375 0.0908203125 0.103515625
1 0.55859375 0.3828125 0.0986328125 0.0791015625
1 0.4697265625 0.1689453125 0.060546875 0.076171875
1 0.4541015625 0.2275390625 0.0625 0.048828125
1 0.5048828125 0.201171875 0.0849609375 0.06640625
1 0.5732421875 0.234375 0.107421875 0.09375
1 0.642578125 0.2548828125 0.09375 0.078125
1 0.5810546875 0.2841796875 0.1044921875 0.0927734375
1 0.44921875 0.8271484375 0.0458984375 0.0322265625
1 0.8408203125 0.802734375 0.03125 0.0400390625
