1 0.4619140625 0.2353515625 0.1796875 0.0927734375
1 0.1591796875 0.154296875 0.08984375 0.0654296875
1 0.390625 0.037109375 0.107421875 0.07421875
1 0.7353515625 0.08984375 0.0927734375 0.08984375
1 0.845703125 0.0546875 0.1171875 0.109375
1 0.283203125 0.630859375 0.1025390625 0.107421875
1 0.240234375 0.24609375 0.1474609375 0.09765625
1 0.4384765625 0.3798828125 0.1259765625 0.08203125
1 0.2177734375 0.4541015625 0.080078125 0.08984375
1 0.07421875 0.076171875 0.0703125 0.09765625
1 0.3818359375 0.546875 0.1337890625 0.080078125
1 0.798828125 0.4501953125 0.1259765625 0.083984375
1 0.625 0.6025390625 0.1572265625 0.0673828125
1 0.0830078125 0.3056640625 0.072265625 0.0673828125
1 0.6796875 0.2978515625 0.080078125 0.0576171875
1 0.8671875 0.2763671875 0.1005859375 0.072265625
1 0.0234375 0.0419921875 0.046875 0.0849609375
1 0.0927734375 0.01953125 0.0771484375 0.0390625
1 0.439453125 0.30078125 0.1201171875 0.0634765625
1 0.6748046875 0.2548828125 0.080078125 0.0576171875
1 0.28125 0.0859375 0.0751953125 0.052734375
1 0.1708984375 0.037109375 0.078125 0.07421875
