1 0.224609375 0.1396484375 0.072265625 0.0869140625
1 0.7763671875 0.5029296875 0.099609375 0.072265625
1 0.8759765625 0.125 0.10546875 0.0791015625
1 0.0087890625 0.5947265625 0.015625 0.052734375
1 0.2978515625 0.5166015625 0.06640625 0.0625
1 0.9609375 0.7060546875 0.068359375 0.068359375
1 0.4052734375 0.2255859375 0.0703125 0.0771484375
1 0.1669921875 0.19921875 0.06640625 0.0556640625
1 0.3837890625 0.904296875 0.0869140625 0.0830078125
1 0.2294921875 0.7998046875 0.0927734375 0.068359375
1 0.3232421875 0.8359375 0.0859375 0.0537109375
1 0.5771484375 0.03125 0.0908203125 0.0615234375
1 0.099609375 0.3095703125 0.146484375 0.05859375
1 0.912109375 0.04296875 0.0673828125 0.048828125
1 0.0576171875 0.5068359375 0.078125 0.0576171875
1 0.0166015625 0.0341796875 0.0341796875 0.064453125
1 0.7841796875 0.220703125 0.056640625 0.0400390625
1 0.1875 0.017578125 0.06640625 0.03515625
1 0.4482421875 0.548828125 0.099609375 0.060546875
1 0.7900390625 0.1064453125 0.04296875 0.0712890625
1 0.154296875 0.4716796875 0.0380859375 0.0712890625
1 0.56640625 0.7734375 0.0576171875 0.0478515625
1 0.087890625 0.64453125 0.0576171875 0.0546875
1 0.1982421875 0.3701171875 0.05859375 0.052734375
1 0.72265625 0.8408203125 0.0703125 0.0712890625
1 0.873046875 0.3134765625 0.072265625 0.0458984375
1 0.087890625 0.9814453125 0.0791015625 0.033203125
1 0.8046875 0.728515625 0.060546875 0.052734375
1 0.1201171875 0.6220703125 0.0859375 0.072265625
1 0.2021484375 0.6005859375 0.05859375 0.0439453125
1 0.6962890625 0.5302734375 0.0654296875 0.05859375
1 0.6298828125 0.3056640625 0.0615234375 0.041015625
1 0.373046875 0.3330078125 0.0888671875 0.060546875
1 0.328125 0.908203125 0.103515625 0.046875
1 0.37890625 0.0322265625 0.1201171875 0.041015625
1 0.3818359375 0.0751953125 0.0556640625 0.0693359375
1 0.5947265625 0.6708984375 0.0693359375 0.048828125
1 0.6181640625 0.1982421875 0.06640625 0.0576171875
1 0.2705078125 0.20703125 0.091796875 0.046875
1 0.0732421875 0.23046875 0.0517578125 0.099609375
1 0.19140625 0.51953125 0.0517578125 0.0576171875
1 0.7529296875 0.990234375 0.060546875 0.01953125
1 0.048828125 0.416015625 0.0986328125 0.0498046875
1 0.90234375 0.9638671875 0.0966796875 0.0546875
1 0.953125 0.5341796875 0.0751953125 0.0595703125
1 0.4609375 0.330078125 0.076171875 0.0478515625
1 0.1630859375 0.4677734375 0.0390625 0.064453125
1 0.8818359375 0.0703125 0.0927734375 0.0419921875
1 0.05078125 0.9521484375 0.0986328125 0.05078125
1 0.4248046875 0.2734375 0.0400390625 0.0625
1 0.1923828125 0.44140625 0.087890625 0.041015625
1 0.67578125 0.0185546875 0.0703125 0.0380859375
1 0.3935546875 0.2880859375 0.064453125 0.0439453125
1 0.7265625 0.92578125 0.05078125 0.046875
1 0.7919921875 0.6572265625 0.0439453125 0.046875
1 0.7880859375 0.84765625 0.0908203125 0.0625
1 0.9677734375 0.580078125 0.0595703125 0.0517578125
1 0.8173828125 0.955078125 0.09375 0.0576171875
1 0.0185546875 0.361328125 0.037109375 0.05078125
1 0.8046875 0.603515625 0.060546875 0.05078125
1 0.6142578125 0.548828125 0.09375 0.0537109375
1 0.0322265625 0.8388671875 0.0634765625 0.0390625
1 0.568359375 0.4990234375 0.078125 0.0556640625
1 0.9013671875 0.9287109375 0.0771484375 0.029296875
1 0.5087890625 0.0732421875 0.087890625 0.052734375
1 0.2119140625 0.9423828125 0.111328125 0.052734375
1 0.39453125 0.0185546875 0.0439453125 0.03515625
1 0.033203125 0.12109375 0.0654296875 0.0576171875
1 0.486328125 0.583984375 0.0439453125 0.06640625
1 0.96484375 0.65234375 0.0498046875 0.052734375
1 0.9482421875 0.1171875 0.0546875 0.056640625
1 0.2763671875 0.2431640625 0.0986328125 0.0419921875
1 0.30859375 0.3203125 0.0556640625 0.0537109375
1 0.2158203125 0.4775390625 0.0673828125 0.041015625
1 0.4580078125 0.3994140625 0.0595703125 0.0537109375
1 0.982421875 0.3828125 0.0341796875 0.0517578125
1 0.6494140625 0.9296875 0.0732421875 0.048828125
1 0.4365234375 0.673828125 0.0810546875 0.0537109375
1 0.353515625 0.6484375 0.091796875 0.0654296875
1 0.1318359375 0.5634765625 0.048828125 0.0341796875
1 0.5908203125 0.5654296875 0.1142578125 0.0546875
1 0.240234375 0.7392578125 0.1064453125 0.068359375
1 0.3037109375 0.62109375 0.0966796875 0.0673828125
1 0.5556640625 0.90234375 0.0595703125 0.056640625
1 0.564453125 0.96875 0.0654296875 0.0498046875
1 0.658203125 0.98046875 0.0556640625 0.0341796875
1 0.8671875 0.0087890625 0.0615234375 0.0185546875
1 0.2705078125 0.4970703125 0.125 0.0400390625
