1 0.162109375 0.0107421875 0.16015625 0.0224609375
1 0.9482421875 0.73828125 0.1025390625 0.11328125
1 0.19140625 0.1015625 0.1201171875 0.1298828125
1 0.6416015625 0.42578125 0.0751953125 0.08203125
1 0.552734375 0.0068359375 0.1923828125 0.0146484375
1 0.150390625 0.7080078125 0.1181640625 0.087890625
1 0.1279296875 0.302734375 0.1123046875 0.0771484375
1 0.810546875 0.779296875 0.1123046875 0.1201171875
1 0.9296875 0.1083984375 0.080078125 0.08203125
1 0.60546875 0.7109375 0.1328125 0.09765625
1 0.251953125 0.4990234375 0.095703125 0.0908203125
1 0.939453125 0.873046875 0.10546875 0.1328125
1 0.259765625 0.4306640625 0.0703125 0.078125
1 0.544921875 0.357421875 0.2724609375 0.1025390625
1 0.8740234375 0.533203125 0.1044921875 0.107421875
1 0.9755859375 0.2783203125 0.0478515625 0.09765625
1 0.3232421875 0.8359375 0.197265625 0.126953125
1 0.1708984375 0.8779296875 0.158203125 0.0830078125
1 0.310546875 0.0634765625 0.0927734375 0.126953125
1 0.859375 0.181640625 0.1298828125 0.1142578125
1 0.666015625 0.509765625 0.0625 0.044921875
1 0.8369140625 0.310546875 0.0703125 0.0576171875
1 0.640625 0.2333984375 0.072265625 0.162109375
1 0.7099609375 0.30078125 0.080078125 0.171875
1 0.3740234375 0.1640625 0.0693359375 0.0947265625
1 0.810546875 0.8720703125 0.1474609375 0.080078125
1 0.685546875 0.630859375 0.1328125 0.1171875
1 0.34375 0.8330078125 0.2099609375 0.0830078125
1 0.728515625 0.5849609375 0.197265625 0.0927734375
1 0.423828125 0.4267578125 0.0947265625 0.2099609375
1 0.796875 0.2255859375 0.16015625 0.0927734375
1 0.0576171875 0.83203125 0.0771484375 0.3046875
1 0.3193359375 0.2138671875 0.0703125 0.0751953125
1 0.521484375 0.865234375 0.0693359375 0.0478515625
1 0.88671875 0.951171875 0.1005859375 0.09765625
1 0.4599609375 0.9736328125 0.08203125 0.052734375
1 0.9287109375 0.5595703125 0.0849609375 0.080078125
1 0.1142578125 0.4638671875 0.0751953125 0.0849609375
1 0.2041015625 0.85546875 0.0341796875 0.1025390625
1 0.5634765625 0.9755859375 0.04296875 0.0478515625
1 0.947265625 0.884765625 0.10546875 0.10546875
1 0.8427734375 0.86328125 0.1025390625 0.052734375
