1 0.7421875 0.533203125 0.0703125 0.107421875
1 0.1767578125 0.216796875 0.0986328125 0.0732421875
1 0.021484375 0.46875 0.0400390625 0.142578125
1 0.22265625 0.2060546875 0.1171875 0.123046875
1 0.2705078125 0.4453125 0.1416015625 0.1064453125
1 0.6962890625 0.4970703125 0.1181640625 0.0869140625
1 0.0107421875 0.6083984375 0.0224609375 0.0615234375
1 0.580078125 0.1162109375 0.0771484375 0.078125
1 0.07421875 0.693359375 0.1123046875 0.107421875
1 0.759765625 0.033203125 0.099609375 0.06640625
1 0.70703125 0.2001953125 0.1484375 0.072265625
1 0.0166015625 0.732421875 0.0341796875 0.125
1 0.6123046875 0.9326171875 0.1005859375 0.0908203125
1 0.53125 0.720703125 0.1044921875 0.091796875
1 0.3955078125 0.205078125 0.1435546875 0.072265625
1 0.5732421875 0.6376953125 0.0849609375 0.076171875
1 0.3984375 0.251953125 0.1220703125 0.083984375
1 0.705078125 0.2587890625 0.09765625 0.107421875
1 0.755859375 0.3056640625 0.0927734375 0.0771484375
1 0.0908203125 0.4599609375 0.0830078125 0.076171875
1 0.13671875 0.7373046875 0.068359375 0.0673828125
1 0.8447265625 0.041015625 0.1064453125 0.0830078125
1 0.0517578125 0.0517578125 0.1044921875 0.0888671875
