1 0.787109375 0.435546875 0.14453125 0.1923828125
1 0.908203125 0.107421875 0.1328125 0.16015625
1 0.193359375 0.6259765625 0.146484375 0.16015625
1 0.0439453125 0.716796875 0.087890625 0.1708984375
1 0.921875 0.4853515625 0.1298828125 0.1220703125
1 0.0390625 0.4130859375 0.0791015625 0.107421875
1 0.064453125 0.05859375 0.1298828125 0.107421875
1 0.060546875 0.171875 0.087890625 0.0869140625
1 0.642578125 0.3154296875 0.1435546875 0.0908203125
1 0.0615234375 0.30078125 0.0771484375 0.09375
1 0.2607421875 0.90234375 0.0771484375 0.1044921875
1 0.123046875 0.7197265625 0.083984375 0.126953125
