1 0.01171875 0.103515625 0.0234375 0.06640625
1 0.1376953125 0.2470703125 0.0830078125 0.087890625
1 0.205078125 0.181640625 0.17578125 0.091796875
1 0.23046875 0.607421875 0.115234375 0.1611328125
1 0.1826171875 0.7275390625 0.091796875 0.1181640625
1 0.1337890625 0.9140625 0.0693359375 0.0703125
1 0.0576171875 0.9755859375 0.115234375 0.0478515625
1 0.6611328125 0.98046875 0.2265625 0.0390625
1 0.7783203125 0.9345703125 0.111328125 0.0517578125
1 0.3515625 0.900390625 0.1015625 0.0966796875
1 0.4267578125 0.8251953125 0.16796875 0.0888671875
1 0.58984375 0.8515625 0.125 0.076171875
1 0.5185546875 0.7333984375 0.087890625 0.064453125
1 0.744140625 0.6884765625 0.1123046875 0.0537109375
1 0.703125 0.61328125 0.115234375 0.125
1 0.9453125 0.6708984375 0.09375 0.0703125
1 0.8955078125 0.7705078125 0.1640625 0.0791015625
1 0.9345703125 0.9072265625 0.1298828125 0.1083984375
1 0.65625 0.5185546875 0.099609375 0.0556640625
1 0.4599609375 0.607421875 0.103515625 0.083984375
1 0.443359375 0.53515625 0.181640625 0.0908203125
1 0.625 0.3134765625 0.0908203125 0.099609375
1 0.73046875 0.294921875 0.095703125 0.0810546875
1 0.65234375 0.181640625 0.1171875 0.0537109375
1 0.919921875 0.1572265625 0.0908203125 0.076171875
1 0.44140625 0.1396484375 0.1484375 0.0693359375
1 0.49609375 0.0673828125 0.1953125 0.0751953125
1 0.3076171875 0.06640625 0.1005859375 0.1123046875
1 0.84765625 0.0673828125 0.08984375 0.060546875
1 0.7392578125 0.0283203125 0.05859375 0.0576171875
1 0.44921875 0.2626953125 0.0869140625 0.0888671875
