1 0.0380859375 0.8271484375 0.0771484375 0.1044921875
1 0.15234375 0.1123046875 0.0751953125 0.0537109375
1 0.951171875 0.1015625 0.0771484375 0.0576171875
1 0.1240234375 0.6943359375 0.0849609375 0.1279296875
1 0.55078125 0.0283203125 0.0712890625 0.056640625
1 0.099609375 0.0361328125 0.0830078125 0.0732421875
1 0.921875 0.1279296875 0.078125 0.0576171875
1 0.83203125 0.044921875 0.0771484375 0.0908203125
1 0.5888671875 0.9580078125 0.125 0.0771484375
1 0.865234375 0.8935546875 0.1123046875 0.0703125
1 0.9404296875 0.0673828125 0.0634765625 0.064453125
1 0.24609375 0.9619140625 0.0615234375 0.0751953125
1 0.419921875 0.974609375 0.142578125 0.05078125
1 0.4482421875 0.8310546875 0.173828125 0.12109375
1 0.1826171875 0.951171875 0.0556640625 0.08203125
1 0.92578125 0.958984375 0.1484375 0.078125
1 0.2763671875 0.4970703125 0.1865234375 0.2060546875
1 0.75390625 0.150390625 0.083984375 0.0771484375
1 0.16015625 0.837890625 0.111328125 0.0927734375
1 0.1025390625 0.875 0.080078125 0.1025390625
1 0.6923828125 0.9560546875 0.1171875 0.0869140625
1 0.1015625 0.9423828125 0.064453125 0.0927734375
1 0.1357421875 0.3525390625 0.0830078125 0.056640625
1 0.1591796875 0.646484375 0.072265625 0.07421875
1 0.62890625 0.2138671875 0.0732421875 0.046875
1 0.98046875 0.15625 0.0380859375 0.0654296875
1 0.1669921875 0.1396484375 0.08203125 0.0625
1 0.9111328125 0.0537109375 0.060546875 0.0625
1 0.49609375 0.013671875 0.0810546875 0.0283203125
