1 0.05078125 0.943359375 0.0791015625 0.099609375
1 0.072265625 0.8232421875 0.109375 0.09765625
1 0.125 0.7783203125 0.0703125 0.07421875
1 0.1591796875 0.732421875 0.0693359375 0.0546875
1 0.2529296875 0.76171875 0.06640625 0.0693359375
1 0.2607421875 0.6953125 0.0634765625 0.05078125
1 0.4013671875 0.673828125 0.0673828125 0.064453125
1 0.4423828125 0.7841796875 0.0673828125 0.068359375
1 0.3056640625 0.8916015625 0.0595703125 0.056640625
1 0.4560546875 0.66015625 0.0693359375 0.083984375
1 0.3134765625 0.9794921875 0.0888671875 0.041015625
1 0.4892578125 0.859375 0.0419921875 0.06640625
1 0.4521484375 0.9755859375 0.072265625 0.048828125
1 0.05859375 0.6015625 0.0810546875 0.0927734375
1 0.0166015625 0.6171875 0.033203125 0.0517578125
1 0.0390625 0.51953125 0.0771484375 0.07421875
1 0.17578125 0.5341796875 0.0654296875 0.0712890625
1 0.125 0.49609375 0.05859375 0.06640625
1 0.177734375 0.4755859375 0.072265625 0.056640625
1 0.2529296875 0.4736328125 0.0732421875 0.0859375
1 0.0361328125 0.439453125 0.0693359375 0.072265625
1 0.0419921875 0.0283203125 0.076171875 0.0537109375
1 0.0888671875 0.06640625 0.06640625 0.056640625
1 0.28515625 0.0673828125 0.0830078125 0.10546875
1 0.3818359375 0.1259765625 0.0634765625 0.0537109375
1 0.2109375 0.1767578125 0.1015625 0.0625
1 0.4853515625 0.216796875 0.0693359375 0.0693359375
1 0.3837890625 0.328125 0.0830078125 0.1201171875
1 0.2041015625 0.33203125 0.076171875 0.0888671875
1 0.3720703125 0.484375 0.0673828125 0.0732421875
1 0.43359375 0.4404296875 0.0517578125 0.0634765625
1 0.48046875 0.4443359375 0.056640625 0.1298828125
1 0.3212890625 0.5810546875 0.046875 0.0546875
1 0.3896484375 0.5634765625 0.091796875 0.09765625
1 0.4560546875 0.5478515625 0.0537109375 0.07421875
1 0.5615234375 0.0771484375 0.0546875 0.0576171875
1 0.595703125 0.126953125 0.0625 0.056640625
1 0.638671875 0.0673828125 0.0771484375 0.060546875
1 0.724609375 0.10546875 0.0478515625 0.08984375
1 0.7744140625 0.1298828125 0.0712890625 0.0986328125
1 0.8798828125 0.1005859375 0.0810546875 0.08203125
1 0.8701171875 0.173828125 0.068359375 0.0634765625
1 0.916015625 0.20703125 0.046875 0.06640625
1 0.708984375 0.2685546875 0.05078125 0.060546875
1 0.703125 0.3603515625 0.0634765625 0.0654296875
1 0.775390625 0.3701171875 0.068359375 0.115234375
1 0.904296875 0.345703125 0.068359375 0.12109375
1 0.9248046875 0.2919921875 0.05859375 0.0888671875
1 0.9384765625 0.4404296875 0.0654296875 0.0712890625
1 0.927734375 0.5068359375 0.0517578125 0.056640625
1 0.8447265625 0.5166015625 0.0791015625 0.0712890625
1 0.6689453125 0.5166015625 0.052734375 0.05859375
1 0.58203125 0.5205078125 0.091796875 0.0732421875
1 0.5478515625 0.5478515625 0.0546875 0.0595703125
1 0.986328125 0.74609375 0.0263671875 0.0751953125
1 0.826171875 0.7216796875 0.0712890625 0.060546875
1 0.904296875 0.7392578125 0.09375 0.0595703125
1 0.5986328125 0.779296875 0.072265625 0.076171875
1 0.8154296875 0.9658203125 0.12890625 0.0615234375
1 0.72265625 0.970703125 0.080078125 0.0576171875
1 0.6826171875 0.6591796875 0.05859375 0.064453125
1 0.322265625 0.796875 0.046875 0.0634765625
1 0.30859375 0.9521484375 0.0791015625 0.05859375
1 0.859375 0.6640625 0.0615234375 0.0517578125
1 0.931640625 0.6259765625 0.048828125 0.0595703125
1 0.853515625 0.345703125 0.0576171875 0.0908203125
1 0.6337890625 0.5322265625 0.0498046875 0.0478515625
