1 0.6015625 0.0439453125 0.0673828125 0.080078125
1 0.7021484375 0.0390625 0.078125 0.078125
1 0.6826171875 0.203125 0.0478515625 0.11328125
1 0.576171875 0.8759765625 0.0771484375 0.0703125
1 0.83203125 0.291015625 0.0859375 0.1044921875
1 0.5556640625 0.2841796875 0.05078125 0.08203125
1 0.1572265625 0.5 0.1181640625 0.0400390625
1 0.43359375 0.9228515625 0.0625 0.064453125
1 0.6845703125 0.9091796875 0.0625 0.0673828125
1 0.2041015625 0.6123046875 0.02734375 0.0751953125
1 0.84765625 0.9521484375 0.0634765625 0.0625
1 0.123046875 0.0732421875 0.0966796875 0.025390625
1 0.30859375 0.2197265625 0.072265625 0.0517578125
1 0.2294921875 0.017578125 0.0390625 0.03515625
1 0.4150390625 0.6259765625 0.046875 0.0615234375
1 0.53125 0.87890625 0.05078125 0.0673828125
1 0.97265625 0.271484375 0.05078125 0.0439453125
1 0.1201171875 0.2333984375 0.0478515625 0.056640625
1 0.26171875 0.87109375 0.0751953125 0.0537109375
1 0.9208984375 0.029296875 0.02734375 0.05859375
1 0.3125 0.041015625 0.0615234375 0.0595703125
1 0.306640625 0.646484375 0.0615234375 0.05078125
1 0.2421875 0.6787109375 0.0361328125 0.0517578125
1 0.349609375 0.2646484375 0.126953125 0.048828125
1 0.8759765625 0.57421875 0.0546875 0.0595703125
1 0.6767578125 0.33984375 0.0478515625 0.0361328125
1 0.333984375 0.9658203125 0.0986328125 0.0380859375
1 0.9072265625 0.3662109375 0.0546875 0.044921875
1 0.419921875 0.390625 0.1220703125 0.0439453125
1 0.1357421875 0.400390625 0.05859375 0.0234375
1 0.0537109375 0.3359375 0.0478515625 0.05078125
1 0.7861328125 0.7275390625 0.0546875 0.037109375
1 0.1484375 0.7353515625 0.0927734375 0.0439453125
1 0.7958984375 0.9296875 0.025390625 0.0693359375
1 0.04296875 0.0146484375 0.044921875 0.0302734375
1 0.138671875 0.9541015625 0.060546875 0.0234375
1 0.359375 0.841796875 0.0771484375 0.03515625
1 0.28515625 0.921875 0.0556640625 0.041015625
1 0.390625 0.9794921875 0.0400390625 0.0400390625
1 0.0791015625 0.3662109375 0.0849609375 0.0341796875
1 0.2216796875 0.330078125 0.0703125 0.05859375
1 0.0498046875 0.8837890625 0.1005859375 0.0361328125
1 0.28515625 0.35546875 0.087890625 0.080078125
1 0.3935546875 0.0810546875 0.0556640625 0.04296875
1 0.89453125 0.908203125 0.041015625 0.0322265625
1 0.0732421875 0.2744140625 0.0498046875 0.0341796875
1 0.3837890625 0.6376953125 0.0869140625 0.0302734375
1 0.06640625 0.28125 0.05078125 0.033203125
1 0.390625 0.2958984375 0.0576171875 0.0498046875
1 0.81640625 0.892578125 0.033203125 0.0439453125
1 0.8740234375 0.3203125 0.0517578125 0.041015625
1 0.72265625 0.908203125 0.0419921875 0.046875
1 0.087890625 0.9306640625 0.1044921875 0.048828125
1 0.8916015625 0.6162109375 0.033203125 0.0478515625
1 0.064453125 0.2841796875 0.0537109375 0.0419921875
