1 0.0322265625 0.1298828125 0.0654296875 0.1884765625
1 0.14453125 0.3056640625 0.0654296875 0.1376953125
1 0.3994140625 0.119140625 0.095703125 0.12109375
1 0.5830078125 0.2021484375 0.12890625 0.0869140625
1 0.65625 0.2177734375 0.08203125 0.1005859375
1 0.552734375 0.2998046875 0.1240234375 0.0625
1 0.3212890625 0.4091796875 0.0625 0.0595703125
1 0.2666015625 0.521484375 0.0654296875 0.0791015625
1 0.1416015625 0.525390625 0.1806640625 0.078125
1 0.0322265625 0.53515625 0.0625 0.0673828125
1 0.48828125 0.474609375 0.0712890625 0.0810546875
1 0.5595703125 0.46875 0.068359375 0.0830078125
1 0.6474609375 0.4541015625 0.0634765625 0.1240234375
1 0.44921875 0.6142578125 0.0810546875 0.0830078125
1 0.447265625 0.708984375 0.0986328125 0.072265625
1 0.9345703125 0.099609375 0.1220703125 0.0791015625
1 0.9462890625 0.1455078125 0.107421875 0.1123046875
1 0.7490234375 0.06640625 0.0654296875 0.0888671875
1 0.810546875 0.16015625 0.0625 0.0654296875
1 0.7333984375 0.443359375 0.0947265625 0.1162109375
1 0.8251953125 0.328125 0.228515625 0.1435546875
1 0.9150390625 0.2958984375 0.0986328125 0.115234375
1 0.95703125 0.4296875 0.0849609375 0.0791015625
1 0.662109375 0.591796875 0.083984375 0.0751953125
1 0.7890625 0.5126953125 0.0693359375 0.0703125
1 0.8330078125 0.640625 0.0791015625 0.1376953125
1 0.8544921875 0.7412109375 0.0966796875 0.080078125
1 0.91796875 0.705078125 0.076171875 0.07421875
1 0.1328125 0.736328125 0.0859375 0.0732421875
1 0.07421875 0.75 0.0654296875 0.083984375
1 0.041015625 0.923828125 0.0830078125 0.072265625
1 0.1162109375 0.96875 0.07421875 0.0625
1 0.2548828125 0.984375 0.09765625 0.03125
1 0.4072265625 0.8955078125 0.1318359375 0.0830078125
1 0.4013671875 0.83984375 0.0849609375 0.0712890625
1 0.5380859375 0.9169921875 0.1279296875 0.103515625
1 0.9599609375 0.9638671875 0.0791015625 0.0625
1 0.2509765625 0.05859375 0.064453125 0.0517578125
1 0.244140625 0.0205078125 0.0654296875 0.0390625
1 0.9453125 0.283203125 0.0703125 0.0712890625
1 0.693359375 0.408203125 0.046875 0.05859375
1 0.9228515625 0.9931640625 0.0419921875 0.013671875
1 0.0107421875 0.88671875 0.0224609375 0.0595703125
1 0.1103515625 0.55859375 0.05859375 0.072265625
1 0.58203125 0.3232421875 0.0947265625 0.0654296875
