1 0.970703125 0.23046875 0.05859375 0.0986328125
1 0.5029296875 0.5205078125 0.0927734375 0.1279296875
1 0.6552734375 0.1982421875 0.1220703125 0.09765625
1 0.7529296875 0.91015625 0.1025390625 0.0673828125
1 0.8017578125 0.6044921875 0.0947265625 0.060546875
1 0.1015625 0.359375 0.0849609375 0.1796875
1 0.8701171875 0.6767578125 0.0771484375 0.0751953125
1 0.169921875 0.5703125 0.125 0.0625
1 0.6494140625 0.654296875 0.064453125 0.099609375
1 0.24609375 0.7939453125 0.107421875 0.0849609375
1 0.6337890625 0.9736328125 0.0751953125 0.052734375
1 0.8291015625 0.9482421875 0.080078125 0.1025390625
1 0.58984375 0.76953125 0.08984375 0.060546875
1 0.8251953125 0.2880859375 0.0771484375 0.09765625
1 0.8251953125 0.8408203125 0.0732421875 0.087890625
1 0.3310546875 0.6015625 0.09765625 0.0791015625
1 0.6142578125 0.5263671875 0.0947265625 0.0654296875
1 0.6630859375 0.8076171875 0.072265625 0.0771484375
1 0.646484375 0.3203125 0.1103515625 0.1279296875
1 0.72265625 0.8408203125 0.0576171875 0.068359375
1 0.119140625 0.806640625 0.0556640625 0.0556640625
1 0.3994140625 0.8916015625 0.060546875 0.0556640625
1 0.462890625 0.6669921875 0.0673828125 0.064453125
1 0.640625 0.1083984375 0.1025390625 0.046875
1 0.3232421875 0.41796875 0.126953125 0.1279296875
1 0.322265625 0.7734375 0.080078125 0.078125
1 0.501953125 0.1533203125 0.1796875 0.107421875
1 0.751953125 0.458984375 0.154296875 0.0654296875
1 0.318359375 0.0966796875 0.078125 0.1298828125
1 0.6142578125 0.9091796875 0.0546875 0.125
1 0.470703125 0.341796875 0.09765625 0.1552734375
1 0.185546875 0.6494140625 0.0673828125 0.095703125
1 0.970703125 0.6943359375 0.0576171875 0.0703125
1 0.1015625 0.8857421875 0.0908203125 0.072265625
1 0.052734375 0.1396484375 0.1025390625 0.140625
1 0.3486328125 0.3330078125 0.072265625 0.0673828125
1 0.8671875 0.158203125 0.08984375 0.1171875
1 0.552734375 0.3271484375 0.0771484375 0.08984375
1 0.935546875 0.8994140625 0.1220703125 0.0751953125
1 0.748046875 0.2431640625 0.0771484375 0.091796875
1 0.056640625 0.0400390625 0.1103515625 0.0771484375
1 0.841796875 0.484375 0.0703125 0.060546875
1 0.26171875 0.419921875 0.0546875 0.0673828125
1 0.39453125 0.2978515625 0.0546875 0.0830078125
1 0.400390625 0.0517578125 0.0927734375 0.080078125
1 0.1806640625 0.0439453125 0.04296875 0.0849609375
1 0.2685546875 0.1181640625 0.072265625 0.1025390625
1 0.201171875 0.35546875 0.0625 0.0625
1 0.046875 0.095703125 0.0927734375 0.1025390625
1 0.1103515625 0.0341796875 0.0478515625 0.0654296875
1 0.2265625 0.0283203125 0.0556640625 0.052734375
1 0.2080078125 0.05859375 0.046875 0.052734375
1 0.421875 0.1181640625 0.0751953125 0.162109375
1 0.80859375 0.0283203125 0.04296875 0.056640625
1 0.8447265625 0.095703125 0.1201171875 0.19140625
1 0.0244140625 0.40625 0.044921875 0.0947265625
1 0.0244140625 0.3330078125 0.044921875 0.0771484375
1 0.22265625 0.48046875 0.0673828125 0.0673828125
1 0.126953125 0.5234375 0.044921875 0.037109375
1 0.5791015625 0.275390625 0.0556640625 0.1318359375
1 0.337890625 0.654296875 0.0927734375 0.0400390625
1 0.0830078125 0.8095703125 0.072265625 0.07421875
1 0.787109375 0.5732421875 0.064453125 0.037109375
1 0.638671875 0.8095703125 0.0498046875 0.095703125
1 0.94140625 0.849609375 0.0654296875 0.060546875
