1 0.896484375 0.533203125 0.0693359375 0.091796875
1 0.6982421875 0.6015625 0.0810546875 0.0634765625
1 0.466796875 0.080078125 0.0615234375 0.0859375
1 0.7646484375 0.826171875 0.0537109375 0.0732421875
1 0.2587890625 0.40625 0.08203125 0.0859375
1 0.2587890625 0.1611328125 0.1142578125 0.072265625
1 0.009765625 0.3154296875 0.0205078125 0.0732421875
1 0.0732421875 0.7646484375 0.1083984375 0.044921875
1 0.0576171875 0.48828125 0.0859375 0.056640625
1 0.236328125 0.8525390625 0.0546875 0.087890625
1 0.275390625 0.072265625 0.06640625 0.099609375
1 0.48828125 0.189453125 0.0908203125 0.052734375
1 0.6328125 0.5302734375 0.111328125 0.0810546875
1 0.267578125 0.689453125 0.0732421875 0.052734375
1 0.86328125 0.1171875 0.05078125 0.080078125
1 0.927734375 0.5205078125 0.0673828125 0.0927734375
1 0.8154296875 0.5888671875 0.0693359375 0.0517578125
1 0.41015625 0.5283203125 0.087890625 0.0458984375
1 0.75 0.265625 0.072265625 0.052734375
1 0.4326171875 0.6953125 0.080078125 0.0849609375
1 0.037109375 0.2841796875 0.07421875 0.0625
1 0.05078125 0.1767578125 0.099609375 0.080078125
1 0.240234375 0.9482421875 0.1162109375 0.0556640625
1 0.0263671875 0.2099609375 0.0537109375 0.0546875
1 0.4375 0.623046875 0.0771484375 0.099609375
1 0.8134765625 0.4443359375 0.06640625 0.060546875
1 0.0576171875 0.3828125 0.08203125 0.0478515625
1 0.216796875 0.7841796875 0.08203125 0.041015625
1 0.6474609375 0.8203125 0.0595703125 0.0625
1 0.42578125 0.310546875 0.076171875 0.0439453125
1 0.962890625 0.8642578125 0.07421875 0.0341796875
1 0.3837890625 0.052734375 0.05859375 0.103515625
1 0.158203125 0.51953125 0.0673828125 0.037109375
1 0.2275390625 0.3076171875 0.0673828125 0.056640625
1 0.5771484375 0.353515625 0.0576171875 0.0341796875
1 0.1318359375 0.5517578125 0.0595703125 0.0361328125
1 0.5615234375 0.2568359375 0.0966796875 0.060546875
1 0.1650390625 0.185546875 0.0869140625 0.068359375
1 0.05078125 0.45703125 0.060546875 0.044921875
1 0.201171875 0.15625 0.080078125 0.0576171875
1 0.53515625 0.8515625 0.0634765625 0.0361328125
1 0.9365234375 0.47265625 0.06640625 0.037109375
1 0.94140625 0.26171875 0.0810546875 0.0966796875
1 0.478515625 0.935546875 0.0712890625 0.0517578125
1 0.3994140625 0.1904296875 0.05859375 0.0439453125
1 0.900390625 0.2412109375 0.08984375 0.0439453125
1 0.3193359375 0.369140625 0.0732421875 0.044921875
1 0.8583984375 0.2763671875 0.080078125 0.0302734375
1 0.94140625 0.041015625 0.076171875 0.06640625
1 0.7998046875 0.4775390625 0.0576171875 0.0498046875
1 0.2734375 0.34765625 0.0673828125 0.0400390625
1 0.9775390625 0.4296875 0.0400390625 0.0576171875
1 0.427734375 0.8876953125 0.05859375 0.0419921875
1 0.8984375 0.8203125 0.0517578125 0.0419921875
1 0.857421875 0.8759765625 0.0654296875 0.060546875
1 0.6474609375 0.318359375 0.056640625 0.0341796875
1 0.65234375 0.3408203125 0.0712890625 0.0224609375
1 0.978515625 0.908203125 0.0419921875 0.017578125
1 0.9833984375 0.3984375 0.029296875 0.044921875
1 0.068359375 0.591796875 0.0908203125 0.05859375
1 0.982421875 0.48828125 0.0341796875 0.0390625
1 0.5146484375 0.3603515625 0.0634765625 0.0703125
1 0.54296875 0.7080078125 0.0615234375 0.0546875
1 0.5361328125 0.6591796875 0.1435546875 0.0830078125
1 0.423828125 0.6611328125 0.07421875 0.056640625
1 0.3876953125 0.9228515625 0.068359375 0.052734375
1 0.27734375 0.8642578125 0.0576171875 0.044921875
1 0.08984375 0.79296875 0.05859375 0.0361328125
