1 0.2255859375 0.3330078125 0.09765625 0.0830078125
1 0.130859375 0.140625 0.091796875 0.078125
1 0.015625 0.6181640625 0.0322265625 0.087890625
1 0.271484375 0.4580078125 0.0498046875 0.0673828125
1 0.0498046875 0.279296875 0.0712890625 0.068359375
1 0.9267578125 0.3603515625 0.078125 0.060546875
1 0.1220703125 0.568359375 0.0732421875 0.0849609375
1 0.3779296875 0.6513671875 0.1181640625 0.1455078125
1 0.0517578125 0.3857421875 0.080078125 0.068359375
1 0.203125 0.5615234375 0.072265625 0.0693359375
1 0.0234375 0.76171875 0.046875 0.0751953125
1 0.3134765625 0.796875 0.123046875 0.150390625
1 0.16796875 0.8828125 0.0673828125 0.0927734375
1 0.2744140625 0.9375 0.080078125 0.0927734375
1 0.0849609375 0.798828125 0.1044921875 0.095703125
1 0.0322265625 0.4658203125 0.0654296875 0.0654296875
1 0.3740234375 0.5439453125 0.0751953125 0.0595703125
1 0.0380859375 0.9453125 0.0771484375 0.0830078125
1 0.4365234375 0.939453125 0.1103515625 0.109375
1 0.3134765625 0.408203125 0.09765625 0.04296875
1 0.34375 0.4619140625 0.0849609375 0.0751953125
1 0.9755859375 0.1298828125 0.0478515625 0.064453125
1 0.1796875 0.1787109375 0.0810546875 0.048828125
1 0.0966796875 0.65234375 0.076171875 0.072265625
1 0.1513671875 0.51171875 0.0576171875 0.064453125
1 0.0244140625 0.30859375 0.0498046875 0.072265625
