1 0.2744140625 0.9375 0.0732421875 0.091796875
1 0.849609375 0.5703125 0.060546875 0.0966796875
1 0.3232421875 0.232421875 0.087890625 0.1494140625
1 0.740234375 0.068359375 0.08984375 0.126953125
1 0.8828125 0.7275390625 0.0615234375 0.080078125
1 0.5234375 0.291015625 0.087890625 0.1005859375
1 0.55859375 0.044921875 0.029296875 0.08984375
1 0.439453125 0.6865234375 0.080078125 0.109375
1 0.7392578125 0.4013671875 0.064453125 0.111328125
1 0.869140625 0.955078125 0.072265625 0.0888671875
1 0.900390625 0.421875 0.083984375 0.087890625
1 0.71484375 0.5732421875 0.0615234375 0.0732421875
1 0.9453125 0.34375 0.0615234375 0.1552734375
1 0.3837890625 0.1845703125 0.0673828125 0.1572265625
1 0.06640625 0.7109375 0.1328125 0.0966796875
1 0.3310546875 0.9619140625 0.033203125 0.076171875
1 0.1005859375 0.369140625 0.09375 0.1005859375
1 0.333984375 0.6845703125 0.103515625 0.0751953125
1 0.6171875 0.310546875 0.0283203125 0.1455078125
1 0.486328125 0.578125 0.109375 0.146484375
1 0.302734375 0.03125 0.056640625 0.0625
1 0.966796875 0.083984375 0.0546875 0.15625
1 0.833984375 0.41796875 0.072265625 0.0947265625
1 0.3798828125 0.7548828125 0.09765625 0.099609375
1 0.33203125 0.8349609375 0.0654296875 0.060546875
1 0.4365234375 0.7587890625 0.095703125 0.1044921875
1 0.8154296875 0.2451171875 0.0576171875 0.134765625
1 0.9775390625 0.8125 0.03515625 0.0546875
1 0.0810546875 0.1708984375 0.109375 0.1484375
1 0.873046875 0.3310546875 0.0869140625 0.0556640625
1 0.6416015625 0.5537109375 0.0478515625 0.0595703125
1 0.0947265625 0.8251953125 0.060546875 0.0673828125
1 0.984375 0.7431640625 0.0302734375 0.076171875
1 0.2099609375 0.78125 0.1435546875 0.052734375
1 0.7646484375 0.9091796875 0.072265625 0.0576171875
1 0.7822265625 0.8408203125 0.04296875 0.05859375
1 0.0576171875 0.41015625 0.0712890625 0.05859375
1 0.7705078125 0.951171875 0.0595703125 0.0458984375
1 0.9404296875 0.951171875 0.109375 0.0546875
1 0.109375 0.451171875 0.0654296875 0.130859375
1 0.1982421875 0.83203125 0.0361328125 0.0576171875
1 0.083984375 0.30078125 0.126953125 0.16796875
1 0.43359375 0.3935546875 0.052734375 0.173828125
1 0.9814453125 0.0712890625 0.0361328125 0.1015625
1 0.7490234375 0.8798828125 0.0849609375 0.0224609375
1 0.40234375 0.146484375 0.029296875 0.0625
1 0.1591796875 0.1474609375 0.076171875 0.0849609375
1 0.1611328125 0.115234375 0.107421875 0.09765625
1 0.09375 0.95703125 0.1875 0.0458984375
1 0.822265625 0.501953125 0.076171875 0.076171875
