1 0.60546875 0.470703125 0.0830078125 0.123046875
1 0.5224609375 0.998046875 0.1025390625 0.0029296875
1 0.9599609375 0.65234375 0.080078125 0.1025390625
1 0.439453125 0.2666015625 0.1044921875 0.1181640625
1 0.2958984375 0.7265625 0.072265625 0.1044921875
1 0.56640625 0.919921875 0.134765625 0.125
1 0.3212890625 0.8603515625 0.0849609375 0.0927734375
1 0.3984375 0.9716796875 0.087890625 0.0556640625
1 0.9140625 0.7666015625 0.1298828125 0.1142578125
1 0.525390625 0.701171875 0.1220703125 0.107421875
1 0.7568359375 0.6484375 0.08984375 0.126953125
1 0.796875 0.4677734375 0.109375 0.0966796875
1 0.791015625 0.87109375 0.1005859375 0.1025390625
1 0.4453125 0.4609375 0.0693359375 0.076171875
1 0.466796875 0.8828125 0.10546875 0.0673828125
1 0.814453125 0.2138671875 0.134765625 0.1103515625
1 0.7978515625 0.75390625 0.1279296875 0.0751953125
1 0.6806640625 0.775390625 0.072265625 0.0869140625
1 0.59765625 0.1240234375 0.11328125 0.109375
1 0.619140625 0.369140625 0.0947265625 0.08984375
1 0.8603515625 0.625 0.1630859375 0.0771484375
1 0.724609375 0.2177734375 0.08984375 0.09765625
1 0.9306640625 0.9609375 0.138671875 0.0654296875
1 0.89453125 0.8525390625 0.11328125 0.0751953125
1 0.51171875 0.783203125 0.1005859375 0.107421875
1 0.8759765625 0.564453125 0.1171875 0.08984375
1 0.65625 0.158203125 0.0986328125 0.1142578125
1 0.8349609375 0.0478515625 0.1474609375 0.0927734375
1 0.8134765625 0.287109375 0.09765625 0.1123046875
1 0.6611328125 0.4248046875 0.0849609375 0.134765625
1 0.662109375 0.490234375 0.10546875 0.1220703125
1 0.767578125 0.552734375 0.115234375 0.0751953125
1 0.9013671875 0.89453125 0.109375 0.083984375
1 0.9404296875 0.9189453125 0.1171875 0.0703125
1 0.673828125 0.8359375 0.0751953125 0.052734375
1 0.794921875 0.685546875 0.1025390625 0.0771484375
1 0.568359375 0.7294921875 0.107421875 0.08984375
