1 0.642578125 0.1474609375 0.0595703125 0.09375
1 0.1640625 0.0712890625 0.0830078125 0.083984375
1 0.1220703125 0.34765625 0.0615234375 0.0869140625
1 0.33984375 0.166015625 0.0654296875 0.06640625
1 0.669921875 0.2890625 0.033203125 0.11328125
1 0.5576171875 0.8564453125 0.0703125 0.0615234375
1 0.551953125 0.6998046875 0.1296875 0.04921874999999998
1 0.64453125 0.380859375 0.0615234375 0.06640625
1 0.4365234375 0.0830078125 0.029296875 0.09765625
1 0.740234375 0.703125 0.0732421875 0.0400390625
1 0.96875 0.7841796875 0.0625 0.0849609375
1 0.029296875 0.3955078125 0.0595703125 0.109375
1 0.4169921875 0.8544921875 0.064453125 0.0576171875
1 0.85546875 0.3759765625 0.072265625 0.0390625
1 0.3271484375 0.02734375 0.0400390625 0.05078125
1 0.9658203125 0.4677734375 0.068359375 0.037109375
1 0.908203125 0.5830078125 0.052734375 0.0556640625
1 0.6083984375 0.9814453125 0.046875 0.0361328125
1 0.2578125 0.2890625 0.0478515625 0.072265625
1 0.82421875 0.1796875 0.046875 0.037109375
1 0.875 0.8251953125 0.0634765625 0.05078125
1 0.3955078125 0.9521484375 0.0732421875 0.0263671875
1 0.79296875 0.0576171875 0.0361328125 0.091796875
1 0.0859375 0.6015625 0.0693359375 0.0390625
1 0.3662109375 0.5068359375 0.091796875 0.0537109375
1 0.03125 0.361328125 0.0625 0.1142578125
1 0.19921875 0.984375 0.0947265625 0.0302734375
1 0.7314453125 0.5556640625 0.04296875 0.080078125
1 0.423828125 0.365234375 0.0888671875 0.0380859375
1 0.9765625 0.2451171875 0.046875 0.0595703125
1 0.04296875 0.5390625 0.0859375 0.046875
1 0.22265625 0.6611328125 0.0810546875 0.044921875
1 0.2119140625 0.931640625 0.0986328125 0.041015625
1 0.3505859375 0.7490234375 0.0517578125 0.0361328125
1 0.4970703125 0.0693359375 0.1083984375 0.076171875
1 0.087890625 0.3544921875 0.0654296875 0.037109375
1 0.02734375 0.8271484375 0.0546875 0.0419921875
1 0.9462890625 0.9541015625 0.0517578125 0.0361328125
1 0.0146484375 0.4365234375 0.029296875 0.03125
1 0.8759765625 0.6767578125 0.0810546875 0.0595703125
1 0.78125 0.5361328125 0.033203125 0.0546875
1 0.3857421875 0.0126953125 0.033203125 0.0234375
1 0.4619140625 0.025390625 0.0439453125 0.0517578125
1 0.8203125 0.6845703125 0.0908203125 0.044921875
1 0.7998046875 0.732421875 0.07421875 0.0478515625
1 0.3017578125 0.544921875 0.078125 0.0419921875
1 0.9814453125 0.5576171875 0.037109375 0.0439453125
1 0.986328125 0.1884765625 0.0263671875 0.0380859375
1 0.7890625 0.962890625 0.03515625 0.02734375
1 0.828125 0.982421875 0.064453125 0.03515625
1 0.228515625 0.314453125 0.0498046875 0.0419921875
