1 0.8310546875 0.71875 0.1337890625 0.0576171875
1 0.98828125 0.5302734375 0.0234375 0.1572265625
1 0.84375 0.1416015625 0.3125 0.083984375
1 0.283203125 0.4189453125 0.2421875 0.091796875
1 0.470703125 0.365234375 0.1328125 0.0927734375
1 0.638671875 0.4248046875 0.171875 0.1201171875
1 0.87890625 0.443359375 0.0654296875 0.1083984375
1 0.73046875 0.904296875 0.1484375 0.19140625
1 0.55078125 0.8701171875 0.138671875 0.2451171875
1 0.388671875 0.7763671875 0.1396484375 0.2333984375
1 0.2451171875 0.8349609375 0.0830078125 0.08984375
1 0.0126953125 0.826171875 0.025390625 0.09375
1 0.0986328125 0.2421875 0.130859375 0.0810546875
1 0.2109375 0.2939453125 0.12109375 0.087890625
1 0.21484375 0.54296875 0.1201171875 0.072265625
1 0.986328125 0.78125 0.02734375 0.12890625
1 0.859375 0.943359375 0.0810546875 0.1044921875
1 0.03125 0.4189453125 0.0634765625 0.0634765625
1 0.0361328125 0.5400390625 0.0693359375 0.0556640625
1 0.4423828125 0.982421875 0.0546875 0.03515625
1 0.369140625 0.9306640625 0.064453125 0.0869140625
1 0.2353515625 0.9765625 0.0859375 0.0458984375
1 0.1923828125 0.9365234375 0.0546875 0.0556640625
1 0.0849609375 0.9775390625 0.0927734375 0.0439453125
1 0.3232421875 0.2880859375 0.109375 0.0517578125
1 0.3427734375 0.134765625 0.1279296875 0.0654296875
1 0.09375 0.1298828125 0.068359375 0.0703125
1 0.177734375 0.0576171875 0.078125 0.115234375
1 0.3271484375 0.0517578125 0.0732421875 0.0693359375
1 0.4765625 0.083984375 0.09375 0.0732421875
1 0.5126953125 0.2685546875 0.056640625 0.05078125
1 0.603515625 0.2197265625 0.0986328125 0.0439453125
1 0.5439453125 0.181640625 0.072265625 0.091796875
1 0.634765625 0.5908203125 0.0576171875 0.041015625
1 0.6064453125 0.673828125 0.1337890625 0.1044921875
1 0.923828125 0.8623046875 0.14453125 0.10546875
1 0.947265625 0.6220703125 0.099609375 0.080078125
1 0.8876953125 0.7431640625 0.056640625 0.05859375
1 0.73828125 0.3349609375 0.0673828125 0.0673828125
1 0.70703125 0.2314453125 0.08203125 0.056640625
1 0.7978515625 0.2275390625 0.0927734375 0.060546875
1 0.6669921875 0.1064453125 0.1240234375 0.060546875
1 0.9794921875 0.2626953125 0.0400390625 0.0791015625
1 0.9697265625 0.1826171875 0.0595703125 0.0546875
1 0.5400390625 0.9921875 0.052734375 0.015625
