1 0.27734375 0.0263671875 0.0888671875 0.0537109375
1 0.1494140625 0.025390625 0.08984375 0.05078125
1 0.1298828125 0.126953125 0.09765625 0.0673828125
1 0.0703125 0.185546875 0.080078125 0.0625
1 0.0498046875 0.2783203125 0.0830078125 0.1142578125
1 0.1220703125 0.3095703125 0.07421875 0.056640625
1 0.181640625 0.3408203125 0.068359375 0.07421875
1 0.28515625 0.3427734375 0.076171875 0.072265625
1 0.3583984375 0.318359375 0.068359375 0.0791015625
1 0.458984375 0.3076171875 0.1337890625 0.064453125
1 0.396484375 0.3857421875 0.0654296875 0.0654296875
1 0.34375 0.4169921875 0.0654296875 0.0888671875
1 0.3017578125 0.4140625 0.0546875 0.05859375
1 0.22265625 0.4541015625 0.115234375 0.095703125
1 0.583984375 0.4150390625 0.07421875 0.078125
1 0.41015625 0.5634765625 0.1162109375 0.17578125
1 0.041015625 0.62890625 0.078125 0.0947265625
1 0.2236328125 0.7421875 0.083984375 0.0830078125
1 0.138671875 0.7880859375 0.0927734375 0.0859375
1 0.2451171875 0.8662109375 0.083984375 0.09375
1 0.068359375 0.7734375 0.080078125 0.072265625
1 0.12890625 0.8681640625 0.0634765625 0.0830078125
1 0.220703125 0.9580078125 0.0771484375 0.0751953125
1 0.1728515625 0.912109375 0.068359375 0.1083984375
1 0.029296875 0.94921875 0.0537109375 0.1015625
1 0.0791015625 0.9541015625 0.07421875 0.06640625
1 0.10546875 0.9833984375 0.12109375 0.02734375
1 0.2861328125 0.98046875 0.115234375 0.0390625
1 0.4697265625 0.8359375 0.1298828125 0.0712890625
1 0.4326171875 0.8779296875 0.0625 0.0693359375
1 0.5927734375 0.6044921875 0.0986328125 0.1103515625
1 0.7255859375 0.6640625 0.080078125 0.1484375
1 0.609375 0.84765625 0.091796875 0.0810546875
1 0.6884765625 0.83203125 0.103515625 0.1064453125
1 0.5908203125 0.9306640625 0.0703125 0.0810546875
1 0.7890625 0.9775390625 0.0771484375 0.0439453125
1 0.833984375 0.888671875 0.076171875 0.0830078125
1 0.78515625 0.8251953125 0.1298828125 0.068359375
1 0.953125 0.7275390625 0.0869140625 0.0771484375
1 0.935546875 0.7890625 0.08984375 0.0986328125
1 0.912109375 0.9013671875 0.1005859375 0.1142578125
1 0.943359375 0.9443359375 0.0830078125 0.056640625
1 0.9755859375 0.97265625 0.0478515625 0.046875
1 0.90234375 0.9765625 0.068359375 0.0458984375
1 0.88671875 0.044921875 0.056640625 0.0556640625
1 0.9169921875 0.025390625 0.05859375 0.05078125
1 0.82421875 0.3740234375 0.0859375 0.076171875
1 0.9013671875 0.3935546875 0.0751953125 0.103515625
1 0.931640625 0.494140625 0.09765625 0.0771484375
1 0.826171875 0.7890625 0.0888671875 0.07421875
1 0.7890625 0.9033203125 0.080078125 0.0869140625
1 0.048828125 0.73046875 0.0966796875 0.0849609375
1 0.02734375 0.7880859375 0.052734375 0.095703125
1 0.91015625 0.4052734375 0.0732421875 0.14453125
1 0.9609375 0.6171875 0.0703125 0.0712890625
