1 0.962890625 0.619140625 0.0732421875 0.08984375
1 0.5146484375 0.736328125 0.099609375 0.0947265625
1 0.30078125 0.25 0.11328125 0.1572265625
1 0.9697265625 0.8056640625 0.060546875 0.107421875
1 0.625 0.3974609375 0.1123046875 0.0927734375
1 0.33984375 0.67578125 0.134765625 0.08203125
1 0.3330078125 0.6015625 0.0771484375 0.0908203125
1 0.4794921875 0.9052734375 0.109375 0.0859375
1 0.9375 0.150390625 0.0771484375 0.1123046875
1 0.9423828125 0.408203125 0.080078125 0.11328125
1 0.9853515625 0.4267578125 0.0283203125 0.115234375
1 0.970703125 0.2294921875 0.0576171875 0.095703125
1 0.828125 0.6767578125 0.0439453125 0.06640625
1 0.0810546875 0.826171875 0.0673828125 0.044921875
1 0.3505859375 0.0341796875 0.0751953125 0.0625
1 0.0927734375 0.0771484375 0.0966796875 0.109375
1 0.529296875 0.185546875 0.099609375 0.1171875
1 0.9501953125 0.328125 0.0673828125 0.08203125
1 0.873046875 0.248046875 0.0712890625 0.0478515625
