1 0.5283203125 0.0615234375 0.09765625 0.0751953125
1 0.890625 0.013671875 0.078125 0.02734375
1 0.619140625 0.0380859375 0.1044921875 0.0771484375
1 0.2509765625 0.2021484375 0.087890625 0.095703125
1 0.5166015625 0.2568359375 0.1103515625 0.064453125
1 0.130859375 0.2109375 0.072265625 0.072265625
1 0.9609375 0.2333984375 0.078125 0.078125
1 0.2783203125 0.0166015625 0.078125 0.0341796875
1 0.150390625 0.5947265625 0.0673828125 0.08984375
1 0.2548828125 0.5029296875 0.080078125 0.09765625
1 0.2734375 0.3310546875 0.09765625 0.09765625
1 0.724609375 0.2265625 0.0703125 0.0654296875
1 0.5732421875 0.2197265625 0.091796875 0.0703125
1 0.716796875 0.4052734375 0.0947265625 0.1025390625
1 0.3408203125 0.5888671875 0.046875 0.0595703125
1 0.0302734375 0.20703125 0.0576171875 0.08984375
1 0.591796875 0.576171875 0.0751953125 0.0751953125
1 0.3505859375 0.255859375 0.07421875 0.0546875
