1 0.8330078125 0.2021484375 0.10546875 0.0751953125
1 0.8681640625 0.3046875 0.0791015625 0.0703125
1 0.6953125 0.203125 0.048828125 0.0927734375
1 0.6123046875 0.2158203125 0.109375 0.0546875
1 0.5771484375 0.1416015625 0.0712890625 0.087890625
1 0.615234375 0.119140625 0.0595703125 0.072265625
1 0.619140625 0.03125 0.0712890625 0.0625
1 0.51171875 0.107421875 0.060546875 0.0703125
1 0.4169921875 0.259765625 0.12890625 0.109375
1 0.32421875 0.16796875 0.1083984375 0.0908203125
1 0.3603515625 0.0390625 0.1005859375 0.0791015625
1 0.1875 0.021484375 0.0703125 0.0439453125
1 0.1513671875 0.28515625 0.0986328125 0.0615234375
1 0.0498046875 0.189453125 0.095703125 0.0986328125
1 0.767578125 0.0830078125 0.0634765625 0.1259765625
1 0.8876953125 0.0634765625 0.0693359375 0.076171875
1 0.9697265625 0.0400390625 0.060546875 0.0810546875
1 0.4765625 0.5322265625 0.1162109375 0.1162109375
1 0.4287109375 0.5576171875 0.068359375 0.08203125
1 0.37890625 0.615234375 0.0576171875 0.05859375
1 0.3369140625 0.515625 0.12109375 0.0634765625
1 0.693359375 0.494140625 0.123046875 0.068359375
1 0.7255859375 0.591796875 0.052734375 0.0966796875
1 0.8955078125 0.6318359375 0.083984375 0.080078125
1 0.826171875 0.7001953125 0.0703125 0.1005859375
1 0.6533203125 0.59375 0.0693359375 0.0869140625
1 0.6396484375 0.6640625 0.1044921875 0.1318359375
1 0.5546875 0.69140625 0.05859375 0.0654296875
1 0.49609375 0.70703125 0.080078125 0.0595703125
1 0.5830078125 0.79296875 0.0791015625 0.0673828125
1 0.3896484375 0.7578125 0.1298828125 0.0810546875
1 0.2958984375 0.65234375 0.0771484375 0.0634765625
1 0.1416015625 0.572265625 0.107421875 0.0966796875
1 0.1181640625 0.6337890625 0.1044921875 0.0625
1 0.0732421875 0.6474609375 0.1064453125 0.10546875
1 0.244140625 0.8583984375 0.0986328125 0.05859375
1 0.4697265625 0.9013671875 0.07421875 0.07421875
1 0.59375 0.916015625 0.064453125 0.064453125
1 0.6669921875 0.955078125 0.06640625 0.0673828125
1 0.40234375 0.9658203125 0.068359375 0.0673828125
1 0.072265625 0.912109375 0.087890625 0.0576171875
1 0.09765625 0.873046875 0.07421875 0.0478515625
1 0.830078125 0.9501953125 0.0859375 0.0859375
1 0.7841796875 0.8115234375 0.06640625 0.060546875
1 0.9287109375 0.7451171875 0.076171875 0.0771484375
1 0.9560546875 0.509765625 0.0634765625 0.0751953125
1 0.701171875 0.037109375 0.0654296875 0.07421875
1 0.435546875 0.8427734375 0.064453125 0.044921875
1 0.2099609375 0.5390625 0.0673828125 0.044921875
1 0.61328125 0.546875 0.0537109375 0.0576171875
