1 0.9375 0.7236328125 0.109375 0.076171875
1 0.9638671875 0.0517578125 0.0712890625 0.056640625
1 0.9619140625 0.7939453125 0.076171875 0.0791015625
1 0.9296875 0.9609375 0.1103515625 0.078125
1 0.4208984375 0.7216796875 0.072265625 0.1015625
1 0.9111328125 0.8017578125 0.087890625 0.08984375
1 0.765625 0.6845703125 0.1513671875 0.09375
1 0.474609375 0.7333984375 0.0966796875 0.1064453125
1 0.2412109375 0.548828125 0.1337890625 0.0908203125
1 0.7431640625 0.6298828125 0.1484375 0.068359375
1 0.3154296875 0.5068359375 0.0849609375 0.10546875
1 0.486328125 0.6552734375 0.09375 0.0810546875
1 0.95703125 0.287109375 0.0732421875 0.1220703125
1 0.3701171875 0.626953125 0.1015625 0.0869140625
1 0.9462890625 0.8994140625 0.107421875 0.0712890625
1 0.068359375 0.8994140625 0.13671875 0.1435546875
1 0.30078125 0.01953125 0.1337890625 0.0390625
1 0.6328125 0.9345703125 0.1630859375 0.09375
1 0.8193359375 0.9091796875 0.12890625 0.0859375
1 0.349609375 0.33203125 0.109375 0.080078125
1 0.638671875 0.69921875 0.123046875 0.083984375
1 0.3798828125 0.373046875 0.0771484375 0.0615234375
1 0.236328125 0.3505859375 0.0947265625 0.0595703125
1 0.173828125 0.3017578125 0.13671875 0.0693359375
1 0.1943359375 0.2333984375 0.1162109375 0.07421875
1 0.2900390625 0.228515625 0.0888671875 0.1044921875
1 0.369140625 0.2373046875 0.1123046875 0.0810546875
1 0.2890625 0.111328125 0.095703125 0.06640625
1 0.560546875 0.3310546875 0.0791015625 0.0791015625
1 0.6162109375 0.2744140625 0.068359375 0.10546875
1 0.5546875 0.2158203125 0.0576171875 0.1298828125
1 0.5322265625 0.1865234375 0.06640625 0.0625
1 0.517578125 0.09375 0.0517578125 0.0830078125
1 0.462890625 0.1298828125 0.0634765625 0.1591796875
