1 0.041015625 0.966796875 0.08203125 0.0654296875
1 0.1015625 0.841796875 0.072265625 0.0693359375
1 0.36328125 0.92578125 0.1005859375 0.0830078125
1 0.3955078125 0.86328125 0.0712890625 0.1396484375
1 0.2431640625 0.7646484375 0.0703125 0.072265625
1 0.2001953125 0.6416015625 0.078125 0.0693359375
1 0.08203125 0.35546875 0.1064453125 0.091796875
1 0.0322265625 0.279296875 0.064453125 0.14453125
1 0.111328125 0.314453125 0.0576171875 0.0517578125
1 0.125 0.2666015625 0.0576171875 0.056640625
1 0.11328125 0.1376953125 0.1884765625 0.078125
1 0.25 0.2177734375 0.138671875 0.1044921875
1 0.361328125 0.3359375 0.0693359375 0.1240234375
1 0.3564453125 0.45703125 0.0537109375 0.064453125
1 0.541015625 0.3134765625 0.115234375 0.126953125
1 0.6171875 0.369140625 0.060546875 0.0830078125
1 0.76953125 0.5068359375 0.0859375 0.06640625
1 0.6943359375 0.23828125 0.134765625 0.1328125
1 0.7216796875 0.1298828125 0.1044921875 0.19140625
1 0.7119140625 0.037109375 0.1044921875 0.0751953125
1 0.859375 0.0625 0.060546875 0.1259765625
1 0.9794921875 0.0390625 0.0400390625 0.078125
1 0.521484375 0.650390625 0.0712890625 0.0419921875
1 0.521484375 0.716796875 0.0830078125 0.0849609375
1 0.6083984375 0.7783203125 0.138671875 0.06640625
1 0.7919921875 0.806640625 0.177734375 0.123046875
1 0.5185546875 0.9677734375 0.0703125 0.064453125
