1 0.7041015625 0.5537109375 0.1064453125 0.1103515625
1 0.2529296875 0.974609375 0.1123046875 0.05078125
1 0.9072265625 0.53125 0.115234375 0.12109375
1 0.2177734375 0.4970703125 0.0830078125 0.080078125
1 0.3828125 0.9453125 0.095703125 0.1083984375
1 0.2490234375 0.603515625 0.11328125 0.123046875
1 0.0947265625 0.2802734375 0.099609375 0.1376953125
1 0.1240234375 0.962890625 0.1142578125 0.0732421875
1 0.62109375 0.2119140625 0.0849609375 0.103515625
1 0.0986328125 0.8212890625 0.107421875 0.177734375
1 0.1640625 0.0859375 0.1484375 0.1689453125
1 0.0859375 0.6318359375 0.1044921875 0.12890625
1 0.2001953125 0.275390625 0.1181640625 0.1279296875
1 0.236328125 0.37109375 0.0771484375 0.06640625
1 0.0546875 0.462890625 0.1064453125 0.142578125
1 0.0380859375 0.697265625 0.0673828125 0.099609375
1 0.0263671875 0.810546875 0.0498046875 0.087890625
1 0.037109375 0.0751953125 0.0703125 0.1474609375
