1 0.0634765625 0.2822265625 0.0625 0.0791015625
1 0.0458984375 0.421875 0.0654296875 0.0830078125
1 0.109375 0.3681640625 0.0830078125 0.0703125
1 0.1337890625 0.419921875 0.0673828125 0.0546875
1 0.1064453125 0.5322265625 0.0732421875 0.06640625
1 0.126953125 0.5859375 0.068359375 0.0625
1 0.138671875 0.4951171875 0.07421875 0.048828125
1 0.234375 0.4208984375 0.0654296875 0.0712890625
1 0.2421875 0.4931640625 0.0634765625 0.06640625
1 0.3203125 0.48828125 0.0634765625 0.05859375
1 0.392578125 0.4970703125 0.064453125 0.05859375
1 0.322265625 0.5888671875 0.083984375 0.0615234375
1 0.1162109375 0.0771484375 0.0595703125 0.0595703125
1 0.107421875 0.0439453125 0.0830078125 0.052734375
1 0.248046875 0.0390625 0.07421875 0.0576171875
1 0.3427734375 0.103515625 0.0791015625 0.087890625
1 0.4208984375 0.025390625 0.080078125 0.0517578125
1 0.5810546875 0.1240234375 0.091796875 0.0908203125
1 0.751953125 0.056640625 0.0986328125 0.07421875
1 0.609375 0.06640625 0.0625 0.046875
1 0.6337890625 0.037109375 0.0859375 0.0751953125
1 0.7607421875 0.1015625 0.07421875 0.048828125
1 0.6748046875 0.2177734375 0.0625 0.0615234375
1 0.814453125 0.244140625 0.064453125 0.0634765625
1 0.70703125 0.3076171875 0.0712890625 0.1005859375
1 0.4287109375 0.455078125 0.0966796875 0.099609375
1 0.5380859375 0.48046875 0.080078125 0.0888671875
1 0.7548828125 0.4423828125 0.0732421875 0.091796875
1 0.8203125 0.4013671875 0.07421875 0.083984375
1 0.8623046875 0.373046875 0.08203125 0.0712890625
1 0.896484375 0.4404296875 0.076171875 0.080078125
1 0.828125 0.4716796875 0.08203125 0.0888671875
1 0.72265625 0.5087890625 0.0732421875 0.06640625
1 0.7255859375 0.5703125 0.09375 0.068359375
1 0.978515625 0.376953125 0.0419921875 0.068359375
1 0.9794921875 0.4375 0.0400390625 0.0859375
1 0.958984375 0.0458984375 0.0810546875 0.0712890625
1 0.8173828125 0.666015625 0.068359375 0.0654296875
1 0.966796875 0.693359375 0.064453125 0.0927734375
1 0.703125 0.802734375 0.0625 0.07421875
1 0.3349609375 0.8173828125 0.0703125 0.0927734375
1 0.3173828125 0.8837890625 0.060546875 0.0703125
1 0.267578125 0.8896484375 0.0595703125 0.0654296875
1 0.05078125 0.904296875 0.1015625 0.0908203125
1 0.091796875 0.9619140625 0.064453125 0.052734375
1 0.2763671875 0.96484375 0.0791015625 0.0693359375
1 0.3466796875 0.96875 0.060546875 0.0615234375
1 0.6318359375 0.98046875 0.0830078125 0.0380859375
1 0.6787109375 0.9541015625 0.0654296875 0.06640625
1 0.7353515625 0.9599609375 0.080078125 0.0791015625
1 0.75 0.8974609375 0.0693359375 0.0712890625
1 0.8154296875 0.90625 0.083984375 0.07421875
1 0.279296875 0.0263671875 0.0478515625 0.0537109375
1 0.1865234375 0.0498046875 0.046875 0.0341796875
1 0.1259765625 0.017578125 0.052734375 0.03515625
1 0.373046875 0.556640625 0.0419921875 0.0576171875
1 0.3427734375 0.537109375 0.0703125 0.06640625
1 0.9833984375 0.9091796875 0.0322265625 0.060546875
1 0.568359375 0.990234375 0.064453125 0.0185546875
1 0.5009765625 0.9833984375 0.07421875 0.033203125
1 0.8095703125 0.0830078125 0.05078125 0.04296875
1 0.4814453125 0.0146484375 0.044921875 0.0302734375
1 0.380859375 0.982421875 0.0302734375 0.03515625
