1 0.1611328125 0.76953125 0.0595703125 0.10546875
1 0.322265625 0.8212890625 0.0712890625 0.080078125
1 0.2822265625 0.8828125 0.083984375 0.0625
1 0.3046875 0.98046875 0.0751953125 0.0380859375
1 0.2451171875 0.673828125 0.072265625 0.0595703125
1 0.1943359375 0.5908203125 0.0576171875 0.0625
1 0.03515625 0.60546875 0.0703125 0.078125
1 0.0263671875 0.4423828125 0.0537109375 0.099609375
1 0.041015625 0.330078125 0.0830078125 0.083984375
1 0.029296875 0.27734375 0.0595703125 0.0751953125
1 0.1337890625 0.126953125 0.0810546875 0.072265625
1 0.107421875 0.072265625 0.0888671875 0.0654296875
1 0.17578125 0.0244140625 0.0654296875 0.0498046875
1 0.3037109375 0.177734375 0.068359375 0.0576171875
1 0.48046875 0.1845703125 0.0673828125 0.0615234375
1 0.30859375 0.326171875 0.0771484375 0.0830078125
1 0.18359375 0.3525390625 0.064453125 0.0703125
1 0.2158203125 0.4228515625 0.0634765625 0.052734375
1 0.2529296875 0.544921875 0.060546875 0.060546875
1 0.3828125 0.521484375 0.0595703125 0.078125
1 0.4072265625 0.431640625 0.060546875 0.072265625
1 0.4814453125 0.373046875 0.0576171875 0.060546875
1 0.5283203125 0.345703125 0.0546875 0.0634765625
1 0.4697265625 0.4501953125 0.0537109375 0.0595703125
1 0.5146484375 0.4921875 0.072265625 0.0703125
1 0.5859375 0.4599609375 0.0732421875 0.0517578125
1 0.5908203125 0.537109375 0.0732421875 0.0625
1 0.6279296875 0.5732421875 0.056640625 0.0654296875
1 0.568359375 0.5986328125 0.05078125 0.0537109375
1 0.48046875 0.7001953125 0.0517578125 0.0498046875
1 0.537109375 0.8583984375 0.0673828125 0.068359375
1 0.5654296875 0.9541015625 0.1123046875 0.064453125
1 0.55859375 0.982421875 0.0693359375 0.03515625
1 0.6982421875 0.2109375 0.068359375 0.07421875
1 0.8779296875 0.1240234375 0.0625 0.0625
1 0.8642578125 0.1630859375 0.0546875 0.0625
1 0.8349609375 0.041015625 0.0869140625 0.080078125
1 0.9853515625 0.2236328125 0.029296875 0.06640625
1 0.8662109375 0.369140625 0.0595703125 0.0673828125
1 0.8046875 0.505859375 0.052734375 0.083984375
1 0.9033203125 0.498046875 0.0673828125 0.0517578125
1 0.95703125 0.478515625 0.072265625 0.0849609375
1 0.8408203125 0.43359375 0.076171875 0.0654296875
1 0.72265625 0.6279296875 0.0615234375 0.0673828125
1 0.9443359375 0.7734375 0.0673828125 0.0537109375
1 0.7265625 0.8232421875 0.0595703125 0.0732421875
1 0.7626953125 0.8837890625 0.0576171875 0.0908203125
1 0.8798828125 0.896484375 0.060546875 0.064453125
1 0.98046875 0.9189453125 0.0380859375 0.05859375
1 0.9765625 0.9697265625 0.0458984375 0.05859375
1 0.740234375 0.0244140625 0.0751953125 0.0498046875
1 0.3759765625 0.0244140625 0.068359375 0.048828125
1 0.4521484375 0.2060546875 0.056640625 0.0361328125
1 0.3798828125 0.4482421875 0.048828125 0.0625
1 0.80859375 0.462890625 0.0693359375 0.0576171875
1 0.009765625 0.525390625 0.0205078125 0.04296875
1 0.8173828125 0.9912109375 0.0390625 0.0166015625
1 0.3271484375 0.5751953125 0.0810546875 0.0390625
