1 0.0166015625 0.8720703125 0.033203125 0.1015625
1 0.0859375 0.8681640625 0.0556640625 0.11328125
1 0.021484375 0.9560546875 0.0439453125 0.0830078125
1 0.0615234375 0.0224609375 0.0693359375 0.044921875
1 0.1875 0.0244140625 0.091796875 0.0498046875
1 0.1181640625 0.046875 0.06640625 0.06640625
1 0.1279296875 0.1884765625 0.078125 0.078125
1 0.0205078125 0.2177734375 0.0419921875 0.048828125
1 0.04296875 0.2724609375 0.0615234375 0.0498046875
1 0.05859375 0.416015625 0.1171875 0.138671875
1 0.017578125 0.455078125 0.03515625 0.0703125
1 0.0234375 0.58203125 0.046875 0.1171875
1 0.091796875 0.6123046875 0.0771484375 0.0673828125
1 0.1787109375 0.580078125 0.0810546875 0.0908203125
1 0.169921875 0.6904296875 0.052734375 0.064453125
1 0.2333984375 0.73046875 0.0703125 0.111328125
1 0.2001953125 0.8154296875 0.1044921875 0.0830078125
1 0.173828125 0.376953125 0.1015625 0.0732421875
1 0.2080078125 0.443359375 0.1025390625 0.087890625
1 0.2568359375 0.2451171875 0.134765625 0.1220703125
1 0.28515625 0.361328125 0.0986328125 0.0810546875
1 0.3603515625 0.2578125 0.072265625 0.0849609375
1 0.4384765625 0.3193359375 0.103515625 0.0556640625
1 0.5732421875 0.31640625 0.1044921875 0.0751953125
1 0.7119140625 0.322265625 0.15625 0.0859375
1 0.8251953125 0.2822265625 0.0546875 0.0576171875
1 0.888671875 0.2353515625 0.0830078125 0.0478515625
1 0.9462890625 0.0869140625 0.103515625 0.125
1 0.7080078125 0.0185546875 0.091796875 0.037109375
1 0.830078125 0.0107421875 0.1494140625 0.021484375
1 0.27734375 0.0673828125 0.07421875 0.07421875
1 0.21875 0.107421875 0.07421875 0.0673828125
1 0.32421875 0.1318359375 0.076171875 0.05859375
1 0.40234375 0.1435546875 0.0556640625 0.1357421875
1 0.4501953125 0.046875 0.072265625 0.0947265625
1 0.4677734375 0.11328125 0.05078125 0.08984375
1 0.5244140625 0.0537109375 0.068359375 0.076171875
1 0.5263671875 0.0166015625 0.0537109375 0.033203125
1 0.599609375 0.015625 0.0810546875 0.0322265625
1 0.5224609375 0.1279296875 0.060546875 0.0419921875
1 0.6142578125 0.083984375 0.0703125 0.0673828125
1 0.607421875 0.130859375 0.046875 0.06640625
1 0.6865234375 0.1474609375 0.076171875 0.083984375
1 0.7578125 0.11328125 0.0615234375 0.1103515625
1 0.818359375 0.0888671875 0.056640625 0.05859375
1 0.8310546875 0.177734375 0.072265625 0.0673828125
1 0.3671875 0.419921875 0.0859375 0.0791015625
1 0.30859375 0.4697265625 0.056640625 0.083984375
1 0.3447265625 0.650390625 0.134765625 0.080078125
1 0.37109375 0.734375 0.16796875 0.12890625
1 0.349609375 0.787109375 0.1103515625 0.0791015625
1 0.4560546875 0.6171875 0.125 0.1796875
1 0.5205078125 0.544921875 0.0751953125 0.0908203125
1 0.572265625 0.646484375 0.056640625 0.109375
1 0.8544921875 0.6630859375 0.078125 0.1318359375
1 0.578125 0.8310546875 0.072265625 0.0732421875
1 0.505859375 0.9609375 0.068359375 0.078125
1 0.443359375 0.9599609375 0.0576171875 0.076171875
1 0.681640625 0.9423828125 0.0966796875 0.1015625
1 0.671875 0.8408203125 0.0830078125 0.107421875
1 0.7431640625 0.8369140625 0.0732421875 0.072265625
1 0.8076171875 0.8955078125 0.0927734375 0.0830078125
1 0.8515625 0.8505859375 0.080078125 0.0654296875
1 0.97265625 0.912109375 0.0537109375 0.07421875
1 0.9580078125 0.6396484375 0.0830078125 0.0634765625
1 0.9794921875 0.6923828125 0.0400390625 0.046875
1 0.4970703125 0.2216796875 0.115234375 0.0771484375
1 0.400390625 0.1962890625 0.1279296875 0.0869140625
1 0.064453125 0.2353515625 0.0380859375 0.029296875
