1 0.4541015625 0.033203125 0.1318359375 0.06640625
1 0.3115234375 0.0537109375 0.134765625 0.1083984375
1 0.087890625 0.09375 0.12890625 0.0830078125
1 0.162109375 0.1982421875 0.158203125 0.1318359375
1 0.337890625 0.142578125 0.0966796875 0.083984375
1 0.7119140625 0.025390625 0.302734375 0.05078125
1 0.671875 0.232421875 0.0791015625 0.0908203125
1 0.798828125 0.23828125 0.0703125 0.1025390625
1 0.2822265625 0.357421875 0.095703125 0.1416015625
1 0.208984375 0.4169921875 0.1025390625 0.0830078125
1 0.0263671875 0.333984375 0.052734375 0.05859375
1 0.068359375 0.533203125 0.13671875 0.0927734375
1 0.18359375 0.6435546875 0.103515625 0.140625
1 0.0771484375 0.638671875 0.06640625 0.0859375
1 0.1328125 0.763671875 0.1240234375 0.072265625
1 0.267578125 0.7841796875 0.0595703125 0.052734375
1 0.3544921875 0.76953125 0.0888671875 0.1220703125
1 0.44921875 0.927734375 0.1357421875 0.1142578125
1 0.408203125 0.978515625 0.064453125 0.0419921875
1 0.51953125 0.7548828125 0.0849609375 0.2421875
1 0.5751953125 0.8798828125 0.154296875 0.0888671875
1 0.625 0.958984375 0.0908203125 0.08203125
1 0.7451171875 0.6220703125 0.0693359375 0.1357421875
1 0.6484375 0.4658203125 0.1572265625 0.111328125
1 0.5146484375 0.5029296875 0.044921875 0.0625
1 0.8076171875 0.41796875 0.078125 0.0869140625
1 0.84765625 0.3232421875 0.0625 0.05859375
1 0.9462890625 0.9423828125 0.0830078125 0.1142578125
1 0.9375 0.6962890625 0.0732421875 0.08984375
1 0.904296875 0.6298828125 0.0537109375 0.0810546875
1 0.943359375 0.572265625 0.0693359375 0.0712890625
1 0.96875 0.484375 0.0625 0.072265625
1 0.970703125 0.3974609375 0.05859375 0.0615234375
1 0.982421875 0.283203125 0.03515625 0.0576171875
1 0.01953125 0.7685546875 0.0400390625 0.0634765625
1 0.6064453125 0.69921875 0.1259765625 0.0888671875
1 0.654296875 0.8232421875 0.1220703125 0.08203125
1 0.5009765625 0.37109375 0.0732421875 0.0654296875
