1 0.5087890625 0.087890625 0.07421875 0.0947265625
1 0.75390625 0.2900390625 0.0830078125 0.14453125
1 0.0146484375 0.3955078125 0.0302734375 0.087890625
1 0.80078125 0.810546875 0.0595703125 0.087890625
1 0.3857421875 0.86328125 0.1416015625 0.05859375
1 0.130859375 0.1044921875 0.0849609375 0.0966796875
1 0.7021484375 0.7109375 0.07421875 0.0634765625
1 0.50390625 0.7607421875 0.033203125 0.1162109375
1 0.572265625 0.5029296875 0.083984375 0.0703125
1 0.22265625 0.546875 0.1201171875 0.0615234375
1 0.9267578125 0.451171875 0.0390625 0.0830078125
1 0.9072265625 0.5380859375 0.037109375 0.0654296875
1 0.65625 0.732421875 0.0751953125 0.05078125
1 0.923828125 0.1943359375 0.083984375 0.0517578125
1 0.75 0.5537109375 0.0908203125 0.0498046875
1 0.421875 0.13671875 0.095703125 0.0615234375
1 0.126953125 0.3544921875 0.1279296875 0.107421875
1 0.6396484375 0.4267578125 0.07421875 0.0546875
1 0.6669921875 0.3984375 0.046875 0.0712890625
1 0.0185546875 0.478515625 0.0380859375 0.0498046875
1 0.0439453125 0.734375 0.0888671875 0.0380859375
1 0.0947265625 0.3681640625 0.078125 0.068359375
1 0.31640625 0.1962890625 0.0615234375 0.0615234375
1 0.1201171875 0.67578125 0.0615234375 0.072265625
1 0.08203125 0.9130859375 0.087890625 0.044921875
1 0.4619140625 0.7021484375 0.080078125 0.0810546875
1 0.416015625 0.6328125 0.0537109375 0.080078125
1 0.173828125 0.625 0.076171875 0.037109375
1 0.7373046875 0.8583984375 0.0615234375 0.0498046875
1 0.6904296875 0.05078125 0.0732421875 0.052734375
1 0.130859375 0.0361328125 0.07421875 0.033203125
1 0.275390625 0.86328125 0.056640625 0.044921875
1 0.5595703125 0.4609375 0.0966796875 0.03515625
1 0.37109375 0.5234375 0.10546875 0.037109375
1 0.6171875 0.3642578125 0.06640625 0.0693359375
1 0.845703125 0.607421875 0.0830078125 0.03515625
1 0.453125 0.5029296875 0.0625 0.025390625
1 0.05078125 0.462890625 0.0244140625 0.0693359375
1 0.7626953125 0.634765625 0.048828125 0.03125
1 0.49609375 0.564453125 0.056640625 0.041015625
1 0.427734375 0.2177734375 0.0458984375 0.080078125
1 0.2265625 0.9111328125 0.099609375 0.033203125
1 0.376953125 0.5830078125 0.0810546875 0.03515625
1 0.4619140625 0.9736328125 0.09375 0.0263671875
1 0.849609375 0.02734375 0.0869140625 0.044921875
1 0.4267578125 0.0068359375 0.068359375 0.0146484375
1 0.66015625 0.66015625 0.0615234375 0.041015625
1 0.392578125 0.7841796875 0.1142578125 0.1064453125
1 0.0439453125 0.4580078125 0.0283203125 0.06640625
1 0.4306640625 0.0859375 0.1318359375 0.0849609375
1 0.505859375 0.4306640625 0.046875 0.0693359375
1 0.30078125 0.7236328125 0.1396484375 0.0888671875
1 0.955078125 0.6474609375 0.080078125 0.052734375
1 0.0244140625 0.8740234375 0.0498046875 0.041015625
1 0.45703125 0.0966796875 0.0732421875 0.0693359375
1 0.9052734375 0.6435546875 0.1162109375 0.029296875
1 0.7021484375 0.0078125 0.0830078125 0.015625
