1 0.3134765625 0.056640625 0.056640625 0.1142578125
1 0.0537109375 0.05859375 0.09375 0.0595703125
1 0.1923828125 0.0888671875 0.072265625 0.06640625
1 0.2578125 0.0439453125 0.0498046875 0.056640625
1 0.0537109375 0.1396484375 0.0517578125 0.0830078125
1 0.115234375 0.119140625 0.0947265625 0.0751953125
1 0.3896484375 0.140625 0.0927734375 0.087890625
1 0.4287109375 0.23046875 0.0859375 0.0732421875
1 0.0634765625 0.3076171875 0.072265625 0.0546875
1 0.228515625 0.2900390625 0.115234375 0.1064453125
1 0.2900390625 0.4013671875 0.0751953125 0.0732421875
1 0.392578125 0.4287109375 0.099609375 0.095703125
1 0.2548828125 0.4755859375 0.080078125 0.0830078125
1 0.2978515625 0.5400390625 0.0693359375 0.056640625
1 0.388671875 0.5107421875 0.0751953125 0.0625
1 0.16796875 0.7109375 0.06640625 0.1025390625
1 0.267578125 0.7412109375 0.0712890625 0.068359375
1 0.349609375 0.638671875 0.1103515625 0.0751953125
1 0.373046875 0.7177734375 0.0947265625 0.0908203125
1 0.333984375 0.77734375 0.068359375 0.076171875
1 0.109375 0.845703125 0.06640625 0.0634765625
1 0.0390625 0.7685546875 0.0654296875 0.0537109375
1 0.1064453125 0.9541015625 0.115234375 0.056640625
1 0.5048828125 0.8017578125 0.0478515625 0.0673828125
1 0.6103515625 0.71875 0.080078125 0.0908203125
1 0.58984375 0.5810546875 0.064453125 0.0625
1 0.8291015625 0.611328125 0.07421875 0.0947265625
1 0.7470703125 0.796875 0.0615234375 0.0498046875
1 0.83984375 0.779296875 0.09375 0.076171875
1 0.8583984375 0.7060546875 0.1240234375 0.0751953125
1 0.634765625 0.390625 0.0712890625 0.068359375
1 0.6025390625 0.447265625 0.07421875 0.0888671875
1 0.6572265625 0.4951171875 0.099609375 0.09375
1 0.76171875 0.5390625 0.111328125 0.123046875
1 0.8154296875 0.4951171875 0.1005859375 0.056640625
1 0.80078125 0.2412109375 0.0703125 0.064453125
1 0.5361328125 0.1669921875 0.0859375 0.0546875
1 0.6708984375 0.1806640625 0.0908203125 0.068359375
1 0.6865234375 0.1181640625 0.060546875 0.0791015625
1 0.8330078125 0.138671875 0.052734375 0.07421875
1 0.796875 0.048828125 0.052734375 0.0771484375
1 0.0517578125 0.5 0.060546875 0.0576171875
1 0.02734375 0.8720703125 0.0478515625 0.06640625
1 0.3037109375 0.4814453125 0.068359375 0.10546875
