1 0.0185546875 0.173828125 0.037109375 0.0849609375
1 0.3876953125 0.9208984375 0.1181640625 0.072265625
1 0.68359375 0.421875 0.1171875 0.1298828125
1 0.29296875 0.78515625 0.1572265625 0.0830078125
1 0.513671875 0.576171875 0.107421875 0.0751953125
1 0.255859375 0.3681640625 0.09765625 0.078125
1 0.4404296875 0.388671875 0.0771484375 0.0625
1 0.6865234375 0.689453125 0.1142578125 0.060546875
1 0.51171875 0.4755859375 0.1650390625 0.087890625
1 0.783203125 0.474609375 0.078125 0.099609375
1 0.0361328125 0.8046875 0.072265625 0.0869140625
1 0.2236328125 0.26171875 0.072265625 0.08984375
1 0.7763671875 0.556640625 0.1552734375 0.0751953125
1 0.6357421875 0.853515625 0.15234375 0.08203125
1 0.0615234375 0.2294921875 0.1044921875 0.10546875
1 0.0546875 0.7177734375 0.080078125 0.0673828125
1 0.4921875 0.8447265625 0.080078125 0.0703125
1 0.2470703125 0.701171875 0.14453125 0.1298828125
1 0.880859375 0.67578125 0.091796875 0.068359375
1 0.671875 0.921875 0.125 0.064453125
1 0.521484375 0.7841796875 0.0908203125 0.0693359375
1 0.1279296875 0.3896484375 0.0869140625 0.080078125
1 0.2958984375 0.5615234375 0.107421875 0.0751953125
1 0.556640625 0.6591796875 0.1455078125 0.0849609375
1 0.3330078125 0.08203125 0.0830078125 0.099609375
1 0.2958984375 0.1904296875 0.087890625 0.0927734375
1 0.4287109375 0.7490234375 0.107421875 0.0849609375
1 0.8515625 0.3388671875 0.1298828125 0.1005859375
1 0.1884765625 0.03515625 0.087890625 0.0673828125
1 0.91796875 0.9345703125 0.1474609375 0.0703125
1 0.29296875 0.9580078125 0.0673828125 0.0830078125
1 0.2138671875 0.5791015625 0.0751953125 0.0693359375
1 0.75390625 0.1357421875 0.1005859375 0.072265625
1 0.7919921875 0.76171875 0.095703125 0.0654296875
1 0.5673828125 0.1025390625 0.1025390625 0.0927734375
1 0.869140625 0.8603515625 0.0751953125 0.0576171875
1 0.2744140625 0.4521484375 0.060546875 0.060546875
1 0.2529296875 0.126953125 0.0673828125 0.0546875
1 0.8017578125 0.1611328125 0.099609375 0.072265625
1 0.6494140625 0.2470703125 0.150390625 0.14453125
1 0.8642578125 0.0361328125 0.099609375 0.0625
1 0.359375 0.3515625 0.064453125 0.0693359375
1 0.8623046875 0.7705078125 0.115234375 0.0830078125
1 0.412109375 0.4716796875 0.0546875 0.044921875
1 0.490234375 0.0517578125 0.0771484375 0.0751953125
1 0.697265625 0.294921875 0.150390625 0.080078125
1 0.064453125 0.021484375 0.095703125 0.0400390625
1 0.2109375 0.1044921875 0.0625 0.0546875
1 0.9609375 0.59375 0.072265625 0.0751953125
1 0.9638671875 0.3388671875 0.0654296875 0.0654296875
1 0.853515625 0.4931640625 0.08203125 0.09765625
1 0.794921875 0.029296875 0.125 0.0546875
1 0.5517578125 0.0478515625 0.099609375 0.0625
1 0.943359375 0.185546875 0.109375 0.0751953125
1 0.966796875 0.8701171875 0.0654296875 0.0673828125
1 0.9736328125 0.0732421875 0.0517578125 0.0703125
1 0.658203125 0.955078125 0.091796875 0.0478515625
1 0.1796875 0.8955078125 0.10546875 0.0830078125
1 0.9609375 0.77734375 0.078125 0.0703125
1 0.4619140625 0.783203125 0.0498046875 0.033203125
1 0.6357421875 0.6396484375 0.091796875 0.060546875
1 0.9560546875 0.404296875 0.087890625 0.0703125
1 0.982421875 0.1708984375 0.03515625 0.0625
