1 0.8564453125 0.0205078125 0.0576171875 0.0419921875
1 0.5380859375 0.0263671875 0.09375 0.052734375
1 0.333984375 0.0263671875 0.0732421875 0.052734375
1 0.2802734375 0.0634765625 0.0849609375 0.0517578125
1 0.12109375 0.0166015625 0.0859375 0.0322265625
1 0.1103515625 0.4013671875 0.1005859375 0.060546875
1 0.0849609375 0.3974609375 0.0859375 0.0830078125
1 0.0498046875 0.255859375 0.080078125 0.0576171875
1 0.0166015625 0.177734375 0.033203125 0.0576171875
1 0.181640625 0.2666015625 0.05078125 0.0556640625
1 0.2509765625 0.1376953125 0.0615234375 0.0419921875
1 0.2255859375 0.142578125 0.0439453125 0.0439453125
1 0.373046875 0.2763671875 0.0791015625 0.0478515625
1 0.232421875 0.40625 0.0634765625 0.08203125
1 0.361328125 0.4306640625 0.0498046875 0.0556640625
1 0.46484375 0.3193359375 0.09375 0.0791015625
1 0.474609375 0.376953125 0.05859375 0.0712890625
1 0.521484375 0.427734375 0.07421875 0.0625
1 0.6181640625 0.267578125 0.1123046875 0.060546875
1 0.5595703125 0.244140625 0.0556640625 0.0576171875
1 0.4189453125 0.1064453125 0.0625 0.0751953125
1 0.5478515625 0.12109375 0.07421875 0.0546875
1 0.740234375 0.25390625 0.05078125 0.0634765625
1 0.7548828125 0.34765625 0.0556640625 0.0498046875
1 0.822265625 0.4462890625 0.0537109375 0.0693359375
1 0.818359375 0.283203125 0.083984375 0.0576171875
1 0.8466796875 0.263671875 0.0693359375 0.1083984375
1 0.9306640625 0.2666015625 0.0888671875 0.0478515625
1 0.9599609375 0.177734375 0.080078125 0.068359375
1 0.986328125 0.154296875 0.02734375 0.0517578125
1 0.8466796875 0.5419921875 0.1337890625 0.09375
1 0.91015625 0.56640625 0.0791015625 0.09765625
1 0.9287109375 0.6796875 0.064453125 0.0673828125
1 0.9736328125 0.865234375 0.0517578125 0.05078125
1 0.91015625 0.931640625 0.064453125 0.0888671875
1 0.82421875 0.892578125 0.04296875 0.0830078125
1 0.734375 0.82421875 0.04296875 0.0380859375
1 0.6689453125 0.7451171875 0.0537109375 0.056640625
1 0.6552734375 0.8173828125 0.0439453125 0.0546875
1 0.6103515625 0.8525390625 0.103515625 0.0625
1 0.626953125 0.6337890625 0.0771484375 0.0634765625
1 0.5966796875 0.673828125 0.0869140625 0.080078125
1 0.462890625 0.66796875 0.0498046875 0.0615234375
1 0.404296875 0.7158203125 0.0634765625 0.046875
1 0.376953125 0.8466796875 0.0673828125 0.103515625
1 0.49609375 0.9150390625 0.0576171875 0.0888671875
1 0.416015625 0.96484375 0.0771484375 0.060546875
1 0.3515625 0.54296875 0.076171875 0.0390625
1 0.240234375 0.5810546875 0.1064453125 0.07421875
1 0.1962890625 0.7236328125 0.0595703125 0.06640625
1 0.162109375 0.7265625 0.0517578125 0.044921875
1 0.279296875 0.677734375 0.072265625 0.072265625
1 0.298828125 0.7333984375 0.0791015625 0.0556640625
1 0.150390625 0.57421875 0.0693359375 0.0615234375
