1 0.4716796875 0.166015625 0.0576171875 0.0849609375
1 0.2900390625 0.6748046875 0.0791015625 0.0654296875
1 0.3310546875 0.3173828125 0.064453125 0.1103515625
1 0.9521484375 0.1025390625 0.080078125 0.09765625
1 0.255859375 0.294921875 0.064453125 0.083984375
1 0.908203125 0.9326171875 0.11328125 0.0908203125
1 0.890625 0.5908203125 0.09765625 0.1103515625
1 0.4765625 0.4169921875 0.103515625 0.083984375
1 0.84765625 0.8857421875 0.09765625 0.076171875
1 0.3955078125 0.36328125 0.07421875 0.1044921875
1 0.7431640625 0.1435546875 0.0810546875 0.083984375
1 0.8671875 0.1025390625 0.07421875 0.0712890625
1 0.4873046875 0.8232421875 0.080078125 0.08984375
1 0.4443359375 0.2783203125 0.09375 0.1171875
1 0.3251953125 0.9765625 0.107421875 0.046875
1 0.81640625 0.9638671875 0.08203125 0.072265625
1 0.1650390625 0.20703125 0.09375 0.1455078125
1 0.396484375 0.201171875 0.080078125 0.1064453125
1 0.060546875 0.732421875 0.09375 0.0927734375
1 0.9697265625 0.7099609375 0.060546875 0.0986328125
1 0.90625 0.232421875 0.1005859375 0.1044921875
1 0.1982421875 0.7646484375 0.08984375 0.1142578125
1 0.5439453125 0.201171875 0.1142578125 0.0732421875
1 0.9453125 0.6728515625 0.0703125 0.1396484375
1 0.0185546875 0.8388671875 0.037109375 0.087890625
1 0.0498046875 0.025390625 0.1005859375 0.05078125
1 0.447265625 0.5361328125 0.0810546875 0.0947265625
1 0.0498046875 0.466796875 0.0830078125 0.0859375
1 0.6064453125 0.0263671875 0.126953125 0.0537109375
1 0.1845703125 0.9404296875 0.1005859375 0.1005859375
1 0.208984375 0.6328125 0.0966796875 0.0908203125
1 0.21875 0.2060546875 0.0673828125 0.046875
1 0.287109375 0.2001953125 0.068359375 0.0673828125
1 0.25390625 0.1220703125 0.072265625 0.109375
1 0.203125 0.119140625 0.06640625 0.0849609375
1 0.7421875 0.4287109375 0.0478515625 0.0517578125
1 0.810546875 0.0400390625 0.0693359375 0.0810546875
1 0.9345703125 0.046875 0.0771484375 0.0869140625
