1 0.19140625 0.126953125 0.0771484375 0.0791015625
1 0.0673828125 0.1845703125 0.134765625 0.0439453125
1 0.431640625 0.0966796875 0.13671875 0.0625
1 0.490234375 0.041015625 0.0546875 0.0537109375
1 0.3876953125 0.0283203125 0.083984375 0.0576171875
1 0.2353515625 0.0166015625 0.0849609375 0.033203125
1 0.6396484375 0.1904296875 0.068359375 0.1044921875
1 0.7529296875 0.2353515625 0.10546875 0.0654296875
1 0.833984375 0.2041015625 0.0810546875 0.0576171875
1 0.90234375 0.2353515625 0.0791015625 0.068359375
1 0.8017578125 0.14453125 0.0595703125 0.0595703125
1 0.8447265625 0.099609375 0.08203125 0.041015625
1 0.6904296875 0.17578125 0.0849609375 0.05078125
1 0.5498046875 0.28125 0.0947265625 0.06640625
1 0.6259765625 0.279296875 0.0703125 0.0517578125
1 0.4970703125 0.3134765625 0.1181640625 0.0693359375
1 0.4482421875 0.3359375 0.109375 0.0439453125
1 0.3671875 0.396484375 0.158203125 0.0439453125
1 0.1982421875 0.396484375 0.0498046875 0.0439453125
1 0.1123046875 0.4580078125 0.1533203125 0.0615234375
1 0.142578125 0.3818359375 0.0693359375 0.0498046875
1 0.021484375 0.32421875 0.0439453125 0.044921875
1 0.0849609375 0.349609375 0.0380859375 0.0498046875
1 0.1416015625 0.3115234375 0.0498046875 0.060546875
1 0.2177734375 0.294921875 0.0888671875 0.0810546875
1 0.30078125 0.2939453125 0.0400390625 0.05859375
1 0.099609375 0.2529296875 0.052734375 0.056640625
1 0.6748046875 0.4833984375 0.0595703125 0.056640625
1 0.7841796875 0.5205078125 0.064453125 0.068359375
1 0.8251953125 0.4755859375 0.06640625 0.060546875
1 0.89453125 0.4453125 0.0537109375 0.05859375
1 0.8271484375 0.3662109375 0.083984375 0.048828125
1 0.8310546875 0.322265625 0.05078125 0.0546875
1 0.9189453125 0.0263671875 0.064453125 0.052734375
1 0.42578125 0.501953125 0.052734375 0.0810546875
1 0.3408203125 0.4990234375 0.0830078125 0.046875
1 0.205078125 0.5986328125 0.0908203125 0.080078125
1 0.0791015625 0.572265625 0.09375 0.0458984375
1 0.5732421875 0.6376953125 0.16796875 0.07421875
1 0.73828125 0.5625 0.0927734375 0.05078125
1 0.814453125 0.6416015625 0.0849609375 0.0498046875
1 0.884765625 0.6376953125 0.1708984375 0.087890625
1 0.9833984375 0.7392578125 0.0322265625 0.0546875
1 0.3701171875 0.703125 0.0654296875 0.0791015625
1 0.3388671875 0.7236328125 0.0576171875 0.0673828125
1 0.4443359375 0.7548828125 0.1103515625 0.056640625
1 0.5185546875 0.7353515625 0.05859375 0.046875
1 0.5751953125 0.767578125 0.1318359375 0.0712890625
1 0.701171875 0.787109375 0.06640625 0.07421875
1 0.791015625 0.7998046875 0.07421875 0.0771484375
1 0.7646484375 0.8564453125 0.119140625 0.0517578125
1 0.8544921875 0.798828125 0.083984375 0.0693359375
1 0.8671875 0.8544921875 0.046875 0.1123046875
1 0.982421875 0.8671875 0.0341796875 0.0625
1 0.9716796875 0.8857421875 0.0556640625 0.0751953125
1 0.2216796875 0.7294921875 0.109375 0.0517578125
1 0.2265625 0.833984375 0.10546875 0.0400390625
1 0.396484375 0.8330078125 0.0498046875 0.0703125
1 0.4287109375 0.8427734375 0.0703125 0.0595703125
1 0.4453125 0.93359375 0.05078125 0.1103515625
1 0.529296875 0.8994140625 0.0693359375 0.08984375
1 0.646484375 0.9462890625 0.06640625 0.091796875
1 0.67578125 0.978515625 0.0869140625 0.04296875
1 0.77734375 0.9345703125 0.080078125 0.0693359375
1 0.23828125 0.916015625 0.0419921875 0.0908203125
1 0.328125 0.9697265625 0.103515625 0.05859375
1 0.2314453125 0.978515625 0.0888671875 0.0419921875
1 0.140625 0.837890625 0.09765625 0.0390625
1 0.134765625 0.8935546875 0.0908203125 0.0712890625
1 0.056640625 0.8720703125 0.046875 0.0771484375
1 0.0517578125 0.802734375 0.0615234375 0.04296875
1 0.0869140625 0.9521484375 0.103515625 0.056640625
1 0.1982421875 0.9365234375 0.060546875 0.0712890625
1 0.9697265625 0.8056640625 0.0458984375 0.06640625
1 0.3310546875 0.8203125 0.0712890625 0.064453125
1 0.337890625 0.76953125 0.091796875 0.04296875
1 0.197265625 0.7666015625 0.064453125 0.0478515625
1 0.3974609375 0.517578125 0.1044921875 0.05859375
1 0.2255859375 0.7060546875 0.0888671875 0.0439453125
1 0.669921875 0.5224609375 0.0615234375 0.060546875
1 0.84375 0.390625 0.0341796875 0.04296875
