1 0.3212890625 0.322265625 0.1103515625 0.08984375
1 0.533203125 0.1669921875 0.1025390625 0.08984375
1 0.4580078125 0.26171875 0.1123046875 0.0947265625
1 0.3876953125 0.4365234375 0.1279296875 0.0849609375
1 0.32421875 0.759765625 0.0849609375 0.0703125
1 0.7919921875 0.599609375 0.0703125 0.0546875
1 0.4677734375 0.9521484375 0.17578125 0.0947265625
1 0.6953125 0.375 0.0771484375 0.0927734375
1 0.943359375 0.275390625 0.107421875 0.0771484375
1 0.7060546875 0.11328125 0.107421875 0.068359375
1 0.73828125 0.0380859375 0.078125 0.0625
1 0.267578125 0.89453125 0.1123046875 0.099609375
1 0.92578125 0.072265625 0.0625 0.0546875
1 0.8720703125 0.6708984375 0.080078125 0.091796875
1 0.103515625 0.650390625 0.08203125 0.0927734375
1 0.3369140625 0.576171875 0.1044921875 0.080078125
1 0.19921875 0.2568359375 0.1376953125 0.0693359375
1 0.509765625 0.05078125 0.1796875 0.0771484375
1 0.900390625 0.751953125 0.091796875 0.0595703125
