1 0.0791015625 0.0927734375 0.107421875 0.1181640625
1 0.8671875 0.2001953125 0.060546875 0.0595703125
1 0.7333984375 0.1689453125 0.0556640625 0.064453125
1 0.3505859375 0.353515625 0.205078125 0.2421875
1 0.1240234375 0.0732421875 0.1162109375 0.1162109375
1 0.2236328125 0.10546875 0.103515625 0.1474609375
1 0.126953125 0.0380859375 0.1201171875 0.07421875
1 0.369140625 0.1748046875 0.1640625 0.076171875
1 0.1298828125 0.693359375 0.2607421875 0.1025390625
1 0.8505859375 0.087890625 0.1171875 0.169921875
1 0.6435546875 0.1748046875 0.1787109375 0.1611328125
1 0.1357421875 0.5322265625 0.109375 0.228515625
1 0.396484375 0.748046875 0.1962890625 0.087890625
1 0.607421875 0.6201171875 0.13671875 0.087890625
1 0.369140625 0.5859375 0.251953125 0.1728515625
1 0.7734375 0.8466796875 0.0615234375 0.0546875
1 0.6005859375 0.5927734375 0.1533203125 0.09765625
1 0.4814453125 0.166015625 0.1240234375 0.0849609375
1 0.4384765625 0.41796875 0.1953125 0.111328125
1 0.7099609375 0.673828125 0.103515625 0.044921875
