1 0.892578125 0.9033203125 0.125 0.1201171875
1 0.208984375 0.15625 0.11328125 0.123046875
1 0.9296875 0.0458984375 0.1162109375 0.091796875
1 0.455078125 0.650390625 0.138671875 0.1298828125
1 0.51171875 0.4267578125 0.125 0.134765625
1 0.173828125 0.8232421875 0.1201171875 0.2333984375
1 0.6904296875 0.388671875 0.099609375 0.0888671875
1 0.5615234375 0.3505859375 0.1748046875 0.1171875
1 0.1787109375 0.0341796875 0.142578125 0.0693359375
1 0.0859375 0.6123046875 0.1279296875 0.123046875
1 0.0615234375 0.708984375 0.1201171875 0.0849609375
1 0.080078125 0.8515625 0.0927734375 0.1005859375
1 0.0966796875 0.7763671875 0.103515625 0.07421875
