1 0.2392578125 0.1708984375 0.1044921875 0.08203125
1 0.3291015625 0.064453125 0.080078125 0.080078125
1 0.23828125 0.025390625 0.1015625 0.0517578125
1 0.9326171875 0.14453125 0.1220703125 0.099609375
1 0.1796875 0.9453125 0.10546875 0.1025390625
1 0.94921875 0.7255859375 0.1005859375 0.1572265625
1 0.1015625 0.4619140625 0.0654296875 0.0546875
1 0.251953125 0.845703125 0.125 0.107421875
1 0.7783203125 0.0673828125 0.0966796875 0.0732421875
1 0.271484375 0.5478515625 0.1142578125 0.1123046875
1 0.2978515625 0.5703125 0.0830078125 0.0771484375
1 0.9609375 0.615234375 0.0771484375 0.0703125
1 0.0634765625 0.595703125 0.09375 0.1123046875
1 0.8896484375 0.2509765625 0.125 0.126953125
1 0.08203125 0.794921875 0.103515625 0.1005859375
1 0.8681640625 0.63671875 0.0771484375 0.0947265625
1 0.3505859375 0.8916015625 0.1025390625 0.1103515625
1 0.0341796875 0.0517578125 0.0654296875 0.099609375
1 0.0517578125 0.3427734375 0.1005859375 0.0830078125
1 0.828125 0.76171875 0.087890625 0.0703125
1 0.779296875 0.1708984375 0.0673828125 0.0703125
