1 0.9541015625 0.1728515625 0.0908203125 0.0869140625
1 0.703125 0.345703125 0.080078125 0.0693359375
1 0.8115234375 0.5576171875 0.0693359375 0.0927734375
1 0.9501953125 0.3095703125 0.0986328125 0.0849609375
1 0.970703125 0.8369140625 0.0576171875 0.1201171875
1 0.7958984375 0.064453125 0.0771484375 0.12890625
1 0.8583984375 0.7197265625 0.078125 0.099609375
1 0.8017578125 0.2314453125 0.0498046875 0.0556640625
1 0.9755859375 0.4033203125 0.0478515625 0.08203125
1 0.6201171875 0.16796875 0.0654296875 0.080078125
1 0.935546875 0.533203125 0.0771484375 0.078125
1 0.9091796875 0.4541015625 0.080078125 0.0693359375
1 0.7666015625 0.6220703125 0.0908203125 0.07421875
1 0.8701171875 0.62109375 0.0869140625 0.072265625
1 0.9560546875 0.73046875 0.087890625 0.072265625
1 0.876953125 0.37109375 0.0546875 0.0908203125
1 0.9248046875 0.1435546875 0.0654296875 0.0751953125
