1 0.306640625 0.0419921875 0.0517578125 0.0849609375
1 0.8056640625 0.361328125 0.0595703125 0.1064453125
1 0.2548828125 0.94140625 0.064453125 0.11328125
1 0.9609375 0.95703125 0.056640625 0.0849609375
1 0.490234375 0.4560546875 0.06640625 0.091796875
1 0.6650390625 0.455078125 0.080078125 0.0771484375
1 0.0234375 0.6279296875 0.0478515625 0.0947265625
1 0.875 0.3095703125 0.0634765625 0.10546875
1 0.048828125 0.8681640625 0.078125 0.10546875
1 0.06640625 0.12109375 0.087890625 0.0927734375
1 0.890625 0.5869140625 0.0732421875 0.0625
1 0.1123046875 0.2373046875 0.03125 0.1162109375
1 0.6865234375 0.962890625 0.0517578125 0.07421875
1 0.333984375 0.2958984375 0.080078125 0.091796875
1 0.4853515625 0.8740234375 0.048828125 0.080078125
1 0.0859375 0.4033203125 0.095703125 0.1171875
1 0.3974609375 0.39453125 0.0341796875 0.0810546875
1 0.47265625 0.25390625 0.0341796875 0.119140625
1 0.6669921875 0.3173828125 0.0771484375 0.0869140625
1 0.6328125 0.693359375 0.052734375 0.08203125
1 0.208984375 0.9296875 0.072265625 0.1181640625
1 0.07421875 0.2861328125 0.0654296875 0.087890625
1 0.5341796875 0.3984375 0.123046875 0.0791015625
1 0.0361328125 0.4541015625 0.0615234375 0.072265625
1 0.50390625 0.9267578125 0.083984375 0.0478515625
1 0.1953125 0.34765625 0.05859375 0.1171875
1 0.9091796875 0.6875 0.0712890625 0.0498046875
1 0.962890625 0.40234375 0.033203125 0.05859375
1 0.759765625 0.1142578125 0.0380859375 0.107421875
1 0.615234375 0.3369140625 0.0927734375 0.0654296875
1 0.353515625 0.771484375 0.0634765625 0.06640625
1 0.0625 0.63671875 0.0888671875 0.0859375
1 0.6083984375 0.107421875 0.0263671875 0.0654296875
1 0.6982421875 0.794921875 0.0283203125 0.078125
1 0.955078125 0.5087890625 0.0625 0.0400390625
1 0.54296875 0.8037109375 0.0615234375 0.0517578125
1 0.5810546875 0.5322265625 0.0576171875 0.05859375
1 0.599609375 0.705078125 0.02734375 0.07421875
1 0.0146484375 0.8759765625 0.0302734375 0.0546875
1 0.8125 0.8330078125 0.05859375 0.0439453125
1 0.7607421875 0.927734375 0.048828125 0.0654296875
1 0.58203125 0.1123046875 0.0439453125 0.0673828125
1 0.556640625 0.5400390625 0.05859375 0.0654296875
1 0.6533203125 0.1650390625 0.0517578125 0.06640625
1 0.4189453125 0.9697265625 0.0380859375 0.060546875
1 0.7578125 0.953125 0.06640625 0.0498046875
1 0.91015625 0.7646484375 0.0595703125 0.0478515625
1 0.1826171875 0.41015625 0.1171875 0.044921875
1 0.7265625 0.6767578125 0.0390625 0.107421875
1 0.0595703125 0.7109375 0.0947265625 0.052734375
1 0.765625 0.8896484375 0.046875 0.068359375
1 0.4296875 0.970703125 0.0380859375 0.0576171875
1 0.5263671875 0.2509765625 0.0439453125 0.0849609375
1 0.3779296875 0.0693359375 0.0400390625 0.0595703125
1 0.755859375 0.984375 0.037109375 0.03125
1 0.634765625 0.982421875 0.083984375 0.03515625
1 0.1669921875 0.2177734375 0.0380859375 0.0703125
1 0.89453125 0.45703125 0.0517578125 0.0576171875
1 0.5927734375 0.2919921875 0.0751953125 0.04296875
1 0.107421875 0.703125 0.087890625 0.0966796875
1 0.1767578125 0.9794921875 0.09375 0.0400390625
1 0.3212890625 0.93359375 0.12109375 0.0927734375
1 0.2763671875 0.7578125 0.07421875 0.0390625
1 0.5 0.71875 0.0390625 0.033203125
1 0.970703125 0.888671875 0.0478515625 0.0361328125
1 0.2646484375 0.2958984375 0.15234375 0.1533203125
1 0.73046875 0.5185546875 0.029296875 0.0625
1 0.19921875 0.291015625 0.0751953125 0.03125
1 0.8837890625 0.0908203125 0.037109375 0.0478515625
1 0.115234375 0.3701171875 0.0751953125 0.0478515625
1 0.390625 0.6240234375 0.0498046875 0.0390625
1 0.1845703125 0.4384765625 0.0927734375 0.046875
1 0.703125 0.0166015625 0.0244140625 0.033203125
1 0.2998046875 0.1484375 0.0517578125 0.0263671875
1 0.197265625 0.1455078125 0.0615234375 0.0634765625
1 0.9716796875 0.0458984375 0.056640625 0.0712890625
1 0.1083984375 0.3251953125 0.0693359375 0.0615234375
