1 0.21484375 0.1806640625 0.115234375 0.158203125
1 0.5966796875 0.68359375 0.0947265625 0.09765625
1 0.4794921875 0.3623046875 0.16015625 0.09375
1 0.2099609375 0.564453125 0.1123046875 0.1201171875
1 0.9423828125 0.0771484375 0.1025390625 0.109375
1 0.583984375 0.8232421875 0.2197265625 0.072265625
1 0.31640625 0.4423828125 0.09765625 0.1064453125
1 0.484375 0.9560546875 0.11328125 0.078125
1 0.9404296875 0.1611328125 0.1123046875 0.09765625
1 0.9189453125 0.3662109375 0.1142578125 0.11328125
1 0.349609375 0.0390625 0.134765625 0.0771484375
1 0.6279296875 0.869140625 0.2431640625 0.0751953125
1 0.962890625 0.642578125 0.07421875 0.103515625
1 0.0791015625 0.5078125 0.056640625 0.0810546875
1 0.0595703125 0.16796875 0.080078125 0.1279296875
1 0.6220703125 0.142578125 0.205078125 0.1025390625
1 0.970703125 0.216796875 0.0576171875 0.0498046875
1 0.9375 0.912109375 0.125 0.0703125
