1 0.0615234375 0.0234375 0.0634765625 0.046875
1 0.1240234375 0.2177734375 0.0654296875 0.1044921875
1 0.130859375 0.33203125 0.052734375 0.0869140625
1 0.0546875 0.3291015625 0.072265625 0.083984375
1 0.0166015625 0.3818359375 0.033203125 0.080078125
1 0.4462890625 0.3720703125 0.0830078125 0.0859375
1 0.2548828125 0.3681640625 0.0712890625 0.0439453125
1 0.2490234375 0.4453125 0.0595703125 0.06640625
1 0.1298828125 0.4208984375 0.0869140625 0.056640625
1 0.0419921875 0.515625 0.068359375 0.0751953125
1 0.583984375 0.349609375 0.06640625 0.07421875
1 0.615234375 0.2373046875 0.0615234375 0.056640625
1 0.283203125 0.0234375 0.0595703125 0.044921875
1 0.35546875 0.021484375 0.08984375 0.0439453125
1 0.6689453125 0.0302734375 0.1142578125 0.0615234375
1 0.794921875 0.025390625 0.0859375 0.0517578125
1 0.8759765625 0.0205078125 0.0693359375 0.0419921875
1 0.8125 0.1064453125 0.0439453125 0.0400390625
1 0.875 0.3291015625 0.0673828125 0.083984375
1 0.953125 0.31640625 0.0849609375 0.07421875
1 0.8095703125 0.3671875 0.0654296875 0.0498046875
1 0.6728515625 0.392578125 0.0625 0.05078125
1 0.650390625 0.4453125 0.060546875 0.0361328125
1 0.638671875 0.4775390625 0.0615234375 0.048828125
1 0.615234375 0.517578125 0.1181640625 0.0595703125
1 0.7119140625 0.533203125 0.0908203125 0.046875
1 0.7236328125 0.5595703125 0.060546875 0.0673828125
1 0.763671875 0.6064453125 0.1083984375 0.05859375
1 0.8349609375 0.453125 0.08203125 0.0458984375
1 0.9638671875 0.4677734375 0.072265625 0.07421875
1 0.697265625 0.6708984375 0.0771484375 0.056640625
1 0.763671875 0.6767578125 0.0712890625 0.048828125
1 0.5009765625 0.513671875 0.0703125 0.0869140625
1 0.3125 0.806640625 0.0625 0.0537109375
1 0.0986328125 0.9453125 0.080078125 0.06640625
1 0.1484375 0.7646484375 0.05078125 0.0478515625
1 0.0302734375 0.875 0.052734375 0.0947265625
1 0.0205078125 0.9375 0.0419921875 0.044921875
1 0.064453125 0.7890625 0.0732421875 0.078125
1 0.7060546875 0.8037109375 0.0703125 0.0830078125
1 0.9521484375 0.7724609375 0.0947265625 0.0927734375
1 0.8310546875 0.9638671875 0.0703125 0.072265625
1 0.91796875 0.94140625 0.060546875 0.05859375
1 0.8056640625 0.7783203125 0.0791015625 0.0634765625
1 0.8701171875 0.8046875 0.060546875 0.0615234375
1 0.7958984375 0.84375 0.072265625 0.0771484375
1 0.75 0.859375 0.0546875 0.0517578125
1 0.6884765625 0.859375 0.05859375 0.056640625
1 0.6083984375 0.884765625 0.087890625 0.0595703125
1 0.6708984375 0.9443359375 0.1181640625 0.0947265625
1 0.703125 0.9248046875 0.06640625 0.0478515625
1 0.9306640625 0.36328125 0.0595703125 0.041015625
1 0.7001953125 0.1201171875 0.033203125 0.0283203125
1 0.517578125 0.01953125 0.052734375 0.03515625
1 0.3291015625 0.384765625 0.0341796875 0.033203125
1 0.1591796875 0.26171875 0.056640625 0.05078125
