1 0.6328125 0.17578125 0.0830078125 0.1015625
1 0.29296875 0.931640625 0.0830078125 0.0947265625
1 0.830078125 0.8330078125 0.0927734375 0.107421875
1 0.669921875 0.7041015625 0.16015625 0.1806640625
1 0.189453125 0.4365234375 0.0693359375 0.0703125
1 0.05078125 0.9267578125 0.1015625 0.0947265625
1 0.322265625 0.6064453125 0.1796875 0.1201171875
1 0.814453125 0.65625 0.150390625 0.1103515625
1 0.2490234375 0.3447265625 0.1357421875 0.099609375
1 0.3984375 0.2255859375 0.142578125 0.1728515625
1 0.1259765625 0.0810546875 0.08203125 0.09765625
1 0.03515625 0.865234375 0.0703125 0.07421875
1 0.1181640625 0.1455078125 0.126953125 0.0673828125
1 0.3896484375 0.12890625 0.080078125 0.1904296875
1 0.72265625 0.4169921875 0.1318359375 0.16015625
1 0.5341796875 0.0458984375 0.25 0.091796875
1 0.5322265625 0.3544921875 0.14453125 0.119140625
1 0.8828125 0.521484375 0.1572265625 0.0595703125
1 0.724609375 0.0478515625 0.134765625 0.0966796875
1 0.9306640625 0.6416015625 0.1376953125 0.080078125
1 0.3828125 0.57421875 0.1376953125 0.0546875
1 0.48046875 0.4404296875 0.1630859375 0.107421875
1 0.1904296875 0.0556640625 0.0869140625 0.1123046875
1 0.6806640625 0.48828125 0.1123046875 0.22265625
1 0.8779296875 0.482421875 0.2431640625 0.1025390625
1 0.8359375 0.9384765625 0.212890625 0.1220703125
1 0.6767578125 0.4345703125 0.1455078125 0.16015625
1 0.4404296875 0.7841796875 0.2021484375 0.1015625
1 0.962890625 0.7724609375 0.0732421875 0.0576171875
1 0.80078125 0.0302734375 0.1298828125 0.060546875
1 0.876953125 0.486328125 0.220703125 0.0595703125
1 0.400390625 0.44140625 0.1220703125 0.0654296875
1 0.677734375 0.958984375 0.2998046875 0.08203125
1 0.4765625 0.3544921875 0.1357421875 0.125
1 0.494140625 0.9521484375 0.1650390625 0.095703125
1 0.63671875 0.6279296875 0.1494140625 0.0380859375
1 0.7978515625 0.67578125 0.1318359375 0.0625
1 0.6142578125 0.4931640625 0.1298828125 0.037109375
1 0.470703125 0.4013671875 0.1025390625 0.0849609375
1 0.6357421875 0.0615234375 0.087890625 0.0908203125
1 0.470703125 0.7939453125 0.162109375 0.212890625
