1 0.4599609375 0.130859375 0.111328125 0.1630859375
1 0.5576171875 0.4052734375 0.1123046875 0.0849609375
1 0.6640625 0.2041015625 0.1669921875 0.1962890625
1 0.3876953125 0.3828125 0.2236328125 0.1572265625
1 0.1982421875 0.1279296875 0.068359375 0.1015625
1 0.15625 0.3232421875 0.0947265625 0.0830078125
1 0.5556640625 0.3359375 0.078125 0.0830078125
1 0.0556640625 0.0810546875 0.0830078125 0.12890625
1 0.0439453125 0.2451171875 0.087890625 0.138671875
1 0.0595703125 0.798828125 0.10546875 0.0947265625
1 0.048828125 0.9453125 0.0947265625 0.1083984375
1 0.0859375 0.0302734375 0.1103515625 0.056640625
1 0.1240234375 0.109375 0.060546875 0.11328125
1 0.099609375 0.1865234375 0.076171875 0.142578125
