1 0.462890625 0.0361328125 0.1162109375 0.064453125
1 0.6103515625 0.0634765625 0.0771484375 0.048828125
1 0.560546875 0.123046875 0.05078125 0.044921875
1 0.5 0.1513671875 0.052734375 0.0654296875
1 0.630859375 0.171875 0.0576171875 0.046875
1 0.673828125 0.205078125 0.0654296875 0.0458984375
1 0.5693359375 0.193359375 0.044921875 0.0439453125
1 0.5615234375 0.2421875 0.1455078125 0.068359375
1 0.6201171875 0.34765625 0.0859375 0.1298828125
1 0.701171875 0.318359375 0.0625 0.0830078125
1 0.7314453125 0.2958984375 0.107421875 0.095703125
1 0.5234375 0.3857421875 0.0654296875 0.0947265625
1 0.3466796875 0.408203125 0.1455078125 0.08203125
1 0.1748046875 0.3662109375 0.109375 0.0751953125
1 0.1484375 0.0791015625 0.0927734375 0.05078125
1 0.2197265625 0.1015625 0.078125 0.1513671875
1 0.3037109375 0.0498046875 0.0703125 0.0888671875
1 0.2734375 0.2529296875 0.111328125 0.076171875
1 0.353515625 0.2744140625 0.0888671875 0.05859375
1 0.3935546875 0.2216796875 0.080078125 0.0439453125
1 0.26953125 0.1728515625 0.0654296875 0.0478515625
1 0.29296875 0.5224609375 0.068359375 0.0634765625
1 0.3935546875 0.6259765625 0.0791015625 0.0478515625
1 0.08203125 0.6201171875 0.0703125 0.0947265625
1 0.158203125 0.662109375 0.11328125 0.0703125
1 0.2412109375 0.7744140625 0.0634765625 0.0751953125
1 0.0888671875 0.806640625 0.0615234375 0.0947265625
1 0.15234375 0.9072265625 0.0732421875 0.1376953125
1 0.0302734375 0.8935546875 0.056640625 0.140625
1 0.08984375 0.9189453125 0.091796875 0.1611328125
1 0.564453125 0.6826171875 0.087890625 0.0537109375
1 0.7158203125 0.6259765625 0.0634765625 0.0517578125
1 0.6474609375 0.7724609375 0.103515625 0.0791015625
1 0.55859375 0.78125 0.06640625 0.083984375
1 0.4443359375 0.779296875 0.05859375 0.05859375
1 0.482421875 0.775390625 0.0751953125 0.046875
1 0.5302734375 0.857421875 0.09765625 0.115234375
1 0.5654296875 0.857421875 0.0595703125 0.078125
1 0.734375 0.8525390625 0.1220703125 0.05859375
1 0.86328125 0.9658203125 0.0595703125 0.0673828125
1 0.8544921875 0.6787109375 0.076171875 0.0654296875
1 0.8427734375 0.5498046875 0.08984375 0.091796875
1 0.685546875 0.5126953125 0.125 0.0986328125
1 0.7578125 0.5322265625 0.0791015625 0.111328125
1 0.966796875 0.4658203125 0.0654296875 0.0498046875
1 0.95703125 0.4140625 0.0693359375 0.0537109375
1 0.9306640625 0.25390625 0.1318359375 0.068359375
1 0.767578125 0.072265625 0.0703125 0.14453125
1 0.8369140625 0.166015625 0.0546875 0.0693359375
1 0.8896484375 0.162109375 0.0595703125 0.060546875
1 0.9326171875 0.1962890625 0.046875 0.06640625
1 0.9716796875 0.1845703125 0.0556640625 0.0517578125
1 0.9267578125 0.0458984375 0.087890625 0.0888671875
1 0.8515625 0.0224609375 0.0556640625 0.0458984375
1 0.046875 0.126953125 0.0595703125 0.0712890625
1 0.853515625 0.4580078125 0.0400390625 0.06640625
