1 0.7880859375 0.349609375 0.09765625 0.0673828125
1 0.2197265625 0.69140625 0.1025390625 0.064453125
1 0.2421875 0.6279296875 0.064453125 0.0654296875
1 0.548828125 0.50390625 0.09375 0.083984375
1 0.916015625 0.28515625 0.0810546875 0.0703125
1 0.154296875 0.26953125 0.09375 0.076171875
1 0.1728515625 0.623046875 0.099609375 0.0595703125
1 0.2734375 0.3046875 0.0966796875 0.0712890625
1 0.0615234375 0.6123046875 0.1103515625 0.078125
1 0.6708984375 0.5458984375 0.080078125 0.0556640625
1 0.31640625 0.7490234375 0.107421875 0.064453125
1 0.931640625 0.595703125 0.07421875 0.0517578125
1 0.103515625 0.451171875 0.12109375 0.078125
1 0.2939453125 0.173828125 0.0986328125 0.041015625
1 0.4921875 0.1650390625 0.083984375 0.0546875
1 0.0830078125 0.1376953125 0.0986328125 0.0595703125
1 0.5654296875 0.1806640625 0.0791015625 0.0458984375
1 0.6787109375 0.44140625 0.09765625 0.0458984375
1 0.763671875 0.6455078125 0.0634765625 0.0390625
1 0.8359375 0.9765625 0.1015625 0.037109375
1 0.1328125 0.0244140625 0.095703125 0.0498046875
1 0.4296875 0.654296875 0.1220703125 0.072265625
1 0.771484375 0.4560546875 0.0517578125 0.0380859375
1 0.9775390625 0.6796875 0.044921875 0.046875
1 0.0546875 0.2509765625 0.10546875 0.048828125
1 0.5009765625 0.1240234375 0.091796875 0.0498046875
1 0.123046875 0.701171875 0.1318359375 0.041015625
1 0.77734375 0.06640625 0.123046875 0.0703125
1 0.2255859375 0.359375 0.095703125 0.03125
1 0.673828125 0.3916015625 0.0556640625 0.0654296875
1 0.810546875 0.474609375 0.0869140625 0.0390625
1 0.42578125 0.693359375 0.091796875 0.0517578125
1 0.5498046875 0.6962890625 0.05078125 0.0927734375
1 0.767578125 0.7314453125 0.052734375 0.0498046875
1 0.06640625 0.7470703125 0.130859375 0.041015625
1 0.3603515625 0.640625 0.0751953125 0.044921875
1 0.482421875 0.0302734375 0.0947265625 0.033203125
1 0.63671875 0.6611328125 0.056640625 0.0361328125
1 0.5244140625 0.2724609375 0.05859375 0.0478515625
1 0.7529296875 0.7529296875 0.0888671875 0.0380859375
1 0.6083984375 0.4140625 0.09765625 0.0654296875
1 0.2265625 0.5419921875 0.15234375 0.046875
1 0.4306640625 0.4873046875 0.1279296875 0.041015625
1 0.58984375 0.9814453125 0.0625 0.033203125
1 0.1669921875 0.4208984375 0.1064453125 0.0341796875
1 0.90234375 0.0390625 0.09375 0.0322265625
1 0.0546875 0.3740234375 0.1103515625 0.04296875
1 0.287109375 0.9580078125 0.1025390625 0.041015625
1 0.1767578125 0.98046875 0.0966796875 0.0390625
1 0.2890625 0.8388671875 0.1142578125 0.0390625
1 0.2314453125 0.794921875 0.0947265625 0.0458984375
1 0.0830078125 0.9365234375 0.1591796875 0.0595703125
1 0.982421875 0.4619140625 0.0341796875 0.0439453125
1 0.1357421875 0.0576171875 0.134765625 0.05859375
1 0.931640625 0.7919921875 0.091796875 0.041015625
1 0.037109375 0.8720703125 0.0751953125 0.025390625
1 0.4521484375 0.521484375 0.1005859375 0.0478515625
1 0.5556640625 0.7822265625 0.138671875 0.0537109375
1 0.951171875 0.541015625 0.0458984375 0.0205078125
1 0.7998046875 0.1494140625 0.091796875 0.0400390625
1 0.1337890625 0.880859375 0.1220703125 0.0322265625
1 0.966796875 0.9931640625 0.0546875 0.013671875
1 0.861328125 0.0908203125 0.037109375 0.076171875
1 0.1845703125 0.193359375 0.0859375 0.05078125
1 0.8642578125 0.501953125 0.0908203125 0.0419921875
1 0.587890625 0.833984375 0.0966796875 0.0380859375
1 0.904296875 0.779296875 0.044921875 0.033203125
1 0.5537109375 0.919921875 0.09765625 0.0498046875
1 0.0888671875 0.20703125 0.115234375 0.0673828125
1 0.9677734375 0.193359375 0.064453125 0.052734375
1 0.2568359375 0.7763671875 0.1142578125 0.048828125
1 0.0712890625 0.2939453125 0.0751953125 0.037109375
1 0.3203125 0.59765625 0.0966796875 0.0341796875
1 0.564453125 0.404296875 0.05859375 0.0546875
1 0.1474609375 0.1455078125 0.064453125 0.05859375
1 0.0390625 0.099609375 0.076171875 0.0302734375
1 0.642578125 0.884765625 0.0498046875 0.03125
1 0.4345703125 0.44140625 0.1015625 0.0556640625
1 0.08984375 0.6025390625 0.0859375 0.0498046875
1 0.07421875 0.9091796875 0.1259765625 0.0390625
1 0.2958984375 0.9716796875 0.0966796875 0.03125
1 0.5009765625 0.9267578125 0.0849609375 0.03125
1 0.5341796875 0.8330078125 0.1005859375 0.076171875
1 0.28515625 0.8671875 0.0927734375 0.02734375
1 0.75 0.4326171875 0.078125 0.0498046875
1 0.072265625 0.435546875 0.1416015625 0.0439453125
1 0.0283203125 0.337890625 0.056640625 0.033203125
1 0.0234375 0.1923828125 0.0478515625 0.0654296875
1 0.0400390625 0.0185546875 0.0810546875 0.0380859375
