1 0.05859375 0.751953125 0.0673828125 0.0830078125
1 0.595703125 0.349609375 0.0546875 0.099609375
1 0.4453125 0.240234375 0.076171875 0.09765625
1 0.4384765625 0.58203125 0.109375 0.0517578125
1 0.90234375 0.8857421875 0.0966796875 0.0751953125
1 0.564453125 0.046875 0.0546875 0.09375
1 0.05859375 0.4541015625 0.0966796875 0.0654296875
1 0.1923828125 0.759765625 0.0849609375 0.1162109375
1 0.091796875 0.056640625 0.1083984375 0.072265625
1 0.359375 0.291015625 0.0771484375 0.076171875
1 0.193359375 0.900390625 0.0625 0.099609375
1 0.4208984375 0.6865234375 0.103515625 0.052734375
1 0.5927734375 0.1357421875 0.056640625 0.1396484375
1 0.8349609375 0.91796875 0.056640625 0.0771484375
1 0.7705078125 0.1708984375 0.0732421875 0.052734375
1 0.0341796875 0.1630859375 0.0673828125 0.083984375
1 0.9794921875 0.8681640625 0.0361328125 0.076171875
1 0.44140625 0.796875 0.044921875 0.072265625
1 0.4501953125 0.4599609375 0.0703125 0.052734375
1 0.65625 0.6630859375 0.0908203125 0.041015625
1 0.876953125 0.08203125 0.056640625 0.162109375
1 0.830078125 0.38671875 0.0478515625 0.0732421875
1 0.7236328125 0.92578125 0.0498046875 0.0771484375
1 0.755859375 0.2099609375 0.0439453125 0.0947265625
1 0.1884765625 0.6279296875 0.0966796875 0.06640625
1 0.26953125 0.4111328125 0.12109375 0.0625
1 0.048828125 0.31640625 0.09765625 0.0751953125
1 0.65234375 0.8779296875 0.0458984375 0.072265625
1 0.638671875 0.87890625 0.0439453125 0.0703125
1 0.78515625 0.341796875 0.0966796875 0.0546875
1 0.1923828125 0.7802734375 0.0673828125 0.0771484375
1 0.2470703125 0.23046875 0.0673828125 0.06640625
1 0.3681640625 0.4619140625 0.0849609375 0.0478515625
1 0.056640625 0.650390625 0.1064453125 0.05078125
1 0.7548828125 0.0693359375 0.1005859375 0.044921875
1 0.7138671875 0.0234375 0.0458984375 0.0478515625
1 0.1455078125 0.44921875 0.083984375 0.0546875
1 0.3154296875 0.224609375 0.056640625 0.05859375
1 0.1904296875 0.9541015625 0.130859375 0.060546875
1 0.9296875 0.12109375 0.068359375 0.05859375
1 0.6376953125 0.447265625 0.06640625 0.052734375
1 0.255859375 0.6015625 0.0966796875 0.0458984375
1 0.0849609375 0.69921875 0.09375 0.0478515625
1 0.890625 0.4775390625 0.0654296875 0.0546875
1 0.125 0.509765625 0.0625 0.0322265625
1 0.7685546875 0.4013671875 0.07421875 0.052734375
1 0.8212890625 0.4892578125 0.087890625 0.0517578125
1 0.9443359375 0.4169921875 0.0859375 0.0537109375
1 0.638671875 0.091796875 0.083984375 0.0517578125
1 0.9765625 0.748046875 0.046875 0.048828125
1 0.46875 0.1376953125 0.08984375 0.048828125
1 0.3955078125 0.958984375 0.0810546875 0.0380859375
1 0.7255859375 0.162109375 0.0615234375 0.05859375
1 0.8037109375 0.8349609375 0.0634765625 0.044921875
1 0.65625 0.0146484375 0.0400390625 0.0302734375
1 0.396484375 0.9248046875 0.02734375 0.0751953125
1 0.7880859375 0.1181640625 0.05859375 0.04296875
1 0.7333984375 0.6318359375 0.056640625 0.037109375
1 0.3134765625 0.0322265625 0.08984375 0.041015625
1 0.85546875 0.5849609375 0.1025390625 0.1171875
1 0.552734375 0.9638671875 0.0791015625 0.052734375
1 0.8701171875 0.6083984375 0.072265625 0.0673828125
1 0.87890625 0.9736328125 0.091796875 0.052734375
1 0.4619140625 0.9814453125 0.048828125 0.037109375
1 0.4189453125 0.0146484375 0.068359375 0.029296875
1 0.302734375 0.765625 0.1142578125 0.1044921875
1 0.4833984375 0.5625 0.0869140625 0.0439453125
1 0.609375 0.9140625 0.060546875 0.04296875
1 0.517578125 0.607421875 0.0576171875 0.0625
1 0.7099609375 0.3818359375 0.056640625 0.0517578125
1 0.716796875 0.474609375 0.056640625 0.060546875
1 0.779296875 0.4619140625 0.0634765625 0.052734375
1 0.677734375 0.1474609375 0.0537109375 0.0556640625
1 0.5908203125 0.2060546875 0.06640625 0.041015625
1 0.7724609375 0.890625 0.0751953125 0.0634765625
