1 0.2958984375 0.2265625 0.0927734375 0.1533203125
1 0.1953125 0.404296875 0.0986328125 0.0703125
1 0.474609375 0.7880859375 0.1328125 0.0791015625
1 0.9365234375 0.671875 0.126953125 0.1416015625
1 0.576171875 0.07421875 0.087890625 0.0712890625
1 0.7255859375 0.5048828125 0.064453125 0.1376953125
1 0.4560546875 0.400390625 0.125 0.0830078125
1 0.115234375 0.4677734375 0.115234375 0.08203125
1 0.48828125 0.6171875 0.1904296875 0.1279296875
1 0.5634765625 0.412109375 0.1455078125 0.072265625
1 0.173828125 0.2890625 0.1064453125 0.08203125
1 0.1630859375 0.619140625 0.0712890625 0.1337890625
1 0.9501953125 0.5849609375 0.099609375 0.2109375
1 0.0478515625 0.0791015625 0.091796875 0.1572265625
1 0.919921875 0.91796875 0.09765625 0.142578125
1 0.55078125 0.9697265625 0.1005859375 0.0595703125
1 0.0537109375 0.798828125 0.107421875 0.0732421875
1 0.97265625 0.205078125 0.052734375 0.115234375
1 0.23828125 0.7138671875 0.0654296875 0.1142578125
1 0.0732421875 0.0439453125 0.1181640625 0.0576171875
1 0.76171875 0.9736328125 0.0830078125 0.052734375
1 0.3671875 0.2392578125 0.078125 0.0986328125
1 0.3330078125 0.482421875 0.212890625 0.0927734375
1 0.20703125 0.8798828125 0.1005859375 0.103515625
1 0.0537109375 0.4384765625 0.072265625 0.0615234375
1 0.0322265625 0.6083984375 0.0654296875 0.056640625
1 0.896484375 0.19140625 0.0966796875 0.1513671875
1 0.787109375 0.509765625 0.078125 0.1669921875
1 0.3056640625 0.9697265625 0.080078125 0.052734375
1 0.9013671875 0.9853515625 0.1591796875 0.0283203125
1 0.8583984375 0.916015625 0.0693359375 0.095703125
1 0.349609375 0.8525390625 0.138671875 0.10546875
1 0.1513671875 0.7978515625 0.0908203125 0.0634765625
1 0.84375 0.5107421875 0.052734375 0.1318359375
1 0.828125 0.6181640625 0.0478515625 0.0947265625
1 0.4873046875 0.3583984375 0.0908203125 0.056640625
1 0.033203125 0.4765625 0.06640625 0.091796875
1 0.21875 0.51171875 0.0888671875 0.0771484375
1 0.224609375 0.345703125 0.0859375 0.072265625
1 0.142578125 0.044921875 0.080078125 0.0888671875
