1 0.814453125 0.158203125 0.1435546875 0.06640625
1 0.22265625 0.3935546875 0.0927734375 0.107421875
1 0.9599609375 0.900390625 0.080078125 0.0771484375
1 0.447265625 0.3212890625 0.08984375 0.1103515625
1 0.9384765625 0.72265625 0.123046875 0.1376953125
1 0.337890625 0.453125 0.0830078125 0.078125
1 0.7587890625 0.4140625 0.1298828125 0.1005859375
1 0.921875 0.1181640625 0.0751953125 0.087890625
1 0.8955078125 0.365234375 0.0556640625 0.08984375
1 0.2490234375 0.619140625 0.0791015625 0.0947265625
1 0.2216796875 0.2958984375 0.1044921875 0.09765625
1 0.4228515625 0.4833984375 0.0771484375 0.08203125
1 0.8701171875 0.4697265625 0.0830078125 0.08984375
1 0.16015625 0.7373046875 0.076171875 0.0615234375
1 0.8291015625 0.8525390625 0.0751953125 0.0849609375
1 0.3154296875 0.2919921875 0.0390625 0.0751953125
1 0.9609375 0.501953125 0.078125 0.10546875
1 0.48046875 0.126953125 0.1025390625 0.07421875
1 0.3486328125 0.029296875 0.072265625 0.05859375
1 0.1064453125 0.056640625 0.09765625 0.1025390625
1 0.390625 0.25390625 0.0576171875 0.0654296875
1 0.037109375 0.0908203125 0.0703125 0.09765625
1 0.83984375 0.1962890625 0.048828125 0.0537109375
1 0.3642578125 0.35546875 0.0400390625 0.0341796875
1 0.2177734375 0.5166015625 0.041015625 0.046875
