1 0.3896484375 0.9140625 0.158203125 0.08984375
1 0.7265625 0.5712890625 0.1279296875 0.0751953125
1 0.548828125 0.7783203125 0.12890625 0.1748046875
1 0.7236328125 0.94921875 0.1875 0.1005859375
1 0.564453125 0.1796875 0.1240234375 0.1328125
1 0.240234375 0.2294921875 0.1982421875 0.13671875
1 0.267578125 0.0751953125 0.1025390625 0.1474609375
1 0.2392578125 0.9482421875 0.0849609375 0.0625
1 0.9345703125 0.474609375 0.130859375 0.19921875
1 0.0634765625 0.619140625 0.1279296875 0.1513671875
1 0.0361328125 0.9033203125 0.072265625 0.193359375
1 0.8017578125 0.1494140625 0.1474609375 0.1337890625
1 0.9755859375 0.271484375 0.048828125 0.1962890625
1 0.9453125 0.8837890625 0.1025390625 0.1103515625
1 0.0546875 0.5263671875 0.1103515625 0.099609375
1 0.044921875 0.458984375 0.0908203125 0.064453125
1 0.1484375 0.7958984375 0.1171875 0.3828125
1 0.7255859375 0.0947265625 0.1474609375 0.08984375
1 0.853515625 0.5185546875 0.1201171875 0.09375
1 0.9443359375 0.1728515625 0.111328125 0.3154296875
1 0.8681640625 0.05078125 0.1083984375 0.09765625
1 0.7138671875 0.634765625 0.0810546875 0.1005859375
1 0.6259765625 0.0830078125 0.1474609375 0.1669921875
1 0.2236328125 0.2861328125 0.0673828125 0.0341796875
1 0.021484375 0.740234375 0.04296875 0.083984375
