1 0.9716796875 0.3466796875 0.0556640625 0.0859375
1 0.8935546875 0.2802734375 0.0654296875 0.095703125
1 0.939453125 0.4091796875 0.060546875 0.0537109375
1 0.75390625 0.4072265625 0.0791015625 0.091796875
1 0.6748046875 0.294921875 0.0654296875 0.0732421875
1 0.56640625 0.2353515625 0.068359375 0.1064453125
1 0.556640625 0.3291015625 0.068359375 0.0830078125
1 0.580078125 0.4619140625 0.05078125 0.0732421875
1 0.392578125 0.3056640625 0.0595703125 0.109375
1 0.3193359375 0.328125 0.0908203125 0.107421875
1 0.375 0.1630859375 0.0859375 0.1044921875
1 0.482421875 0.1484375 0.0615234375 0.1318359375
1 0.9404296875 0.03515625 0.05859375 0.0712890625
1 0.818359375 0.044921875 0.0703125 0.0703125
1 0.5654296875 0.0263671875 0.0869140625 0.0537109375
1 0.408203125 0.01953125 0.103515625 0.0390625
1 0.14453125 0.0341796875 0.080078125 0.0693359375
1 0.15234375 0.275390625 0.0673828125 0.0859375
1 0.21484375 0.3583984375 0.072265625 0.0849609375
1 0.27734375 0.4716796875 0.0908203125 0.0888671875
1 0.1435546875 0.3369140625 0.060546875 0.056640625
1 0.0537109375 0.255859375 0.0869140625 0.125
1 0.0361328125 0.4423828125 0.0732421875 0.1015625
1 0.2099609375 0.5888671875 0.0576171875 0.0634765625
1 0.49609375 0.546875 0.06640625 0.05859375
1 0.37109375 0.7080078125 0.0673828125 0.0869140625
1 0.173828125 0.6591796875 0.1376953125 0.0517578125
1 0.0634765625 0.6533203125 0.1123046875 0.0556640625
1 0.5703125 0.6923828125 0.0673828125 0.05859375
1 0.529296875 0.720703125 0.05078125 0.0615234375
1 0.677734375 0.744140625 0.0595703125 0.0732421875
1 0.685546875 0.8203125 0.060546875 0.0791015625
1 0.603515625 0.8271484375 0.060546875 0.0888671875
1 0.333984375 0.7998046875 0.0986328125 0.0849609375
1 0.255859375 0.8271484375 0.1337890625 0.0712890625
1 0.150390625 0.85546875 0.0546875 0.0625
1 0.04296875 0.81640625 0.0869140625 0.05859375
1 0.029296875 0.9150390625 0.05859375 0.06640625
1 0.2099609375 0.966796875 0.0654296875 0.0654296875
1 0.361328125 0.9208984375 0.07421875 0.0615234375
1 0.4501953125 0.916015625 0.07421875 0.0693359375
1 0.7333984375 0.93359375 0.080078125 0.08203125
1 0.97265625 0.7421875 0.0546875 0.0771484375
1 0.849609375 0.640625 0.1005859375 0.0654296875
1 0.8681640625 0.701171875 0.05859375 0.0615234375
1 0.1748046875 0.7294921875 0.05078125 0.048828125
1 0.787109375 0.8994140625 0.05078125 0.048828125
1 0.8623046875 0.576171875 0.068359375 0.03515625
1 0.482421875 0.3173828125 0.05859375 0.0751953125
1 0.7080078125 0.7451171875 0.048828125 0.076171875
