1 0.408203125 0.1455078125 0.1171875 0.087890625
1 0.423828125 0.453125 0.1455078125 0.1171875
1 0.703125 0.466796875 0.142578125 0.0703125
1 0.583984375 0.162109375 0.1142578125 0.08984375
1 0.587890625 0.4853515625 0.15234375 0.0673828125
1 0.3525390625 0.6240234375 0.1220703125 0.0751953125
1 0.3232421875 0.45703125 0.091796875 0.095703125
1 0.546875 0.37109375 0.140625 0.0849609375
1 0.693359375 0.6318359375 0.15234375 0.0703125
1 0.4365234375 0.84765625 0.119140625 0.0654296875
1 0.45703125 0.7353515625 0.1171875 0.0703125
1 0.7421875 0.34375 0.1953125 0.134765625
1 0.84375 0.13671875 0.1748046875 0.0654296875
1 0.2490234375 0.861328125 0.0947265625 0.0751953125
1 0.7919921875 0.0908203125 0.154296875 0.056640625
1 0.705078125 0.1455078125 0.1669921875 0.0625
1 0.6201171875 0.314453125 0.1630859375 0.080078125
1 0.7255859375 0.7080078125 0.177734375 0.052734375
1 0.4853515625 0.650390625 0.0927734375 0.0673828125
1 0.5927734375 0.70703125 0.1318359375 0.0546875
1 0.6552734375 0.34375 0.1181640625 0.0625
1 0.4599609375 0.2685546875 0.1123046875 0.0625
1 0.8837890625 0.2587890625 0.09765625 0.064453125
1 0.685546875 0.2041015625 0.072265625 0.0498046875
1 0.4599609375 0.0849609375 0.125 0.0673828125
1 0.59765625 0.0810546875 0.162109375 0.0498046875
1 0.724609375 0.029296875 0.115234375 0.0546875
1 0.1416015625 0.6142578125 0.0654296875 0.0576171875
1 0.630859375 0.5439453125 0.1396484375 0.044921875
