1 0.060546875 0.4345703125 0.1220703125 0.078125
1 0.1005859375 0.6240234375 0.2021484375 0.0849609375
1 0.810546875 0.4208984375 0.107421875 0.08203125
1 0.103515625 0.7939453125 0.15234375 0.0751953125
1 0.6923828125 0.3271484375 0.134765625 0.125
1 0.828125 0.6259765625 0.1171875 0.072265625
1 0.8515625 0.802734375 0.1044921875 0.0673828125
1 0.70703125 0.1826171875 0.10546875 0.0771484375
1 0.73046875 0.033203125 0.1376953125 0.0673828125
1 0.0673828125 0.9111328125 0.09375 0.0537109375
1 0.94140625 0.087890625 0.0947265625 0.0625
1 0.9296875 0.7724609375 0.08984375 0.080078125
1 0.9033203125 0.9765625 0.0908203125 0.046875
1 0.9443359375 0.173828125 0.1103515625 0.0654296875
1 0.9560546875 0.9716796875 0.0791015625 0.056640625
1 0.9765625 0.7138671875 0.046875 0.076171875
