1 0.5029296875 0.6005859375 0.091796875 0.05078125
1 0.095703125 0.5888671875 0.0888671875 0.0380859375
1 0.841796875 0.3525390625 0.087890625 0.0634765625
1 0.162109375 0.2421875 0.095703125 0.0673828125
1 0.2646484375 0.4404296875 0.0537109375 0.0751953125
1 0.2197265625 0.37109375 0.080078125 0.0419921875
1 0.9658203125 0.052734375 0.0673828125 0.052734375
1 0.5380859375 0.287109375 0.123046875 0.0400390625
1 0.9013671875 0.2099609375 0.11328125 0.1201171875
1 0.4580078125 0.2353515625 0.07421875 0.0654296875
1 0.634765625 0.078125 0.1240234375 0.0595703125
1 0.314453125 0.57421875 0.0888671875 0.037109375
1 0.9765625 0.1533203125 0.0458984375 0.083984375
1 0.7431640625 0.4326171875 0.1123046875 0.0380859375
1 0.0693359375 0.7919921875 0.09765625 0.046875
1 0.888671875 0.66015625 0.05859375 0.0458984375
1 0.3447265625 0.6337890625 0.0771484375 0.046875
1 0.619140625 0.021484375 0.068359375 0.041015625
1 0.1572265625 0.44140625 0.1015625 0.041015625
1 0.0615234375 0.85546875 0.119140625 0.0732421875
1 0.076171875 0.1640625 0.09765625 0.0859375
1 0.689453125 0.5 0.1513671875 0.048828125
1 0.2412109375 0.14453125 0.1298828125 0.0751953125
1 0.7734375 0.9365234375 0.091796875 0.0634765625
1 0.802734375 0.6005859375 0.0654296875 0.0546875
1 0.4658203125 0.923828125 0.111328125 0.0439453125
1 0.677734375 0.1591796875 0.076171875 0.109375
1 0.2509765625 0.2021484375 0.1435546875 0.0791015625
1 0.322265625 0.330078125 0.072265625 0.107421875
1 0.806640625 0.791015625 0.1259765625 0.0654296875
1 0.2314453125 0.587890625 0.0810546875 0.0390625
1 0.9365234375 0.6318359375 0.05078125 0.05078125
1 0.9873046875 0.3251953125 0.025390625 0.05859375
1 0.8369140625 0.70703125 0.1376953125 0.0302734375
1 0.0673828125 0.4267578125 0.0908203125 0.0537109375
1 0.568359375 0.505859375 0.1259765625 0.046875
1 0.7109375 0.9716796875 0.0400390625 0.052734375
1 0.7216796875 0.01953125 0.0986328125 0.0400390625
1 0.6513671875 0.671875 0.109375 0.033203125
1 0.552734375 0.8720703125 0.0986328125 0.0478515625
1 0.3251953125 0.2626953125 0.1494140625 0.0458984375
1 0.3525390625 0.8828125 0.1044921875 0.0546875
1 0.640625 0.4697265625 0.216796875 0.0390625
1 0.603515625 0.158203125 0.1337890625 0.083984375
1 0.3662109375 0.0185546875 0.0419921875 0.037109375
1 0.3837890625 0.9833984375 0.0458984375 0.029296875
1 0.4140625 0.8291015625 0.134765625 0.0400390625
1 0.638671875 0.7109375 0.1513671875 0.0712890625
1 0.4833984375 0.6708984375 0.087890625 0.05078125
1 0.3330078125 0.947265625 0.056640625 0.05859375
1 0.0693359375 0.9482421875 0.1318359375 0.0625
1 0.8603515625 0.3134765625 0.0400390625 0.076171875
1 0.50390625 0.20703125 0.107421875 0.0380859375
1 0.08203125 0.6796875 0.1015625 0.06640625
1 0.515625 0.1201171875 0.1171875 0.0634765625
1 0.75390625 0.3115234375 0.095703125 0.02734375
1 0.138671875 0.671875 0.11328125 0.0400390625
1 0.7138671875 0.7880859375 0.0751953125 0.033203125
1 0.5361328125 0.9716796875 0.1689453125 0.0400390625
1 0.5322265625 0.171875 0.0927734375 0.0380859375
1 0.0283203125 0.9931640625 0.0556640625 0.0126953125
1 0.40234375 0.19921875 0.095703125 0.0380859375
1 0.6513671875 0.6376953125 0.10546875 0.03125
1 0.068359375 0.470703125 0.068359375 0.03125
1 0.1240234375 0.3984375 0.08984375 0.0458984375
1 0.5087890625 0.8017578125 0.1103515625 0.033203125
1 0.70947265625 0.84716796875 0.15019531249999996 0.04697265625000002
1 0.513671875 0.8466796875 0.0673828125 0.0185546875
1 0.30859375 0.6484375 0.0830078125 0.0478515625
1 0.7373046875 0.8359375 0.0693359375 0.0361328125
1 0.16796875 0.98828125 0.1181640625 0.0234375
1 0.060546875 0.3828125 0.0771484375 0.0341796875
1 0.6123046875 0.537109375 0.0634765625 0.0205078125
1 0.0927734375 0.7607421875 0.140625 0.0341796875
1 0.0166015625 0.2001953125 0.0341796875 0.064453125
1 0.9287109375 0.1474609375 0.0673828125 0.02734375
1 0.7626953125 0.3447265625 0.0478515625 0.0595703125
1 0.271484375 0.33984375 0.125 0.076171875
1 0.7861328125 0.9765625 0.0654296875 0.033203125
1 0.068359375 0.4609375 0.0673828125 0.021484375
1 0.6455078125 0.8544921875 0.0810546875 0.0546875
1 0.42578125 0.849609375 0.134765625 0.0244140625
1 0.1630859375 0.8037109375 0.1025390625 0.0390625
1 0.2373046875 0.796875 0.0400390625 0.0390625
1 0.2001953125 0.76171875 0.0908203125 0.0341796875
1 0.06640625 0.7529296875 0.1328125 0.037109375
1 0.78515625 0.263671875 0.0654296875 0.0625
