1 0.1259765625 0.05078125 0.0615234375 0.091796875
1 0.1123046875 0.5537109375 0.0625 0.0771484375
1 0.8603515625 0.662109375 0.060546875 0.0859375
1 0.7705078125 0.166015625 0.0419921875 0.0859375
1 0.45703125 0.3515625 0.037109375 0.09375
1 0.7705078125 0.478515625 0.0595703125 0.11328125
1 0.8701171875 0.306640625 0.052734375 0.1201171875
1 0.7265625 0.0322265625 0.0703125 0.056640625
1 0.0712890625 0.6259765625 0.06640625 0.0556640625
1 0.9326171875 0.205078125 0.05859375 0.0712890625
1 0.75 0.2568359375 0.0322265625 0.08984375
1 0.630859375 0.330078125 0.0556640625 0.0693359375
1 0.9052734375 0.61328125 0.0517578125 0.080078125
1 0.4521484375 0.92578125 0.0830078125 0.046875
1 0.369140625 0.6396484375 0.0595703125 0.1162109375
1 0.822265625 0.3212890625 0.0419921875 0.0791015625
1 0.34375 0.3818359375 0.0361328125 0.0625
1 0.3525390625 0.90625 0.029296875 0.1162109375
1 0.697265625 0.568359375 0.05078125 0.083984375
1 0.2802734375 0.21484375 0.0703125 0.046875
1 0.91015625 0.3134765625 0.0400390625 0.0771484375
1 0.5771484375 0.6455078125 0.0654296875 0.068359375
1 0.224609375 0.54296875 0.0546875 0.0615234375
1 0.396484375 0.322265625 0.0263671875 0.08203125
1 0.5380859375 0.3828125 0.0517578125 0.0537109375
1 0.328125 0.1904296875 0.0263671875 0.11328125
1 0.5830078125 0.8154296875 0.060546875 0.044921875
1 0.111328125 0.7294921875 0.052734375 0.048828125
1 0.2900390625 0.0263671875 0.0234375 0.0517578125
1 0.92578125 0.021484375 0.0263671875 0.0439453125
1 0.916015625 0.701171875 0.033203125 0.0595703125
1 0.88671875 0.0947265625 0.03125 0.0830078125
1 0.5146484375 0.6005859375 0.056640625 0.029296875
1 0.9169921875 0.1494140625 0.0341796875 0.0771484375
1 0.609375 0.8583984375 0.0400390625 0.0634765625
1 0.279296875 0.0390625 0.025390625 0.0546875
1 0.19921875 0.6279296875 0.0625 0.0556640625
1 0.5439453125 0.2841796875 0.0693359375 0.09765625
1 0.3662109375 0.2841796875 0.0498046875 0.078125
1 0.1591796875 0.36328125 0.046875 0.0732421875
1 0.0166015625 0.603515625 0.0341796875 0.048828125
1 0.3203125 0.6083984375 0.0341796875 0.0615234375
1 0.7158203125 0.970703125 0.0302734375 0.046875
1 0.6162109375 0.9375 0.0751953125 0.041015625
1 0.7421875 0.68359375 0.078125 0.0439453125
1 0.515625 0.9892578125 0.03515625 0.0205078125
1 0.5478515625 0.1552734375 0.0302734375 0.05859375
1 0.583984375 0.3212890625 0.0283203125 0.048828125
1 0.599609375 0.8564453125 0.0419921875 0.05859375
1 0.5908203125 0.01171875 0.0693359375 0.0224609375
1 0.9677734375 0.98828125 0.0361328125 0.0234375
1 0.5087890625 0.7939453125 0.0361328125 0.0771484375
1 0.7900390625 0.9677734375 0.0546875 0.052734375
