1 0.0146484375 0.1103515625 0.0302734375 0.0966796875
1 0.599609375 0.451171875 0.0498046875 0.091796875
1 0.7041015625 0.4208984375 0.041015625 0.0947265625
1 0.6982421875 0.6572265625 0.0673828125 0.0732421875
1 0.7138671875 0.51953125 0.0693359375 0.0595703125
1 0.7763671875 0.1748046875 0.0595703125 0.0751953125
1 0.205078125 0.115234375 0.0283203125 0.0908203125
1 0.62109375 0.630859375 0.0283203125 0.091796875
1 0.1318359375 0.0185546875 0.0546875 0.037109375
1 0.3212890625 0.177734375 0.076171875 0.0703125
1 0.4501953125 0.6552734375 0.103515625 0.0654296875
1 0.4287109375 0.0595703125 0.0654296875 0.05078125
1 0.892578125 0.2685546875 0.029296875 0.083984375
1 0.4951171875 0.20703125 0.083984375 0.078125
1 0.25390625 0.4033203125 0.15234375 0.1103515625
1 0.5947265625 0.0546875 0.052734375 0.0576171875
1 0.9814453125 0.9638671875 0.0361328125 0.0673828125
1 0.1396484375 0.5888671875 0.0595703125 0.0673828125
1 0.5458984375 0.4365234375 0.0322265625 0.0751953125
1 0.0615234375 0.0234375 0.068359375 0.0439453125
1 0.3076171875 0.12890625 0.05078125 0.072265625
1 0.689453125 0.3017578125 0.060546875 0.076171875
1 0.8583984375 0.9736328125 0.029296875 0.052734375
1 0.6884765625 0.0888671875 0.0703125 0.06640625
1 0.39453125 0.7978515625 0.126953125 0.052734375
1 0.2763671875 0.615234375 0.068359375 0.0439453125
1 0.974609375 0.8515625 0.0400390625 0.0966796875
1 0.8994140625 0.671875 0.0576171875 0.0546875
1 0.49609375 0.01171875 0.046875 0.0244140625
1 0.0908203125 0.6728515625 0.056640625 0.048828125
1 0.587890625 0.7431640625 0.0703125 0.0419921875
1 0.2041015625 0.6162109375 0.046875 0.041015625
1 0.244140625 0.8701171875 0.0634765625 0.05078125
1 0.3857421875 0.283203125 0.029296875 0.0625
1 0.7373046875 0.3056640625 0.0703125 0.046875
1 0.140625 0.4521484375 0.05859375 0.064453125
1 0.4775390625 0.10546875 0.048828125 0.02734375
1 0.259765625 0.107421875 0.05859375 0.0517578125
1 0.4912109375 0.154296875 0.0546875 0.05859375
1 0.9814453125 0.5 0.03125 0.0732421875
1 0.291015625 0.04296875 0.0595703125 0.0537109375
1 0.6669921875 0.8349609375 0.025390625 0.0908203125
1 0.6513671875 0.8291015625 0.0234375 0.0869140625
1 0.0224609375 0.5224609375 0.0458984375 0.0419921875
1 0.931640625 0.427734375 0.05078125 0.0947265625
1 0.27734375 0.626953125 0.068359375 0.046875
1 0.8955078125 0.0419921875 0.05859375 0.0361328125
1 0.982421875 0.57421875 0.0302734375 0.044921875
1 0.56640625 0.2890625 0.037109375 0.029296875
1 0.96484375 0.349609375 0.056640625 0.03125
1 0.65625 0.119140625 0.0458984375 0.06640625
1 0.2666015625 0.474609375 0.0703125 0.1494140625
1 0.763671875 0.458984375 0.0244140625 0.08203125
1 0.3037109375 0.5498046875 0.0595703125 0.0517578125
1 0.54296875 0.5771484375 0.1611328125 0.126953125
1 0.3515625 0.013671875 0.046875 0.02734375
