1 0.2373046875 0.6044921875 0.134765625 0.115234375
1 0.837890625 0.3447265625 0.0927734375 0.099609375
1 0.70703125 0.9765625 0.08984375 0.0458984375
1 0.1220703125 0.5830078125 0.08984375 0.072265625
1 0.4599609375 0.3173828125 0.1025390625 0.08984375
1 0.5703125 0.923828125 0.1279296875 0.0751953125
1 0.9140625 0.640625 0.0947265625 0.087890625
1 0.1630859375 0.9736328125 0.08203125 0.052734375
1 0.6884765625 0.328125 0.126953125 0.1123046875
1 0.0341796875 0.14453125 0.0693359375 0.109375
1 0.3154296875 0.4189453125 0.0771484375 0.1201171875
1 0.91015625 0.4453125 0.0673828125 0.0732421875
1 0.10546875 0.861328125 0.107421875 0.0947265625
1 0.1396484375 0.224609375 0.125 0.134765625
1 0.79296875 0.9423828125 0.0830078125 0.1025390625
1 0.767578125 0.51953125 0.0830078125 0.0703125
1 0.705078125 0.3994140625 0.1025390625 0.060546875
1 0.689453125 0.63671875 0.095703125 0.080078125
1 0.6279296875 0.7607421875 0.1220703125 0.087890625
1 0.7294921875 0.7119140625 0.154296875 0.0703125
1 0.2197265625 0.8310546875 0.150390625 0.1171875
1 0.87890625 0.8642578125 0.0751953125 0.0703125
1 0.537109375 0.978515625 0.095703125 0.04296875
1 0.408203125 0.646484375 0.123046875 0.1357421875
1 0.5341796875 0.4619140625 0.1044921875 0.099609375
1 0.48046875 0.197265625 0.0771484375 0.125
1 0.5029296875 0.6279296875 0.072265625 0.1220703125
1 0.7109375 0.1630859375 0.0625 0.08203125
1 0.0361328125 0.7998046875 0.0732421875 0.1376953125
1 0.9365234375 0.7939453125 0.0654296875 0.0693359375
1 0.47265625 0.0771484375 0.1220703125 0.150390625
1 0.591796875 0.60546875 0.099609375 0.2021484375
1 0.3681640625 0.751953125 0.078125 0.125
1 0.7822265625 0.66796875 0.0703125 0.0576171875
1 0.0615234375 0.435546875 0.0654296875 0.08203125
1 0.3271484375 0.279296875 0.0703125 0.0703125
1 0.740234375 0.783203125 0.0869140625 0.0673828125
1 0.1328125 0.4619140625 0.1181640625 0.10546875
1 0.6083984375 0.0302734375 0.1044921875 0.0615234375
1 0.4794921875 0.72265625 0.064453125 0.0771484375
1 0.8056640625 0.81640625 0.09765625 0.0849609375
1 0.7041015625 0.052734375 0.1044921875 0.1025390625
1 0.9677734375 0.4208984375 0.0576171875 0.0625
1 0.6025390625 0.5224609375 0.1123046875 0.1025390625
1 0.61328125 0.857421875 0.068359375 0.0576171875
1 0.0556640625 0.32421875 0.1123046875 0.080078125
1 0.0478515625 0.552734375 0.0419921875 0.0673828125
1 0.681640625 0.1220703125 0.080078125 0.0546875
1 0.771484375 0.056640625 0.1201171875 0.1142578125
1 0.982421875 0.5185546875 0.0341796875 0.0732421875
1 0.96875 0.7109375 0.0625 0.107421875
1 0.1474609375 0.267578125 0.080078125 0.1376953125
1 0.1494140625 0.4833984375 0.150390625 0.0625
1 0.6533203125 0.9130859375 0.087890625 0.04296875
1 0.3505859375 0.65625 0.0576171875 0.0947265625
1 0.4609375 0.658203125 0.052734375 0.072265625
1 0.501953125 0.4501953125 0.095703125 0.1767578125
1 0.458984375 0.125 0.0693359375 0.1474609375
1 0.4140625 0.033203125 0.0556640625 0.0625
1 0.60546875 0.0146484375 0.0947265625 0.029296875
1 0.84765625 0.068359375 0.08984375 0.13671875
1 0.2392578125 0.6259765625 0.125 0.052734375
1 0.55078125 0.76953125 0.072265625 0.109375
1 0.439453125 0.625 0.0546875 0.0673828125
