1 0.5107421875 0.6689453125 0.11328125 0.091796875
1 0.16796875 0.271484375 0.072265625 0.0947265625
1 0.6552734375 0.0927734375 0.1279296875 0.0732421875
1 0.23046875 0.3466796875 0.1279296875 0.08984375
1 0.17578125 0.0712890625 0.078125 0.0751953125
1 0.23828125 0.1142578125 0.107421875 0.08984375
1 0.0224609375 0.353515625 0.044921875 0.09765625
1 0.349609375 0.1181640625 0.16015625 0.107421875
1 0.2138671875 0.7626953125 0.0771484375 0.0302734375
1 0.07421875 0.0458984375 0.0703125 0.08203125
1 0.3818359375 0.537109375 0.052734375 0.04296875
1 0.3173828125 0.2841796875 0.0673828125 0.08984375
1 0.3330078125 0.2138671875 0.09765625 0.0595703125
1 0.1796875 0.01953125 0.0703125 0.03515625
1 0.7314453125 0.0185546875 0.091796875 0.03515625
