1 0.490234375 0.2705078125 0.1123046875 0.0927734375
1 0.47265625 0.5888671875 0.1240234375 0.1064453125
1 0.7197265625 0.5556640625 0.1083984375 0.1025390625
1 0.630859375 0.412109375 0.091796875 0.0546875
1 0.787109375 0.1591796875 0.125 0.1005859375
1 0.609375 0.32421875 0.080078125 0.0849609375
1 0.9384765625 0.5029296875 0.0576171875 0.06640625
1 0.3427734375 0.3193359375 0.0595703125 0.05859375
1 0.5029296875 0.1552734375 0.1220703125 0.0732421875
1 0.5068359375 0.0986328125 0.080078125 0.0625
1 0.5205078125 0.91796875 0.0830078125 0.0869140625
1 0.6513671875 0.1982421875 0.0654296875 0.13671875
1 0.390625 0.0771484375 0.1376953125 0.060546875
1 0.533203125 0.8681640625 0.0625 0.0576171875
1 0.5927734375 0.916015625 0.095703125 0.0361328125
1 0.396484375 0.12890625 0.1005859375 0.1005859375
1 0.9482421875 0.04296875 0.087890625 0.0830078125
1 0.8056640625 0.0478515625 0.0576171875 0.0927734375
1 0.5703125 0.033203125 0.068359375 0.0625
1 0.681640625 0.2568359375 0.0556640625 0.0703125
1 0.951171875 0.2255859375 0.0498046875 0.0517578125
