1 0.109375 0.1435546875 0.087890625 0.0693359375
1 0.052734375 0.2470703125 0.0849609375 0.1044921875
1 0.228515625 0.2158203125 0.095703125 0.09375
1 0.0380859375 0.3486328125 0.076171875 0.0771484375
1 0.1806640625 0.4306640625 0.0986328125 0.099609375
1 0.1025390625 0.5439453125 0.11328125 0.087890625
1 0.2744140625 0.5791015625 0.095703125 0.10546875
1 0.46484375 0.5478515625 0.115234375 0.087890625
1 0.4697265625 0.4169921875 0.08203125 0.0908203125
1 0.642578125 0.14453125 0.0986328125 0.0947265625
1 0.767578125 0.234375 0.0947265625 0.1025390625
1 0.685546875 0.53125 0.1044921875 0.08203125
1 0.5888671875 0.6845703125 0.09375 0.0869140625
1 0.3876953125 0.6923828125 0.0810546875 0.0830078125
1 0.140625 0.6806640625 0.08203125 0.0751953125
1 0.0537109375 0.7177734375 0.0712890625 0.078125
1 0.234375 0.8359375 0.0751953125 0.072265625
1 0.3310546875 0.94140625 0.08203125 0.0849609375
1 0.470703125 0.7958984375 0.091796875 0.0712890625
1 0.4873046875 0.73828125 0.0693359375 0.0478515625
1 0.6806640625 0.8134765625 0.1318359375 0.0751953125
1 0.685546875 0.7158203125 0.0732421875 0.0712890625
1 0.84765625 0.8388671875 0.111328125 0.0859375
1 0.5400390625 0.9619140625 0.099609375 0.0751953125
1 0.19921875 0.9658203125 0.0654296875 0.068359375
1 0.9765625 0.9287109375 0.046875 0.099609375
1 0.9208984375 0.671875 0.087890625 0.1083984375
1 0.9892578125 0.4462890625 0.021484375 0.0712890625
1 0.962890625 0.248046875 0.0732421875 0.0791015625
1 0.3701171875 0.1435546875 0.1015625 0.0888671875
1 0.259765625 0.0224609375 0.12109375 0.0458984375
1 0.380859375 0.5185546875 0.0576171875 0.072265625
1 0.6962890625 0.021484375 0.1259765625 0.04296875
1 0.7236328125 0.126953125 0.05859375 0.0849609375
