1 0.84765625 0.6142578125 0.1318359375 0.1650390625
1 0.888671875 0.0185546875 0.1298828125 0.037109375
1 0.94921875 0.5419921875 0.1005859375 0.07421875
1 0.5263671875 0.3818359375 0.1044921875 0.10546875
1 0.447265625 0.44921875 0.080078125 0.134765625
1 0.59765625 0.9365234375 0.150390625 0.1044921875
1 0.5791015625 0.7021484375 0.1455078125 0.115234375
1 0.0615234375 0.2890625 0.0849609375 0.0556640625
1 0.357421875 0.2421875 0.115234375 0.1015625
1 0.3798828125 0.638671875 0.126953125 0.099609375
1 0.75 0.3017578125 0.125 0.0947265625
1 0.310546875 0.0849609375 0.091796875 0.08203125
1 0.771484375 0.689453125 0.0595703125 0.0546875
1 0.3798828125 0.1669921875 0.0791015625 0.0810546875
