1 0.099609375 0.7939453125 0.0771484375 0.0576171875
1 0.0380859375 0.966796875 0.0771484375 0.064453125
1 0.6201171875 0.802734375 0.1767578125 0.0810546875
1 0.62109375 0.1787109375 0.2177734375 0.357421875
1 0.615234375 0.0810546875 0.087890625 0.162109375
1 0.806640625 0.4990234375 0.09375 0.150390625
1 0.2421875 0.5263671875 0.15625 0.1474609375
1 0.3310546875 0.53125 0.103515625 0.1162109375
1 0.689453125 0.6875 0.2353515625 0.1142578125
1 0.150390625 0.306640625 0.109375 0.1630859375
1 0.4853515625 0.6923828125 0.22265625 0.134765625
1 0.68359375 0.7744140625 0.125 0.080078125
1 0.4833984375 0.076171875 0.1005859375 0.11328125
1 0.9580078125 0.2548828125 0.0732421875 0.177734375
1 0.1376953125 0.6259765625 0.2119140625 0.1162109375
1 0.3486328125 0.30859375 0.3564453125 0.1708984375
1 0.126953125 0.552734375 0.1025390625 0.0810546875
1 0.1865234375 0.3701171875 0.09375 0.134765625
1 0.0703125 0.4091796875 0.1044921875 0.154296875
1 0.6943359375 0.4560546875 0.2109375 0.1630859375
1 0.603515625 0.9716796875 0.1826171875 0.0498046875
1 0.068359375 0.91796875 0.13671875 0.1064453125
1 0.462890625 0.595703125 0.22265625 0.1416015625
1 0.642578125 0.462890625 0.2099609375 0.150390625
1 0.4228515625 0.380859375 0.302734375 0.2001953125
1 0.55859375 0.75390625 0.1201171875 0.048828125
