1 0.26171875 0.5498046875 0.09765625 0.05859375
1 0.4951171875 0.279296875 0.09765625 0.05078125
1 0.05078125 0.390625 0.0869140625 0.068359375
1 0.6279296875 0.7607421875 0.0888671875 0.1123046875
1 0.38671875 0.904296875 0.126953125 0.0419921875
1 0.3837890625 0.4443359375 0.1015625 0.048828125
1 0.1923828125 0.9482421875 0.1171875 0.0546875
1 0.71875 0.5830078125 0.0908203125 0.0390625
1 0.8125 0.556640625 0.0693359375 0.0537109375
1 0.9384765625 0.046875 0.078125 0.0546875
1 0.4736328125 0.517578125 0.1123046875 0.08203125
1 0.986328125 0.0224609375 0.02734375 0.04296875
1 0.056640625 0.322265625 0.109375 0.0498046875
1 0.59375 0.6298828125 0.099609375 0.056640625
1 0.8974609375 0.34375 0.068359375 0.0654296875
1 0.193359375 0.044921875 0.1162109375 0.080078125
1 0.9833984375 0.2783203125 0.0322265625 0.0654296875
1 0.4833984375 0.875 0.10546875 0.04296875
1 0.888671875 0.578125 0.0556640625 0.115234375
1 0.6376953125 0.544921875 0.0693359375 0.0439453125
1 0.2578125 0.212890625 0.134765625 0.0595703125
1 0.818359375 0.7138671875 0.09375 0.0341796875
1 0.3349609375 0.8330078125 0.0869140625 0.037109375
1 0.9599609375 0.51953125 0.080078125 0.037109375
1 0.9267578125 0.3125 0.1455078125 0.078125
1 0.0380859375 0.068359375 0.0751953125 0.0595703125
1 0.6669921875 0.0693359375 0.0615234375 0.0546875
1 0.931640625 0.830078125 0.0732421875 0.0400390625
1 0.931640625 0.177734375 0.04296875 0.0537109375
1 0.720703125 0.8369140625 0.1171875 0.0478515625
1 0.0888671875 0.45703125 0.0673828125 0.0576171875
1 0.0888671875 0.2412109375 0.1142578125 0.08203125
1 0.0712890625 0.828125 0.1103515625 0.0419921875
1 0.701171875 0.0498046875 0.0732421875 0.0458984375
1 0.05078125 0.6611328125 0.1015625 0.0439453125
1 0.4091796875 0.0419921875 0.109375 0.0498046875
1 0.685546875 0.69140625 0.0849609375 0.0419921875
1 0.095703125 0.5009765625 0.1220703125 0.0419921875
1 0.541015625 0.6513671875 0.080078125 0.04296875
1 0.2265625 0.5947265625 0.1240234375 0.0458984375
1 0.54296875 0.0712890625 0.0986328125 0.0478515625
1 0.3330078125 0.359375 0.107421875 0.0390625
1 0.7587890625 0.203125 0.060546875 0.0263671875
1 0.9853515625 0.5947265625 0.0283203125 0.01953125
1 0.078125 0.7705078125 0.05859375 0.017578125
1 0.71875 0.6533203125 0.0556640625 0.0224609375
1 0.28515625 0.9248046875 0.099609375 0.0341796875
1 0.7265625 0.736328125 0.0732421875 0.041015625
1 0.1904296875 0.69140625 0.0703125 0.03515625
1 0.26171875 0.009765625 0.0625 0.0205078125
1 0.0263671875 0.943359375 0.0517578125 0.0322265625
1 0.0458984375 0.96484375 0.0830078125 0.02734375
1 0.9912109375 0.955078125 0.0166015625 0.01953125
1 0.5068359375 0.0400390625 0.09765625 0.0390625
1 0.9658203125 0.5087890625 0.068359375 0.03515625
1 0.900390625 0.0771484375 0.0751953125 0.0361328125
1 0.791015625 0.62890625 0.046875 0.0361328125
1 0.1455078125 0.732421875 0.0771484375 0.0244140625
1 0.513671875 0.8369140625 0.0859375 0.0556640625
1 0.2919921875 0.3251953125 0.08203125 0.0390625
1 0.1953125 0.5849609375 0.1181640625 0.0556640625
1 0.8662109375 0.8408203125 0.05859375 0.03515625
1 0.5927734375 0.4365234375 0.0498046875 0.0341796875
1 0.2568359375 0.634765625 0.1259765625 0.04296875
1 0.486328125 0.6015625 0.1552734375 0.046875
1 0.2060546875 0.833984375 0.1162109375 0.10546875
1 0.7021484375 0.9580078125 0.0888671875 0.0361328125
1 0.0927734375 0.6181640625 0.123046875 0.0576171875
1 0.9169921875 0.1015625 0.087890625 0.0400390625
1 0.1669921875 0.0634765625 0.1220703125 0.103515625
1 0.037109375 0.3994140625 0.07421875 0.0517578125
1 0.2373046875 0.3330078125 0.068359375 0.0302734375
1 0.7265625 0.943359375 0.095703125 0.03515625
1 0.1455078125 0.904296875 0.09375 0.041015625
1 0.0419921875 0.6015625 0.0849609375 0.0498046875
