1 0.0244140625 0.169921875 0.0498046875 0.1162109375
1 0.0595703125 0.0908203125 0.0576171875 0.064453125
1 0.1064453125 0.21484375 0.0595703125 0.0791015625
1 0.046875 0.2998046875 0.078125 0.0810546875
1 0.13671875 0.3857421875 0.0830078125 0.17578125
1 0.037109375 0.5107421875 0.06640625 0.14453125
1 0.201171875 0.056640625 0.064453125 0.1123046875
1 0.271484375 0.099609375 0.0673828125 0.0908203125
1 0.8359375 0.9462890625 0.0869140625 0.0869140625
1 0.6533203125 0.9169921875 0.0888671875 0.0927734375
1 0.712890625 0.853515625 0.0615234375 0.064453125
1 0.6435546875 0.7978515625 0.0869140625 0.09765625
1 0.580078125 0.7783203125 0.0673828125 0.07421875
1 0.912109375 0.880859375 0.0849609375 0.068359375
1 0.8720703125 0.986328125 0.1142578125 0.02734375
1 0.1650390625 0.9052734375 0.0712890625 0.158203125
1 0.306640625 0.7919921875 0.0791015625 0.0537109375
1 0.11328125 0.7431640625 0.05859375 0.0556640625
1 0.1083984375 0.671875 0.0703125 0.0595703125
1 0.2666015625 0.6513671875 0.1533203125 0.0849609375
1 0.134765625 0.6044921875 0.0595703125 0.0556640625
1 0.41796875 0.580078125 0.076171875 0.0908203125
1 0.4013671875 0.4873046875 0.0771484375 0.0849609375
1 0.3203125 0.484375 0.060546875 0.1044921875
1 0.46875 0.28125 0.099609375 0.150390625
1 0.5517578125 0.2509765625 0.1494140625 0.1005859375
1 0.4892578125 0.1787109375 0.0947265625 0.1015625
1 0.35546875 0.1455078125 0.1005859375 0.0888671875
1 0.7470703125 0.1552734375 0.1162109375 0.09375
1 0.646484375 0.46484375 0.1171875 0.1640625
1 0.6591796875 0.5556640625 0.0986328125 0.0771484375
1 0.8232421875 0.4931640625 0.197265625 0.1474609375
1 0.7841796875 0.6142578125 0.0908203125 0.1337890625
1 0.9501953125 0.173828125 0.0986328125 0.0888671875
1 0.9609375 0.056640625 0.0771484375 0.0673828125
1 0.7880859375 0.0185546875 0.076171875 0.0380859375
1 0.3251953125 0.0166015625 0.0546875 0.0341796875
1 0.974609375 0.6298828125 0.05078125 0.056640625
