1 0.9560546875 0.826171875 0.087890625 0.09375
1 0.828125 0.87890625 0.16015625 0.0830078125
1 0.51953125 0.6767578125 0.091796875 0.15234375
1 0.7236328125 0.7099609375 0.1103515625 0.1396484375
1 0.61328125 0.44921875 0.0888671875 0.115234375
1 0.8349609375 0.4345703125 0.080078125 0.0712890625
1 0.904296875 0.33984375 0.11328125 0.12109375
1 0.92578125 0.2314453125 0.1357421875 0.07421875
1 0.4228515625 0.224609375 0.107421875 0.1455078125
1 0.3115234375 0.2900390625 0.126953125 0.099609375
1 0.150390625 0.2587890625 0.083984375 0.1689453125
1 0.2109375 0.822265625 0.1025390625 0.119140625
1 0.3564453125 0.767578125 0.099609375 0.1181640625
1 0.3408203125 0.6005859375 0.16015625 0.1572265625
1 0.1611328125 0.5517578125 0.0810546875 0.09765625
1 0.3134765625 0.115234375 0.0927734375 0.0771484375
1 0.220703125 0.0615234375 0.05078125 0.068359375
1 0.6025390625 0.1376953125 0.08203125 0.076171875
1 0.7314453125 0.138671875 0.0654296875 0.08203125
1 0.8056640625 0.2119140625 0.0654296875 0.11328125
1 0.669921875 0.24609375 0.0673828125 0.0908203125
1 0.6875 0.34765625 0.048828125 0.0439453125
1 0.775390625 0.0419921875 0.08984375 0.083984375
1 0.6318359375 0.025390625 0.0947265625 0.0517578125
1 0.4755859375 0.2958984375 0.052734375 0.0986328125
1 0.55859375 0.3662109375 0.10546875 0.0498046875
1 0.212890625 0.4111328125 0.0595703125 0.0693359375
1 0.0654296875 0.2412109375 0.0654296875 0.1064453125
1 0.7451171875 0.5107421875 0.12109375 0.1240234375
1 0.640625 0.7177734375 0.087890625 0.04296875
1 0.53125 0.884765625 0.0625 0.12109375
1 0.6923828125 0.94921875 0.275390625 0.1005859375
1 0.6455078125 0.86328125 0.048828125 0.046875
1 0.1337890625 0.7060546875 0.0771484375 0.0576171875
1 0.021484375 0.6435546875 0.0439453125 0.0859375
1 0.1123046875 0.79296875 0.0927734375 0.0556640625
1 0.23828125 0.966796875 0.1015625 0.0654296875
1 0.6044921875 0.765625 0.0556640625 0.0537109375
1 0.5859375 0.83984375 0.0556640625 0.0625
1 0.2880859375 0.62109375 0.0732421875 0.05859375
1 0.3232421875 0.36328125 0.0966796875 0.0546875
