1 0.103515625 0.12109375 0.0791015625 0.0810546875
1 0.8603515625 0.7724609375 0.0595703125 0.0908203125
1 0.5830078125 0.55859375 0.068359375 0.0732421875
1 0.9921875 0.5107421875 0.015625 0.046875
1 0.5009765625 0.478515625 0.0869140625 0.0576171875
1 0.6533203125 0.7490234375 0.099609375 0.06640625
1 0.046875 0.833984375 0.0703125 0.0654296875
1 0.140625 0.3701171875 0.134765625 0.0498046875
1 0.1435546875 0.951171875 0.1455078125 0.0458984375
1 0.919921875 0.4169921875 0.0869140625 0.0439453125
1 0.70703125 0.1533203125 0.0615234375 0.0654296875
1 0.119140625 0.5576171875 0.1435546875 0.0712890625
1 0.96484375 0.7958984375 0.0693359375 0.083984375
1 0.6416015625 0.779296875 0.0390625 0.0732421875
1 0.552734375 0.6064453125 0.0517578125 0.044921875
1 0.4052734375 0.8154296875 0.1123046875 0.052734375
1 0.9521484375 0.046875 0.0849609375 0.08203125
1 0.7978515625 0.2177734375 0.0693359375 0.0830078125
1 0.1708984375 0.4296875 0.140625 0.0458984375
1 0.29296875 0.794921875 0.0654296875 0.0439453125
1 0.951171875 0.1962890625 0.033203125 0.0673828125
1 0.35546875 0.21484375 0.1103515625 0.099609375
1 0.951171875 0.0986328125 0.0966796875 0.0341796875
1 0.7900390625 0.830078125 0.04296875 0.06640625
1 0.224609375 0.8818359375 0.107421875 0.04296875
1 0.125 0.2841796875 0.130859375 0.078125
1 0.8740234375 0.91015625 0.07421875 0.0400390625
1 0.400390625 0.9833984375 0.0791015625 0.0322265625
1 0.0498046875 0.271484375 0.1005859375 0.0458984375
1 0.294921875 0.669921875 0.1015625 0.0390625
1 0.54296875 0.345703125 0.0712890625 0.033203125
1 0.6884765625 0.2529296875 0.0458984375 0.0517578125
1 0.1396484375 0.4697265625 0.095703125 0.03125
1 0.8740234375 0.5205078125 0.1025390625 0.0546875
1 0.5029296875 0.37890625 0.13671875 0.0263671875
1 0.76171875 0.787109375 0.083984375 0.0390625
1 0.8525390625 0.6650390625 0.1142578125 0.0439453125
1 0.041015625 0.1474609375 0.0830078125 0.05078125
1 0.7880859375 0.61328125 0.0322265625 0.052734375
1 0.64453125 0.4443359375 0.11328125 0.048828125
1 0.3681640625 0.4140625 0.09765625 0.0322265625
1 0.1181640625 0.63671875 0.1318359375 0.033203125
1 0.9091796875 0.693359375 0.0654296875 0.0341796875
1 0.3642578125 0.0771484375 0.0537109375 0.0361328125
1 0.48828125 0.787109375 0.15234375 0.09765625
1 0.8603515625 0.1982421875 0.0556640625 0.044921875
1 0.5400390625 0.87109375 0.0673828125 0.0400390625
1 0.12109375 0.3134765625 0.0673828125 0.0185546875
1 0.1279296875 0.841796875 0.0771484375 0.0224609375
1 0.232421875 0.1513671875 0.0703125 0.037109375
1 0.05078125 0.375 0.09765625 0.033203125
1 0.0810546875 0.435546875 0.1533203125 0.07421875
1 0.3876953125 0.181640625 0.095703125 0.083984375
1 0.5390625 0.5283203125 0.0966796875 0.02734375
1 0.765625 0.6513671875 0.1103515625 0.0361328125
1 0.37890625 0.62890625 0.0693359375 0.0361328125
1 0.86328125 0.8359375 0.103515625 0.08203125
1 0.072265625 0.8115234375 0.0771484375 0.033203125
1 0.4755859375 0.0146484375 0.0595703125 0.02734375
1 0.970703125 0.18359375 0.0576171875 0.029296875
1 0.98046875 0.3173828125 0.0380859375 0.033203125
1 0.529296875 0.8935546875 0.0615234375 0.044921875
1 0.1650390625 0.4990234375 0.0615234375 0.01953125
1 0.6044921875 0.9892578125 0.080078125 0.021484375
1 0.2880859375 0.708984375 0.125 0.0478515625
1 0.943359375 0.90234375 0.0595703125 0.029296875
1 0.216796875 0.748046875 0.123046875 0.037109375
1 0.0625 0.23046875 0.080078125 0.0283203125
1 0.748046875 0.7548828125 0.048828125 0.0234375
1 0.0712890625 0.6318359375 0.1025390625 0.0673828125
1 0.62109375 0.4130859375 0.0751953125 0.048828125
1 0.4833984375 0.544921875 0.068359375 0.037109375
1 0.7099609375 0.814453125 0.060546875 0.037109375
1 0.8115234375 0.7431640625 0.048828125 0.0322265625
1 0.7958984375 0.7119140625 0.078125 0.04296875
1 0.3349609375 0.646484375 0.0703125 0.0263671875
1 0.705078125 0.853515625 0.05078125 0.046875
1 0.8486328125 0.31640625 0.041015625 0.0546875
