1 0.208984375 0.01953125 0.0615234375 0.0390625
1 0.5615234375 0.005859375 0.0517578125 0.01171875
1 0.1806640625 0.146484375 0.0615234375 0.0615234375
1 0.119140625 0.1708984375 0.0546875 0.0380859375
1 0.1181640625 0.21875 0.0751953125 0.0478515625
1 0.3056640625 0.3427734375 0.072265625 0.0654296875
1 0.5048828125 0.2890625 0.0927734375 0.0703125
1 0.43359375 0.2744140625 0.0810546875 0.0537109375
1 0.55078125 0.224609375 0.087890625 0.0654296875
1 0.5810546875 0.1591796875 0.068359375 0.083984375
1 0.7412109375 0.1240234375 0.083984375 0.056640625
1 0.8662109375 0.1357421875 0.0908203125 0.0712890625
1 0.9072265625 0.1884765625 0.103515625 0.0673828125
1 0.8466796875 0.9755859375 0.068359375 0.0478515625
1 0.8740234375 0.0361328125 0.0625 0.0595703125
1 0.767578125 0.0224609375 0.0791015625 0.044921875
1 0.2158203125 0.4248046875 0.0986328125 0.0546875
1 0.1552734375 0.5078125 0.0791015625 0.0556640625
1 0.2080078125 0.5595703125 0.080078125 0.0537109375
1 0.208984375 0.732421875 0.0751953125 0.1318359375
1 0.130859375 0.755859375 0.0654296875 0.1220703125
1 0.0263671875 0.6103515625 0.0537109375 0.0673828125
1 0.1142578125 0.607421875 0.0634765625 0.0556640625
1 0.291015625 0.71875 0.0537109375 0.1201171875
1 0.45703125 0.6025390625 0.1279296875 0.1357421875
1 0.5322265625 0.43359375 0.0830078125 0.0673828125
1 0.68359375 0.357421875 0.0546875 0.0576171875
1 0.6962890625 0.4150390625 0.072265625 0.0595703125
1 0.70703125 0.4892578125 0.0947265625 0.1064453125
1 0.9267578125 0.5751953125 0.1171875 0.1298828125
1 0.916015625 0.486328125 0.0732421875 0.076171875
1 0.6123046875 0.685546875 0.07421875 0.080078125
1 0.4599609375 0.833984375 0.072265625 0.1162109375
1 0.478515625 0.9189453125 0.1064453125 0.0732421875
1 0.6787109375 0.7744140625 0.0478515625 0.068359375
1 0.7392578125 0.7705078125 0.0546875 0.06640625
1 0.828125 0.75 0.0595703125 0.0703125
1 0.9150390625 0.77734375 0.0712890625 0.087890625
1 0.9560546875 0.7001953125 0.0869140625 0.08203125
1 0.8828125 0.88671875 0.064453125 0.0859375
1 0.8232421875 0.8798828125 0.0625 0.091796875
1 0.9794921875 0.892578125 0.041015625 0.0712890625
1 0.9814453125 0.8134765625 0.0361328125 0.0732421875
1 0.615234375 0.859375 0.05859375 0.0556640625
1 0.6015625 0.814453125 0.0595703125 0.0537109375
1 0.6396484375 0.7880859375 0.0478515625 0.0595703125
1 0.6337890625 0.9765625 0.06640625 0.0458984375
1 0.3525390625 0.951171875 0.0849609375 0.07421875
1 0.2822265625 0.9521484375 0.056640625 0.0947265625
1 0.25 0.8955078125 0.0810546875 0.115234375
1 0.146484375 0.8935546875 0.0673828125 0.111328125
1 0.0595703125 0.8681640625 0.0634765625 0.095703125
1 0.0458984375 0.7626953125 0.0576171875 0.080078125
1 0.0048828125 0.9921875 0.009765625 0.0146484375
1 0.1865234375 0.96875 0.05859375 0.0615234375
1 0.044921875 0.3076171875 0.0458984375 0.052734375
1 0.056640625 0.9619140625 0.0498046875 0.0625
1 0.3427734375 0.7421875 0.0419921875 0.044921875
1 0.4541015625 0.6923828125 0.0673828125 0.0546875
1 0.4853515625 0.45703125 0.07421875 0.0595703125
1 0.5634765625 0.0234375 0.076171875 0.0478515625
1 0.2333984375 0.0439453125 0.0419921875 0.0673828125
1 0.7001953125 0.8642578125 0.041015625 0.0537109375
