1 0.4462890625 0.1123046875 0.07421875 0.0966796875
1 0.7236328125 0.716796875 0.08203125 0.072265625
1 0.7734375 0.67578125 0.0673828125 0.1025390625
1 0.232421875 0.3798828125 0.1005859375 0.0732421875
1 0.3046875 0.4873046875 0.1123046875 0.0439453125
1 0.98046875 0.2060546875 0.0380859375 0.0810546875
1 0.7490234375 0.5166015625 0.0712890625 0.0654296875
1 0.755859375 0.2763671875 0.0888671875 0.0478515625
1 0.0732421875 0.4052734375 0.1240234375 0.0546875
1 0.138671875 0.080078125 0.10546875 0.068359375
1 0.5810546875 0.240234375 0.109375 0.0625
1 0.7021484375 0.0234375 0.0869140625 0.0478515625
1 0.6064453125 0.6025390625 0.10546875 0.0517578125
1 0.9736328125 0.494140625 0.052734375 0.0595703125
1 0.513671875 0.0341796875 0.0888671875 0.0400390625
1 0.46875 0.28125 0.10419921875000004 0.05576171875000002
1 0.9599609375 0.037109375 0.0791015625 0.0361328125
1 0.7177734375 0.150390625 0.1201171875 0.0888671875
1 0.5810546875 0.12890625 0.0751953125 0.056640625
1 0.20703125 0.251953125 0.0751953125 0.0478515625
1 0.2880859375 0.3408203125 0.068359375 0.060546875
1 0.162109375 0.96484375 0.146484375 0.048828125
1 0.71484375 0.103515625 0.0986328125 0.048828125
1 0.78515625 0.640625 0.0849609375 0.0478515625
1 0.37890625 0.60546875 0.076171875 0.03515625
1 0.318359375 0.7958984375 0.0986328125 0.0771484375
1 0.3388671875 0.0322265625 0.0478515625 0.0634765625
1 0.9013671875 0.2041015625 0.1025390625 0.0830078125
1 0.0546875 0.84375 0.10546875 0.04296875
1 0.3251953125 0.861328125 0.1005859375 0.041015625
1 0.6298828125 0.126953125 0.025390625 0.08984375
1 0.2158203125 0.796875 0.080078125 0.02734375
1 0.96484375 0.9755859375 0.0693359375 0.0439453125
1 0.03125 0.1015625 0.0634765625 0.0322265625
1 0.087890625 0.33984375 0.1240234375 0.0595703125
1 0.951171875 0.3564453125 0.0625 0.0390625
1 0.06953125 0.9201171875 0.11230468749999999 0.041015625
1 0.6357421875 0.7197265625 0.0849609375 0.0283203125
1 0.5556640625 0.3779296875 0.0341796875 0.095703125
1 0.1943359375 0.287109375 0.1015625 0.0517578125
1 0.650390625 0.7802734375 0.0732421875 0.033203125
1 0.3876953125 0.9208984375 0.1376953125 0.0380859375
1 0.716796875 0.8271484375 0.060546875 0.037109375
1 0.17578125 0.40625 0.087890625 0.0810546875
1 0.068359375 0.6123046875 0.1376953125 0.08203125
1 0.525390625 0.7001953125 0.0625 0.0390625
1 0.1064453125 0.0888671875 0.087890625 0.05859375
1 0.1337890625 0.294921875 0.0849609375 0.0341796875
1 0.1103515625 0.55859375 0.095703125 0.0439453125
1 0.5693359375 0.869140625 0.046875 0.1181640625
1 0.8916015625 0.9072265625 0.07421875 0.0263671875
1 0.0576171875 0.759765625 0.091796875 0.0947265625
1 0.5869140625 0.3173828125 0.0419921875 0.083984375
1 0.30859375 0.2099609375 0.064453125 0.0615234375
1 0.3564453125 0.0908203125 0.08984375 0.1416015625
1 0.095703125 0.7109375 0.1533203125 0.037109375
1 0.98046875 0.7138671875 0.0390625 0.029296875
1 0.5380859375 0.45703125 0.0576171875 0.0244140625
1 0.982421875 0.59765625 0.03515625 0.0703125
1 0.8896484375 0.3916015625 0.1484375 0.03515625
1 0.890625 0.4521484375 0.0595703125 0.02734375
1 0.208984375 0.8701171875 0.14453125 0.04296875
1 0.5234375 0.5380859375 0.0693359375 0.0703125
1 0.26953125 0.716796875 0.12890625 0.0400390625
1 0.6357421875 0.912109375 0.048828125 0.0302734375
1 0.2587890625 0.9912109375 0.041015625 0.0166015625
1 0.6982421875 0.9873046875 0.0859375 0.0244140625
1 0.9326171875 0.431640625 0.0732421875 0.04296875
1 0.419921875 0.8349609375 0.078125 0.0322265625
1 0.783203125 0.9921875 0.0732421875 0.015625
1 0.9296875 0.580078125 0.06640625 0.0322265625
1 0.7158203125 0.0986328125 0.1025390625 0.076171875
1 0.8935546875 0.51953125 0.0556640625 0.01953125
1 0.4208984375 0.23828125 0.0439453125 0.0380859375
1 0.80078125 0.9345703125 0.1171875 0.0517578125
1 0.6982421875 0.6435546875 0.06640625 0.052734375
1 0.515625 0.115234375 0.05859375 0.044921875
1 0.03515625 0.8134765625 0.0712890625 0.037109375
1 0.15234375 0.255859375 0.072265625 0.0361328125
