1 0.2666015625 0.833984375 0.2099609375 0.0947265625
1 0.8603515625 0.9228515625 0.1533203125 0.0771484375
1 0.25390625 0.521484375 0.1591796875 0.0615234375
1 0.822265625 0.40625 0.134765625 0.0849609375
1 0.013671875 0.2216796875 0.02734375 0.115234375
1 0.080078125 0.30078125 0.15234375 0.1025390625
1 0.041015625 0.4755859375 0.0810546875 0.138671875
1 0.08984375 0.734375 0.107421875 0.08203125
1 0.1455078125 0.1708984375 0.0927734375 0.080078125
1 0.8623046875 0.8173828125 0.162109375 0.1083984375
1 0.9013671875 0.5244140625 0.1298828125 0.080078125
1 0.951171875 0.7216796875 0.0947265625 0.0751953125
1 0.05078125 0.9404296875 0.1015625 0.09765625
1 0.173828125 0.6962890625 0.126953125 0.072265625
1 0.9521484375 0.4013671875 0.095703125 0.1083984375
1 0.05859375 0.1279296875 0.0986328125 0.0927734375
1 0.1240234375 0.611328125 0.099609375 0.09765625
1 0.0234375 0.82421875 0.046875 0.0849609375
1 0.095703125 0.8173828125 0.099609375 0.060546875
1 0.7919921875 0.998046875 0.099609375 0.0029296875
1 0.1328125 0.224609375 0.1220703125 0.076171875
1 0.9443359375 0.1796875 0.1103515625 0.08984375
1 0.9345703125 0.0400390625 0.1240234375 0.0810546875
1 0.1337890625 0.0576171875 0.1015625 0.0908203125
1 0.1064453125 0.9755859375 0.1142578125 0.0478515625
