1 0.099609375 0.7373046875 0.0947265625 0.1455078125
1 0.3134765625 0.830078125 0.173828125 0.1318359375
1 0.1005859375 0.533203125 0.169921875 0.0908203125
1 0.1826171875 0.494140625 0.115234375 0.1044921875
1 0.0400390625 0.4033203125 0.0810546875 0.0927734375
1 0.0537109375 0.044921875 0.107421875 0.0908203125
1 0.0751953125 0.1630859375 0.0625 0.0712890625
1 0.0302734375 0.2138671875 0.060546875 0.1005859375
1 0.33984375 0.318359375 0.1025390625 0.0888671875
1 0.390625 0.4541015625 0.0947265625 0.08203125
1 0.486328125 0.3486328125 0.0771484375 0.0947265625
1 0.6748046875 0.271484375 0.1005859375 0.0703125
1 0.70703125 0.365234375 0.1025390625 0.0869140625
1 0.8349609375 0.353515625 0.08984375 0.087890625
1 0.5576171875 0.642578125 0.099609375 0.099609375
1 0.958984375 0.2587890625 0.08203125 0.109375
1 0.7197265625 0.0712890625 0.08984375 0.0751953125
1 0.5654296875 0.037109375 0.0654296875 0.07421875
1 0.4931640625 0.0732421875 0.0498046875 0.0849609375
1 0.3896484375 0.052734375 0.064453125 0.07421875
1 0.794921875 0.951171875 0.060546875 0.080078125
1 0.8427734375 0.982421875 0.0654296875 0.03515625
1 0.01171875 0.8427734375 0.0244140625 0.0732421875
