1 0.669921875 0.015625 0.052734375 0.0322265625
1 0.390625 0.5849609375 0.140625 0.0751953125
1 0.6591796875 0.36328125 0.2001953125 0.34765625
1 0.9609375 0.5830078125 0.0771484375 0.0849609375
1 0.96875 0.3212890625 0.0576171875 0.18359375
1 0.556640625 0.873046875 0.140625 0.0947265625
1 0.9775390625 0.4833984375 0.044921875 0.080078125
1 0.0908203125 0.9453125 0.0908203125 0.109375
1 0.203125 0.28125 0.1201171875 0.193359375
1 0.51953125 0.8349609375 0.2197265625 0.083984375
1 0.6162109375 0.1279296875 0.103515625 0.146484375
1 0.634765625 0.7431640625 0.107421875 0.1103515625
1 0.68359375 0.751953125 0.1044921875 0.087890625
1 0.8974609375 0.744140625 0.068359375 0.146484375
1 0.841796875 0.671875 0.09765625 0.1298828125
1 0.7314453125 0.6904296875 0.21875 0.1298828125
1 0.7919921875 0.3046875 0.0986328125 0.0771484375
1 0.8232421875 0.3779296875 0.052734375 0.2783203125
1 0.744140625 0.3671875 0.2158203125 0.376953125
