1 0.9677734375 0.046875 0.0615234375 0.0751953125
1 0.9482421875 0.4404296875 0.0673828125 0.0966796875
1 0.0693359375 0.6552734375 0.0908203125 0.0673828125
1 0.7890625 0.3134765625 0.0751953125 0.0908203125
1 0.759765625 0.2021484375 0.0947265625 0.072265625
1 0.36328125 0.9462890625 0.14453125 0.06640625
1 0.974609375 0.2607421875 0.05078125 0.0947265625
1 0.9736328125 0.54296875 0.0498046875 0.0654296875
1 0.373046875 0.263671875 0.1142578125 0.0595703125
1 0.7060546875 0.75 0.1259765625 0.052734375
1 0.990234375 0.46484375 0.01953125 0.05859375
1 0.8359375 0.099609375 0.1015625 0.091796875
1 0.1767578125 0.1796875 0.1103515625 0.0654296875
1 0.09765625 0.7197265625 0.076171875 0.0634765625
1 0.6650390625 0.767578125 0.1015625 0.0478515625
1 0.2197265625 0.666015625 0.107421875 0.0595703125
1 0.716796875 0.416015625 0.0654296875 0.0810546875
1 0.134765625 0.3994140625 0.1376953125 0.0732421875
1 0.423828125 0.482421875 0.083984375 0.037109375
1 0.517578125 0.3466796875 0.0908203125 0.060546875
1 0.189453125 0.529296875 0.0595703125 0.0654296875
1 0.654296875 0.337890625 0.13671875 0.0927734375
1 0.9814453125 0.716796875 0.0361328125 0.0302734375
1 0.04296875 0.4521484375 0.0859375 0.0546875
1 0.90234375 0.314453125 0.07421875 0.05859375
1 0.2080078125 0.0654296875 0.150390625 0.0751953125
1 0.25390625 0.8701171875 0.1240234375 0.0576171875
1 0.31640625 0.48828125 0.080078125 0.0458984375
1 0.6240234375 0.4365234375 0.041015625 0.0751953125
1 0.1357421875 0.1884765625 0.1005859375 0.0546875
1 0.0654296875 0.119140625 0.0703125 0.0458984375
1 0.5595703125 0.9833984375 0.0439453125 0.0302734375
1 0.28515625 0.2099609375 0.111328125 0.0439453125
1 0.1875 0.12890625 0.1220703125 0.0771484375
1 0.13671875 0.91015625 0.1484375 0.0498046875
1 0.505859375 0.6201171875 0.091796875 0.0888671875
1 0.828125 0.681640625 0.0791015625 0.056640625
1 0.486328125 0.8525390625 0.109375 0.0390625
1 0.732421875 0.8583984375 0.056640625 0.052734375
1 0.65625 0.5146484375 0.216796875 0.0478515625
1 0.818359375 0.435546875 0.111328125 0.0390625
1 0.4892578125 0.58984375 0.171875 0.0478515625
1 0.7373046875 0.16015625 0.0947265625 0.041015625
1 0.595703125 0.93359375 0.1259765625 0.037109375
1 0.5048828125 0.4619140625 0.0712890625 0.0439453125
1 0.9677734375 0.1787109375 0.0634765625 0.0361328125
1 0.517578125 0.1826171875 0.056640625 0.029296875
1 0.67578125 0.66796875 0.0615234375 0.09375
1 0.2294921875 0.28515625 0.087890625 0.048828125
1 0.984375 0.76171875 0.0302734375 0.021484375
1 0.0751953125 0.8369140625 0.1015625 0.0556640625
1 0.7666015625 0.4599609375 0.0478515625 0.0517578125
1 0.5869140625 0.4794921875 0.076171875 0.0380859375
1 0.7255859375 0.0068359375 0.0361328125 0.013671875
1 0.806640625 0.48046875 0.099609375 0.09765625
1 0.0283203125 0.7333984375 0.056640625 0.0390625
1 0.37890625 0.5849609375 0.0810546875 0.0341796875
1 0.8564453125 0.513671875 0.0693359375 0.10546875
1 0.3974609375 0.2216796875 0.091796875 0.0263671875
1 0.81640625 0.5029296875 0.06640625 0.0546875
1 0.0966796875 0.3681640625 0.09375 0.0478515625
1 0.529296875 0.5078125 0.0751953125 0.04296875
1 0.6416015625 0.3779296875 0.080078125 0.046875
1 0.8857421875 0.1708984375 0.099609375 0.1064453125
1 0.4716796875 0.5498046875 0.12109375 0.05859375
1 0.0126953125 0.376953125 0.025390625 0.0673828125
1 0.3349609375 0.5537109375 0.0888671875 0.03515625
1 0.1787109375 0.697265625 0.078125 0.029296875
1 0.8359375 0.1748046875 0.1083984375 0.044921875
1 0.205078125 0.9033203125 0.0908203125 0.06640625
1 0.013671875 0.5546875 0.0283203125 0.0380859375
