1 0.267578125 0.2080078125 0.0703125 0.0849609375
1 0.185546875 0.3271484375 0.060546875 0.06640625
1 0.2685546875 0.109375 0.091796875 0.095703125
1 0.1279296875 0.1416015625 0.0712890625 0.103515625
1 0.294921875 0.0322265625 0.0703125 0.064453125
1 0.2529296875 0.9765625 0.0751953125 0.0458984375
1 0.0498046875 0.078125 0.072265625 0.0927734375
1 0.1923828125 0.2431640625 0.07421875 0.0673828125
1 0.177734375 0.552734375 0.0869140625 0.072265625
1 0.2900390625 0.8388671875 0.0693359375 0.056640625
1 0.87109375 0.3203125 0.119140625 0.0947265625
1 0.126953125 0.2451171875 0.064453125 0.0634765625
1 0.1337890625 0.8828125 0.0634765625 0.056640625
1 0.8955078125 0.6982421875 0.060546875 0.0625
1 0.322265625 0.59375 0.0869140625 0.0908203125
1 0.076171875 0.2119140625 0.0791015625 0.0703125
1 0.3564453125 0.0908203125 0.0439453125 0.072265625
1 0.1240234375 0.3916015625 0.09765625 0.1142578125
1 0.81640625 0.0986328125 0.1025390625 0.10546875
1 0.0498046875 0.779296875 0.0673828125 0.0576171875
1 0.0927734375 0.556640625 0.107421875 0.146484375
1 0.7119140625 0.1181640625 0.0908203125 0.0810546875
1 0.2998046875 0.2587890625 0.0517578125 0.0810546875
1 0.8818359375 0.4736328125 0.087890625 0.0810546875
1 0.9365234375 0.552734375 0.1171875 0.0810546875
1 0.2939453125 0.3447265625 0.091796875 0.0810546875
1 0.3603515625 0.2685546875 0.0634765625 0.064453125
1 0.3154296875 0.5029296875 0.1171875 0.08203125
1 0.203125 0.8564453125 0.0576171875 0.06640625
1 0.0546875 0.947265625 0.107421875 0.064453125
1 0.0341796875 0.9814453125 0.06640625 0.0322265625
1 0.896484375 0.8974609375 0.0693359375 0.0576171875
1 0.6689453125 0.2109375 0.072265625 0.0830078125
1 0.7744140625 0.197265625 0.068359375 0.0908203125
1 0.9521484375 0.1630859375 0.0849609375 0.107421875
1 0.9482421875 0.08203125 0.0888671875 0.0771484375
1 0.927734375 0.0419921875 0.078125 0.083984375
1 0.396484375 0.2333984375 0.05078125 0.0712890625
1 0.193359375 0.1591796875 0.0439453125 0.0625
1 0.1982421875 0.0908203125 0.0498046875 0.0810546875
