1 0.9130859375 0.91015625 0.087890625 0.0830078125
1 0.9169921875 0.330078125 0.07421875 0.0673828125
1 0.9140625 0.0361328125 0.0947265625 0.072265625
1 0.9794921875 0.2734375 0.0400390625 0.08203125
1 0.884765625 0.2255859375 0.099609375 0.0771484375
1 0.6982421875 0.333984375 0.091796875 0.0595703125
1 0.072265625 0.7548828125 0.0703125 0.080078125
1 0.814453125 0.0654296875 0.1201171875 0.0927734375
1 0.58984375 0.029296875 0.0703125 0.0595703125
1 0.798828125 0.40625 0.0849609375 0.0849609375
1 0.96484375 0.111328125 0.0693359375 0.080078125
1 0.9716796875 0.4765625 0.056640625 0.0673828125
1 0.123046875 0.9541015625 0.0771484375 0.0595703125
