1 0.9384765625 0.64453125 0.123046875 0.1220703125
1 0.466796875 0.40625 0.162109375 0.125
1 0.30078125 0.326171875 0.1611328125 0.123046875
1 0.498046875 0.1962890625 0.099609375 0.091796875
1 0.703125 0.1220703125 0.15234375 0.09375
1 0.2998046875 0.068359375 0.125 0.1376953125
1 0.8212890625 0.0380859375 0.154296875 0.0771484375
1 0.2001953125 0.5068359375 0.216796875 0.095703125
1 0.330078125 0.634765625 0.1220703125 0.0947265625
1 0.1513671875 0.7197265625 0.1640625 0.0849609375
1 0.974609375 0.3916015625 0.0498046875 0.1005859375
1 0.9482421875 0.5546875 0.068359375 0.078125
1 0.185546875 0.0908203125 0.10546875 0.16796875
1 0.2041015625 0.2353515625 0.064453125 0.0673828125
1 0.2861328125 0.2197265625 0.0830078125 0.0859375
1 0.0634765625 0.25 0.087890625 0.087890625
1 0.130859375 0.396484375 0.08984375 0.095703125
1 0.48046875 0.52734375 0.0859375 0.076171875
1 0.693359375 0.5478515625 0.0771484375 0.0673828125
1 0.607421875 0.5615234375 0.05859375 0.0400390625
1 0.6025390625 0.609375 0.091796875 0.0771484375
1 0.328125 0.8447265625 0.08984375 0.07421875
1 0.2265625 0.9013671875 0.09765625 0.0654296875
1 0.4677734375 0.859375 0.140625 0.140625
1 0.0361328125 0.79296875 0.072265625 0.0634765625
1 0.2880859375 0.9619140625 0.083984375 0.0751953125
1 0.6845703125 0.9697265625 0.0615234375 0.0595703125
1 0.751953125 0.95703125 0.0791015625 0.0615234375
1 0.9072265625 0.935546875 0.146484375 0.072265625
1 0.88671875 0.978515625 0.115234375 0.03515625
