1 0.380859375 0.6376953125 0.0791015625 0.078125
1 0.0576171875 0.5888671875 0.076171875 0.064453125
1 0.0625 0.82421875 0.05078125 0.111328125
1 0.2578125 0.2822265625 0.0966796875 0.109375
1 0.052734375 0.369140625 0.0771484375 0.083984375
1 0.171875 0.66796875 0.05859375 0.0771484375
1 0.4296875 0.302734375 0.0537109375 0.0771484375
1 0.3564453125 0.146484375 0.0703125 0.091796875
1 0.06640625 0.935546875 0.064453125 0.078125
1 0.263671875 0.6015625 0.1064453125 0.1123046875
1 0.974609375 0.390625 0.05078125 0.0810546875
1 0.3486328125 0.328125 0.044921875 0.0830078125
1 0.576171875 0.2041015625 0.064453125 0.0849609375
1 0.3388671875 0.919921875 0.0615234375 0.0732421875
1 0.455078125 0.125 0.0498046875 0.0654296875
1 0.119140625 0.2890625 0.0703125 0.0576171875
1 0.80078125 0.5439453125 0.046875 0.115234375
1 0.638671875 0.41796875 0.04296875 0.083984375
1 0.9638671875 0.9560546875 0.0712890625 0.078125
1 0.97265625 0.3291015625 0.0537109375 0.05859375
1 0.6982421875 0.95703125 0.0576171875 0.0810546875
1 0.62109375 0.3623046875 0.0732421875 0.03515625
1 0.4755859375 0.40234375 0.064453125 0.0595703125
1 0.279296875 0.7099609375 0.0732421875 0.0556640625
1 0.9912109375 0.8984375 0.017578125 0.0869140625
1 0.31640625 0.6904296875 0.05859375 0.0439453125
1 0.1259765625 0.4072265625 0.08203125 0.087890625
1 0.185546875 0.775390625 0.0537109375 0.064453125
1 0.517578125 0.7041015625 0.0546875 0.0556640625
1 0.1640625 0.3779296875 0.13671875 0.115234375
1 0.2275390625 0.90234375 0.0576171875 0.064453125
1 0.802734375 0.0283203125 0.0556640625 0.0556640625
1 0.302734375 0.0634765625 0.0546875 0.0654296875
1 0.8779296875 0.7802734375 0.0693359375 0.0498046875
1 0.666015625 0.7626953125 0.1005859375 0.0654296875
1 0.9453125 0.623046875 0.0302734375 0.099609375
1 0.44140625 0.8125 0.0439453125 0.05078125
1 0.6416015625 0.982421875 0.0419921875 0.03515625
1 0.9755859375 0.443359375 0.048828125 0.0234375
1 0.826171875 0.7451171875 0.04296875 0.05078125
1 0.4140625 0.740234375 0.044921875 0.0947265625
1 0.279296875 0.9404296875 0.05859375 0.0263671875
1 0.158203125 0.98828125 0.05859375 0.0234375
1 0.2578125 0.052734375 0.0693359375 0.05078125
1 0.744140625 0.4873046875 0.0439453125 0.0751953125
1 0.1865234375 0.96875 0.0830078125 0.052734375
1 0.724609375 0.638671875 0.083984375 0.07421875
1 0.19921875 0.025390625 0.0537109375 0.048828125
1 0.8046875 0.8583984375 0.05859375 0.03515625
1 0.9033203125 0.3291015625 0.044921875 0.072265625
1 0.765625 0.5634765625 0.046875 0.083984375
1 0.841796875 0.7216796875 0.0400390625 0.0703125
1 0.853515625 0.6494140625 0.044921875 0.048828125
1 0.51171875 0.453125 0.138671875 0.06640625
1 0.12890625 0.5732421875 0.03515625 0.068359375
1 0.96484375 0.6416015625 0.04296875 0.0771484375
1 0.15625 0.263671875 0.0673828125 0.0498046875
1 0.59765625 0.8798828125 0.0498046875 0.0205078125
1 0.91796875 0.8193359375 0.0576171875 0.0458984375
1 0.7783203125 0.8125 0.0419921875 0.0546875
1 0.25 0.4267578125 0.076171875 0.0537109375
1 0.564453125 0.4970703125 0.125 0.05078125
1 0.609375 0.3037109375 0.068359375 0.0615234375
1 0.025390625 0.828125 0.0517578125 0.0234375
1 0.78125 0.8623046875 0.041015625 0.0595703125
1 0.515625 0.0146484375 0.037109375 0.0302734375
1 0.978515625 0.748046875 0.0419921875 0.0263671875
1 0.62109375 0.912109375 0.0576171875 0.046875
