1 0.6123046875 0.0576171875 0.08203125 0.072265625
1 0.537109375 0.0283203125 0.0927734375 0.0576171875
1 0.458984375 0.115234375 0.087890625 0.0654296875
1 0.408203125 0.203125 0.0791015625 0.0625
1 0.173828125 0.146484375 0.0966796875 0.0771484375
1 0.2119140625 0.189453125 0.083984375 0.0576171875
1 0.0703125 0.0830078125 0.0888671875 0.0673828125
1 0.0322265625 0.158203125 0.064453125 0.0634765625
1 0.0693359375 0.271484375 0.138671875 0.060546875
1 0.59375 0.30859375 0.0888671875 0.087890625
1 0.82421875 0.2587890625 0.0810546875 0.078125
1 0.921875 0.244140625 0.0595703125 0.064453125
1 0.8037109375 0.33984375 0.091796875 0.05859375
1 0.77734375 0.3857421875 0.064453125 0.0498046875
1 0.888671875 0.484375 0.107421875 0.0966796875
1 0.7177734375 0.62109375 0.0810546875 0.0849609375
1 0.40625 0.578125 0.0751953125 0.0556640625
1 0.2451171875 0.5791015625 0.1142578125 0.087890625
1 0.3818359375 0.640625 0.080078125 0.064453125
1 0.978515625 0.328125 0.04296875 0.08984375
1 0.23046875 0.6982421875 0.103515625 0.0615234375
1 0.12890625 0.6962890625 0.08203125 0.052734375
1 0.0478515625 0.759765625 0.0751953125 0.1005859375
1 0.0234375 0.8515625 0.046875 0.10546875
1 0.0703125 0.9384765625 0.068359375 0.0537109375
1 0.2666015625 0.9560546875 0.05078125 0.0869140625
1 0.400390625 0.8857421875 0.0947265625 0.064453125
1 0.349609375 0.79296875 0.109375 0.0859375
1 0.4404296875 0.7294921875 0.080078125 0.05078125
1 0.56640625 0.802734375 0.080078125 0.095703125
1 0.537109375 0.939453125 0.0888671875 0.12109375
1 0.8056640625 0.8671875 0.08203125 0.0732421875
1 0.7998046875 0.9189453125 0.0693359375 0.0517578125
1 0.93359375 0.8369140625 0.087890625 0.083984375
1 0.7099609375 0.69140625 0.0791015625 0.048828125
1 0.7080078125 0.744140625 0.0615234375 0.078125
1 0.658203125 0.818359375 0.078125 0.1005859375
1 0.8994140625 0.66796875 0.060546875 0.06640625
1 0.8701171875 0.7373046875 0.052734375 0.05078125
1 0.9189453125 0.5986328125 0.072265625 0.064453125
1 0.81640625 0.1376953125 0.1005859375 0.080078125
1 0.8955078125 0.0693359375 0.052734375 0.06640625
1 0.9091796875 0.130859375 0.1064453125 0.064453125
