1 0.056640625 0.0244140625 0.076171875 0.0498046875
1 0.1162109375 0.0703125 0.068359375 0.0517578125
1 0.171875 0.1689453125 0.0634765625 0.0830078125
1 0.236328125 0.1474609375 0.0927734375 0.068359375
1 0.306640625 0.1708984375 0.05859375 0.05078125
1 0.341796875 0.19140625 0.0673828125 0.0546875
1 0.435546875 0.1875 0.060546875 0.0615234375
1 0.673828125 0.1171875 0.072265625 0.087890625
1 0.76953125 0.11328125 0.0732421875 0.05078125
1 0.822265625 0.0419921875 0.078125 0.0654296875
1 0.048828125 0.9609375 0.0712890625 0.078125
1 0.0322265625 0.8984375 0.064453125 0.0537109375
1 0.166015625 0.9765625 0.078125 0.046875
1 0.28515625 0.9287109375 0.0693359375 0.056640625
1 0.333984375 0.9521484375 0.060546875 0.0517578125
1 0.025390625 0.54296875 0.0517578125 0.05078125
1 0.05859375 0.580078125 0.0546875 0.056640625
1 0.06640625 0.630859375 0.068359375 0.0810546875
1 0.0771484375 0.4609375 0.087890625 0.0703125
1 0.3154296875 0.62109375 0.1123046875 0.0556640625
1 0.431640625 0.5302734375 0.08203125 0.083984375
1 0.544921875 0.53125 0.08203125 0.0888671875
1 0.5283203125 0.603515625 0.1025390625 0.0546875
1 0.56640625 0.6923828125 0.0693359375 0.05859375
1 0.4443359375 0.765625 0.0712890625 0.0947265625
1 0.4609375 0.708984375 0.0625 0.046875
1 0.5771484375 0.76953125 0.0703125 0.078125
1 0.658203125 0.751953125 0.0625 0.05078125
1 0.7021484375 0.5712890625 0.0830078125 0.0693359375
1 0.693359375 0.5224609375 0.09375 0.0712890625
1 0.8134765625 0.6552734375 0.0986328125 0.0791015625
1 0.67578125 0.6298828125 0.076171875 0.068359375
1 0.896484375 0.59375 0.076171875 0.0751953125
1 0.9580078125 0.55859375 0.0703125 0.0654296875
1 0.9169921875 0.4912109375 0.0634765625 0.0869140625
1 0.884765625 0.83984375 0.115234375 0.0986328125
1 0.9462890625 0.92578125 0.1064453125 0.0615234375
1 0.5888671875 0.962890625 0.09765625 0.07421875
1 0.607421875 0.123046875 0.0859375 0.0673828125
1 0.5791015625 0.060546875 0.0732421875 0.05078125
