1 0.2763671875 0.953125 0.05078125 0.0625
1 0.33203125 0.9287109375 0.068359375 0.0908203125
1 0.2568359375 0.837890625 0.0693359375 0.072265625
1 0.0859375 0.9111328125 0.0693359375 0.06640625
1 0.5537109375 0.8193359375 0.09375 0.0712890625
1 0.38671875 0.8095703125 0.0654296875 0.0625
1 0.3115234375 0.7841796875 0.0673828125 0.0546875
1 0.3173828125 0.7265625 0.0703125 0.0595703125
1 0.3603515625 0.658203125 0.0810546875 0.0712890625
1 0.46484375 0.6982421875 0.0986328125 0.0634765625
1 0.5126953125 0.7470703125 0.080078125 0.0546875
1 0.2158203125 0.7275390625 0.1005859375 0.0634765625
1 0.1025390625 0.7861328125 0.0712890625 0.07421875
1 0.072265625 0.8544921875 0.08203125 0.0615234375
1 0.0263671875 0.91015625 0.052734375 0.0595703125
1 0.0224609375 0.3779296875 0.0458984375 0.1552734375
1 0.095703125 0.240234375 0.0693359375 0.078125
1 0.2041015625 0.36328125 0.09375 0.0712890625
1 0.02734375 0.19140625 0.0556640625 0.078125
1 0.1025390625 0.1240234375 0.0654296875 0.0693359375
1 0.2744140625 0.03515625 0.0478515625 0.0693359375
1 0.326171875 0.056640625 0.0556640625 0.107421875
1 0.541015625 0.2255859375 0.0634765625 0.095703125
1 0.37890625 0.2666015625 0.0771484375 0.060546875
1 0.744140625 0.1689453125 0.0625 0.0634765625
1 0.7900390625 0.208984375 0.0458984375 0.05078125
1 0.7392578125 0.236328125 0.0703125 0.07421875
1 0.7998046875 0.2822265625 0.0517578125 0.087890625
1 0.853515625 0.2373046875 0.064453125 0.0693359375
1 0.8408203125 0.1796875 0.09375 0.048828125
1 0.873046875 0.1337890625 0.0576171875 0.05859375
1 0.80859375 0.3642578125 0.0927734375 0.0634765625
1 0.9306640625 0.2744140625 0.103515625 0.0576171875
1 0.962890625 0.3203125 0.056640625 0.05078125
1 0.6123046875 0.6171875 0.0693359375 0.0830078125
1 0.6904296875 0.6806640625 0.05078125 0.060546875
1 0.837890625 0.6376953125 0.052734375 0.0595703125
1 0.783203125 0.5986328125 0.10546875 0.0888671875
1 0.9287109375 0.67578125 0.0703125 0.0673828125
1 0.8173828125 0.732421875 0.052734375 0.080078125
1 0.8505859375 0.79296875 0.0712890625 0.0634765625
1 0.796875 0.951171875 0.0537109375 0.072265625
1 0.8544921875 0.9287109375 0.05078125 0.06640625
1 0.9208984375 0.8525390625 0.0654296875 0.048828125
1 0.9541015625 0.8876953125 0.0751953125 0.0556640625
1 0.8505859375 0.8642578125 0.052734375 0.0537109375
1 0.9755859375 0.7958984375 0.048828125 0.0576171875
1 0.9775390625 0.865234375 0.04296875 0.078125
1 0.033203125 0.3818359375 0.05859375 0.0654296875
1 0.9833984375 0.146484375 0.0322265625 0.0419921875
