1 0.0986328125 0.4609375 0.1201171875 0.126953125
1 0.146484375 0.76171875 0.1044921875 0.1240234375
1 0.1337890625 0.970703125 0.1328125 0.05859375
1 0.6572265625 0.73046875 0.0869140625 0.046875
1 0.5859375 0.361328125 0.103515625 0.072265625
1 0.80078125 0.9619140625 0.11328125 0.0751953125
1 0.5791015625 0.6279296875 0.07421875 0.1181640625
1 0.4267578125 0.5556640625 0.1103515625 0.1025390625
1 0.740234375 0.8662109375 0.09375 0.08984375
1 0.2421875 0.408203125 0.16015625 0.1025390625
1 0.7236328125 0.2373046875 0.1650390625 0.115234375
1 0.9306640625 0.9619140625 0.123046875 0.0751953125
1 0.2236328125 0.5107421875 0.1298828125 0.08203125
1 0.8427734375 0.3759765625 0.171875 0.1748046875
1 0.072265625 0.076171875 0.0849609375 0.14453125
1 0.0791015625 0.291015625 0.1171875 0.1953125
1 0.458984375 0.7978515625 0.1142578125 0.0673828125
1 0.4130859375 0.6533203125 0.052734375 0.078125
1 0.60546875 0.0380859375 0.1630859375 0.0732421875
1 0.548828125 0.267578125 0.056640625 0.076171875
1 0.48828125 0.65234375 0.087890625 0.080078125
1 0.966796875 0.5517578125 0.0654296875 0.0703125
