1 0.671875 0.7470703125 0.1201171875 0.08984375
1 0.5986328125 0.5048828125 0.09765625 0.1025390625
1 0.5146484375 0.0859375 0.134765625 0.072265625
1 0.6953125 0.537109375 0.1123046875 0.095703125
1 0.4267578125 0.2587890625 0.1103515625 0.0751953125
1 0.96875 0.07421875 0.0625 0.11328125
1 0.6416015625 0.1357421875 0.1142578125 0.068359375
1 0.564453125 0.361328125 0.08984375 0.0654296875
1 0.9755859375 0.0009765625 0.0478515625 0.001953125
1 0.87890625 0.2607421875 0.0693359375 0.123046875
1 0.755859375 0.1015625 0.087890625 0.0693359375
1 0.6396484375 0.22265625 0.125 0.0673828125
1 0.65234375 0.046875 0.1025390625 0.0947265625
1 0.935546875 0.3291015625 0.0625 0.0849609375
1 0.546875 0.5654296875 0.0849609375 0.0673828125
1 0.67578125 0.1865234375 0.08203125 0.0458984375
1 0.45703125 0.1142578125 0.0859375 0.0478515625
