1 0.185546875 0.033203125 0.0732421875 0.06640625
1 0.349609375 0.0185546875 0.0791015625 0.0380859375
1 0.6787109375 0.0087890625 0.0849609375 0.0185546875
1 0.5986328125 0.15234375 0.0810546875 0.0654296875
1 0.4794921875 0.083984375 0.0625 0.0732421875
1 0.150390625 0.169921875 0.0830078125 0.072265625
1 0.3271484375 0.2060546875 0.09765625 0.0478515625
1 0.283203125 0.259765625 0.125 0.0654296875
1 0.1904296875 0.27734375 0.0791015625 0.072265625
1 0.1572265625 0.4990234375 0.076171875 0.1171875
1 0.2265625 0.46875 0.0947265625 0.0751953125
1 0.4267578125 0.3525390625 0.12890625 0.06640625
1 0.494140625 0.486328125 0.0771484375 0.0966796875
1 0.529296875 0.5556640625 0.076171875 0.07421875
1 0.4287109375 0.5615234375 0.111328125 0.095703125
1 0.033203125 0.6357421875 0.06640625 0.0771484375
1 0.7587890625 0.234375 0.1064453125 0.0712890625
1 0.6875 0.3798828125 0.0703125 0.0693359375
1 0.796875 0.3896484375 0.0869140625 0.080078125
1 0.876953125 0.296875 0.0751953125 0.1044921875
1 0.96484375 0.1259765625 0.0703125 0.0986328125
1 0.857421875 0.0625 0.08203125 0.076171875
1 0.91796875 0.41796875 0.0732421875 0.0625
1 0.9296875 0.46875 0.068359375 0.0673828125
1 0.7607421875 0.6259765625 0.0869140625 0.0849609375
1 0.8046875 0.751953125 0.0625 0.072265625
1 0.888671875 0.74609375 0.0576171875 0.0771484375
1 0.375 0.7998046875 0.1162109375 0.08203125
1 0.056640625 0.88671875 0.0595703125 0.0888671875
1 0.4140625 0.912109375 0.1220703125 0.0927734375
1 0.4140625 0.91796875 0.0361328125 0.0908203125
1 0.5849609375 0.7744140625 0.0751953125 0.072265625
1 0.701171875 0.8583984375 0.0654296875 0.060546875
1 0.7001953125 0.93359375 0.08203125 0.0830078125
1 0.8583984375 0.9521484375 0.07421875 0.0791015625
1 0.9072265625 0.8662109375 0.0498046875 0.044921875
1 0.9453125 0.890625 0.06640625 0.07421875
1 0.9736328125 0.5400390625 0.0322265625 0.044921875
1 0.05859375 0.0556640625 0.1181640625 0.09375
