1 0.8291015625 0.7392578125 0.0947265625 0.0947265625
1 0.814453125 0.33984375 0.11328125 0.0673828125
1 0.6484375 0.9599609375 0.09765625 0.080078125
1 0.111328125 0.845703125 0.0849609375 0.091796875
1 0.666015625 0.775390625 0.1123046875 0.115234375
1 0.095703125 0.5146484375 0.11328125 0.080078125
1 0.083984375 0.7490234375 0.134765625 0.103515625
1 0.140625 0.0888671875 0.1376953125 0.1552734375
1 0.5595703125 0.3017578125 0.1044921875 0.0947265625
1 0.6787109375 0.66015625 0.099609375 0.1298828125
1 0.900390625 0.4130859375 0.0673828125 0.1083984375
1 0.822265625 0.8740234375 0.091796875 0.091796875
1 0.8095703125 0.0791015625 0.080078125 0.0693359375
1 0.6318359375 0.2412109375 0.0751953125 0.09765625
1 0.5537109375 0.595703125 0.0830078125 0.072265625
1 0.5 0.6181640625 0.0634765625 0.0927734375
1 0.78125 0.14453125 0.0849609375 0.1318359375
1 0.8154296875 0.3896484375 0.1005859375 0.0703125
1 0.1845703125 0.3154296875 0.0888671875 0.08203125
1 0.716796875 0.5830078125 0.080078125 0.076171875
1 0.9677734375 0.9453125 0.0595703125 0.0830078125
1 0.400390625 0.767578125 0.0830078125 0.076171875
