1 0.2236328125 0.24609375 0.0849609375 0.0751953125
1 0.072265625 0.1689453125 0.1162109375 0.080078125
1 0.0439453125 0.2626953125 0.080078125 0.0693359375
1 0.1181640625 0.3115234375 0.0576171875 0.0673828125
1 0.4091796875 0.09765625 0.0830078125 0.103515625
1 0.4580078125 0.046875 0.109375 0.09375
1 0.6298828125 0.0263671875 0.130859375 0.0537109375
1 0.6875 0.208984375 0.0888671875 0.0546875
1 0.59765625 0.162109375 0.0615234375 0.0625
1 0.853515625 0.234375 0.076171875 0.0556640625
1 0.822265625 0.3046875 0.0693359375 0.0537109375
1 0.6123046875 0.3037109375 0.0849609375 0.0595703125
1 0.990234375 0.2822265625 0.01953125 0.0751953125
1 0.9248046875 0.3037109375 0.0556640625 0.0712890625
1 0.9716796875 0.107421875 0.056640625 0.0712890625
1 0.9462890625 0.03125 0.0556640625 0.0634765625
1 0.8173828125 0.4599609375 0.0791015625 0.0703125
1 0.4296875 0.4296875 0.140625 0.0849609375
1 0.06640625 0.505859375 0.0966796875 0.0673828125
1 0.505859375 0.53515625 0.109375 0.08984375
1 0.5546875 0.677734375 0.1298828125 0.0849609375
1 0.4404296875 0.7197265625 0.10546875 0.078125
1 0.716796875 0.61328125 0.126953125 0.154296875
1 0.9619140625 0.587890625 0.0751953125 0.068359375
1 0.8759765625 0.8203125 0.1083984375 0.0654296875
1 0.8193359375 0.958984375 0.09765625 0.0546875
1 0.8505859375 0.8994140625 0.08984375 0.064453125
1 0.447265625 0.869140625 0.0888671875 0.0791015625
1 0.2861328125 0.8876953125 0.107421875 0.1044921875
1 0.23046875 0.7744140625 0.0712890625 0.0634765625
1 0.0693359375 0.80078125 0.1396484375 0.06640625
1 0.369140625 0.9921875 0.0595703125 0.015625
1 0.994140625 0.9873046875 0.01171875 0.025390625
1 0.0947265625 0.9365234375 0.08984375 0.0869140625
1 0.5146484375 0.9482421875 0.0732421875 0.0595703125
1 0.2353515625 0.39453125 0.1044921875 0.07421875
1 0.5625 0.26953125 0.0771484375 0.08984375
1 0.755859375 0.5185546875 0.078125 0.037109375
1 0.689453125 0.7861328125 0.0791015625 0.103515625
1 0.625 0.7421875 0.0673828125 0.10546875
1 0.220703125 0.9208984375 0.0712890625 0.052734375
