1 0.55859375 0.970703125 0.09765625 0.0576171875
1 0.859375 0.830078125 0.142578125 0.10546875
1 0.6630859375 0.376953125 0.1328125 0.134765625
1 0.466796875 0.6982421875 0.1005859375 0.1533203125
1 0.4384765625 0.9287109375 0.09765625 0.142578125
1 0.9375 0.6416015625 0.125 0.109375
1 0.318359375 0.6640625 0.103515625 0.1357421875
1 0.3525390625 0.337890625 0.1611328125 0.1220703125
1 0.533203125 0.837890625 0.087890625 0.0927734375
1 0.5390625 0.5390625 0.09375 0.125
1 0.4326171875 0.4921875 0.0869140625 0.1064453125
1 0.3203125 0.2041015625 0.150390625 0.15234375
1 0.12109375 0.078125 0.0986328125 0.1552734375
1 0.7216796875 0.4482421875 0.080078125 0.08203125
1 0.2490234375 0.060546875 0.0947265625 0.1025390625
1 0.140625 0.3291015625 0.1376953125 0.3056640625
1 0.4111328125 0.4140625 0.09765625 0.0908203125
1 0.3232421875 0.7783203125 0.087890625 0.087890625
1 0.2109375 0.658203125 0.08984375 0.0927734375
1 0.935546875 0.0390625 0.1025390625 0.0751953125
1 0.7119140625 0.048828125 0.1064453125 0.0947265625
1 0.376953125 0.240234375 0.0849609375 0.072265625
