1 0.0419921875 0.0361328125 0.0849609375 0.0732421875
1 0.1396484375 0.0888671875 0.0595703125 0.05859375
1 0.2685546875 0.0595703125 0.087890625 0.119140625
1 0.189453125 0.01953125 0.068359375 0.0390625
1 0.46875 0.0849609375 0.095703125 0.07421875
1 0.6884765625 0.06640625 0.0419921875 0.0634765625
1 0.5869140625 0.189453125 0.060546875 0.0810546875
1 0.22265625 0.2490234375 0.20703125 0.09375
1 0.0400390625 0.1748046875 0.080078125 0.080078125
1 0.5146484375 0.2919921875 0.1181640625 0.091796875
1 0.416015625 0.2900390625 0.0576171875 0.06640625
1 0.6806640625 0.220703125 0.068359375 0.0625
1 0.7587890625 0.2607421875 0.0966796875 0.072265625
1 0.8251953125 0.2080078125 0.0537109375 0.0537109375
1 0.69921875 0.376953125 0.095703125 0.0947265625
1 0.4775390625 0.41796875 0.07421875 0.0732421875
1 0.3427734375 0.396484375 0.15234375 0.0869140625
1 0.119140625 0.4150390625 0.087890625 0.06640625
1 0.09375 0.580078125 0.0654296875 0.0732421875
1 0.06640625 0.6474609375 0.1337890625 0.0966796875
1 0.09375 0.775390625 0.095703125 0.12890625
1 0.3779296875 0.5791015625 0.10546875 0.087890625
1 0.5771484375 0.48828125 0.0751953125 0.0830078125
1 0.6796875 0.462890625 0.0654296875 0.068359375
1 0.7119140625 0.6015625 0.0703125 0.0908203125
1 0.6416015625 0.59765625 0.0732421875 0.099609375
1 0.5546875 0.6875 0.0771484375 0.154296875
1 0.8193359375 0.515625 0.0791015625 0.1962890625
1 0.3818359375 0.720703125 0.0693359375 0.0712890625
1 0.1943359375 0.921875 0.0634765625 0.15625
1 0.0771484375 0.90625 0.076171875 0.0712890625
1 0.279296875 0.8974609375 0.08984375 0.0556640625
1 0.361328125 0.931640625 0.076171875 0.0810546875
1 0.658203125 0.8818359375 0.08984375 0.0849609375
1 0.7734375 0.83203125 0.06640625 0.0625
1 0.767578125 0.9462890625 0.0634765625 0.1025390625
1 0.9033203125 0.88671875 0.0771484375 0.0830078125
1 0.966796875 0.7607421875 0.06640625 0.0810546875
1 0.9853515625 0.6005859375 0.029296875 0.15625
1 0.2900390625 0.1669921875 0.068359375 0.0576171875
1 0.7548828125 0.189453125 0.048828125 0.0556640625
1 0.6435546875 0.9833984375 0.0517578125 0.033203125
1 0.7109375 0.0498046875 0.03515625 0.068359375
1 0.6787109375 0.275390625 0.0654296875 0.0517578125
1 0.7900390625 0.3505859375 0.056640625 0.0458984375
