1 0.0166015625 0.9423828125 0.033203125 0.0927734375
1 0.0869140625 0.9892578125 0.052734375 0.021484375
1 0.154296875 0.85546875 0.083984375 0.0830078125
1 0.1357421875 0.67578125 0.0966796875 0.080078125
1 0.130859375 0.6181640625 0.0869140625 0.0634765625
1 0.228515625 0.580078125 0.072265625 0.0576171875
1 0.1591796875 0.0546875 0.080078125 0.09375
1 0.0224609375 0.03515625 0.0458984375 0.0625
1 0.1845703125 0.9697265625 0.068359375 0.0595703125
1 0.244140625 0.85546875 0.0791015625 0.103515625
1 0.3037109375 0.7431640625 0.0830078125 0.076171875
1 0.4013671875 0.703125 0.08203125 0.1025390625
1 0.32421875 0.6025390625 0.0712890625 0.076171875
1 0.560546875 0.7177734375 0.0947265625 0.1220703125
1 0.6845703125 0.68359375 0.1162109375 0.091796875
1 0.6513671875 0.576171875 0.068359375 0.1083984375
1 0.73828125 0.4130859375 0.11328125 0.10546875
1 0.8896484375 0.525390625 0.1474609375 0.09375
1 0.970703125 0.7548828125 0.0576171875 0.05859375
1 0.974609375 0.900390625 0.05078125 0.087890625
1 0.732421875 0.89453125 0.1474609375 0.06640625
1 0.6728515625 0.951171875 0.107421875 0.0869140625
1 0.7060546875 0.9921875 0.0908203125 0.0146484375
1 0.3017578125 0.1611328125 0.072265625 0.076171875
1 0.3876953125 0.06640625 0.091796875 0.091796875
1 0.580078125 0.1533203125 0.095703125 0.0830078125
1 0.65625 0.0947265625 0.08203125 0.0732421875
1 0.7568359375 0.125 0.1044921875 0.0830078125
1 0.765625 0.0068359375 0.0810546875 0.0146484375
1 0.8662109375 0.025390625 0.115234375 0.0517578125
1 0.9052734375 0.3037109375 0.11328125 0.0908203125
1 0.9736328125 0.1953125 0.0517578125 0.0810546875
1 0.9873046875 0.2880859375 0.025390625 0.068359375
1 0.4501953125 0.5732421875 0.064453125 0.0947265625
1 0.333984375 0.388671875 0.0654296875 0.1357421875
1 0.3818359375 0.2744140625 0.10546875 0.134765625
1 0.658203125 0.216796875 0.060546875 0.0625
1 0.2109375 0.6796875 0.0498046875 0.0693359375
1 0.1689453125 0.5146484375 0.0712890625 0.064453125
1 0.4208984375 0.89453125 0.08984375 0.080078125
1 0.44140625 0.8291015625 0.0908203125 0.0634765625
1 0.2734375 0.2548828125 0.0732421875 0.0595703125
1 0.9150390625 0.8525390625 0.064453125 0.0517578125
