1 0.0634765625 0.8525390625 0.080078125 0.0556640625
1 0.1943359375 0.869140625 0.06640625 0.0595703125
1 0.208984375 0.7783203125 0.072265625 0.0703125
1 0.046875 0.544921875 0.0634765625 0.091796875
1 0.08203125 0.6328125 0.0693359375 0.1064453125
1 0.201171875 0.5927734375 0.0751953125 0.0859375
1 0.3564453125 0.587890625 0.0634765625 0.0859375
1 0.3740234375 0.494140625 0.08203125 0.06640625
1 0.1015625 0.3291015625 0.0625 0.0576171875
1 0.09375 0.41796875 0.0625 0.068359375
1 0.1884765625 0.333984375 0.0576171875 0.0478515625
1 0.0478515625 0.1669921875 0.095703125 0.103515625
1 0.1328125 0.1103515625 0.0673828125 0.087890625
1 0.0546875 0.083984375 0.09765625 0.0625
1 0.2958984375 0.04296875 0.0556640625 0.072265625
1 0.3935546875 0.0693359375 0.1015625 0.1015625
1 0.51171875 0.2509765625 0.0732421875 0.1015625
1 0.4365234375 0.2626953125 0.0703125 0.0556640625
1 0.662109375 0.154296875 0.056640625 0.0751953125
1 0.5537109375 0.0302734375 0.11328125 0.0576171875
1 0.75390625 0.240234375 0.0908203125 0.05859375
1 0.88671875 0.29296875 0.068359375 0.0771484375
1 0.9541015625 0.2880859375 0.0732421875 0.064453125
1 0.9716796875 0.150390625 0.056640625 0.08203125
1 0.8271484375 0.5244140625 0.0927734375 0.0634765625
1 0.857421875 0.6796875 0.0849609375 0.0791015625
1 0.599609375 0.7607421875 0.0595703125 0.056640625
1 0.8916015625 0.783203125 0.07421875 0.068359375
1 0.9619140625 0.7900390625 0.056640625 0.0556640625
1 0.9150390625 0.8916015625 0.083984375 0.0732421875
1 0.6962890625 0.9541015625 0.0771484375 0.083984375
1 0.576171875 0.9140625 0.0517578125 0.0634765625
1 0.5078125 0.8896484375 0.068359375 0.0830078125
1 0.9736328125 0.7529296875 0.05078125 0.060546875
1 0.017578125 0.224609375 0.03515625 0.0947265625
1 0.9833984375 0.88671875 0.03125 0.037109375
1 0.9853515625 0.8486328125 0.0283203125 0.04296875
1 0.9912109375 0.5712890625 0.017578125 0.0546875
1 0.2734375 0.984375 0.05078125 0.0302734375
