1 0.109375 0.03515625 0.1259765625 0.0712890625
1 0.0205078125 0.0498046875 0.0419921875 0.0693359375
1 0.16015625 0.2119140625 0.056640625 0.078125
1 0.0439453125 0.2294921875 0.0849609375 0.080078125
1 0.03125 0.2978515625 0.0625 0.0712890625
1 0.44921875 0.154296875 0.1015625 0.0595703125
1 0.486328125 0.0849609375 0.080078125 0.0869140625
1 0.4072265625 0.0498046875 0.095703125 0.07421875
1 0.3330078125 0.115234375 0.0654296875 0.0732421875
1 0.37109375 0.1962890625 0.0517578125 0.08203125
1 0.4560546875 0.240234375 0.0751953125 0.0751953125
1 0.4521484375 0.2998046875 0.107421875 0.0634765625
1 0.642578125 0.2431640625 0.0751953125 0.052734375
1 0.7353515625 0.12890625 0.0625 0.0625
1 0.67578125 0.3193359375 0.0634765625 0.0576171875
1 0.646484375 0.455078125 0.064453125 0.0888671875
1 0.7373046875 0.4560546875 0.0703125 0.0966796875
1 0.5810546875 0.5146484375 0.056640625 0.1162109375
1 0.830078125 0.271484375 0.080078125 0.078125
1 0.3642578125 0.44921875 0.107421875 0.130859375
1 0.2685546875 0.4501953125 0.0830078125 0.0830078125
1 0.2431640625 0.51953125 0.056640625 0.0712890625
1 0.1044921875 0.509765625 0.0791015625 0.1083984375
1 0.16015625 0.5087890625 0.0830078125 0.083984375
1 0.076171875 0.56640625 0.0810546875 0.0556640625
1 0.2021484375 0.63671875 0.0888671875 0.056640625
1 0.4052734375 0.5625 0.0888671875 0.0888671875
1 0.474609375 0.578125 0.0712890625 0.0712890625
1 0.4208984375 0.6640625 0.095703125 0.0771484375
1 0.02734375 0.6513671875 0.0537109375 0.080078125
1 0.025390625 0.724609375 0.048828125 0.0712890625
1 0.17578125 0.7265625 0.0810546875 0.0771484375
1 0.353515625 0.7431640625 0.0771484375 0.06640625
1 0.5830078125 0.6875 0.0908203125 0.0693359375
1 0.7333984375 0.6337890625 0.0986328125 0.083984375
1 0.6748046875 0.6904296875 0.05859375 0.0703125
1 0.7138671875 0.7724609375 0.08984375 0.076171875
1 0.9033203125 0.564453125 0.07421875 0.0888671875
1 0.841796875 0.8662109375 0.072265625 0.0859375
1 0.8291015625 0.9638671875 0.09765625 0.072265625
1 0.4755859375 0.9755859375 0.087890625 0.0478515625
1 0.388671875 0.97265625 0.0615234375 0.0546875
1 0.5634765625 0.97265625 0.05078125 0.0546875
1 0.65625 0.9794921875 0.0625 0.0400390625
1 0.9716796875 0.9091796875 0.056640625 0.064453125
1 0.93359375 0.232421875 0.080078125 0.0947265625
1 0.974609375 0.068359375 0.0498046875 0.09375
1 0.8125 0.1533203125 0.080078125 0.091796875
1 0.1572265625 0.8466796875 0.072265625 0.068359375
1 0.333984375 0.779296875 0.072265625 0.0654296875
1 0.3203125 0.7099609375 0.078125 0.080078125
1 0.3984375 0.7109375 0.041015625 0.0478515625
1 0.3203125 0.65234375 0.03515625 0.064453125
1 0.017578125 0.140625 0.0361328125 0.078125
1 0.259765625 0.1728515625 0.060546875 0.0517578125
1 0.37890625 0.1328125 0.0556640625 0.060546875
1 0.2314453125 0.015625 0.0556640625 0.029296875
1 0.33203125 0.03515625 0.076171875 0.0703125
1 0.9306640625 0.255859375 0.095703125 0.05078125
