1 0.4814453125 0.3427734375 0.068359375 0.0771484375
1 0.1279296875 0.7421875 0.0595703125 0.0791015625
1 0.43359375 0.09765625 0.068359375 0.0830078125
1 0.939453125 0.5732421875 0.087890625 0.0693359375
1 0.8271484375 0.6962890625 0.046875 0.0751953125
1 0.8544921875 0.1455078125 0.046875 0.068359375
1 0.798828125 0.3564453125 0.041015625 0.0693359375
1 0.45703125 0.41015625 0.0576171875 0.05078125
1 0.4326171875 0.650390625 0.06640625 0.0654296875
1 0.123046875 0.4423828125 0.0673828125 0.0888671875
1 0.7451171875 0.2265625 0.05078125 0.076171875
1 0.5615234375 0.4599609375 0.076171875 0.0478515625
1 0.109375 0.8251953125 0.078125 0.037109375
1 0.3232421875 0.2294921875 0.0546875 0.0546875
1 0.546875 0.970703125 0.046875 0.0576171875
1 0.7978515625 0.2314453125 0.0830078125 0.0859375
1 0.5869140625 0.2255859375 0.0546875 0.078125
1 0.0146484375 0.267578125 0.0302734375 0.037109375
1 0.689453125 0.87890625 0.0654296875 0.025390625
1 0.1259765625 0.544921875 0.072265625 0.03515625
1 0.05859375 0.56640625 0.0693359375 0.0791015625
1 0.2724609375 0.6279296875 0.0556640625 0.033203125
1 0.7529296875 0.517578125 0.080078125 0.0634765625
1 0.201171875 0.1396484375 0.033203125 0.07421875
1 0.732421875 0.46875 0.0771484375 0.052734375
1 0.3642578125 0.4599609375 0.056640625 0.0595703125
1 0.4658203125 0.650390625 0.037109375 0.0634765625
1 0.5615234375 0.92578125 0.068359375 0.041015625
1 0.2841796875 0.8173828125 0.0771484375 0.0361328125
1 0.47265625 0.0927734375 0.0458984375 0.07421875
1 0.5166015625 0.80078125 0.0546875 0.048828125
1 0.34765625 0.66796875 0.04296875 0.046875
1 0.732421875 0.63671875 0.05078125 0.0361328125
1 0.7509765625 0.0517578125 0.0771484375 0.0546875
1 0.30859375 0.560546875 0.0439453125 0.0634765625
1 0.4169921875 0.5 0.072265625 0.0576171875
1 0.1630859375 0.2744140625 0.0458984375 0.03515625
1 0.48828125 0.1875 0.0390625 0.0517578125
1 0.0078125 0.8017578125 0.0166015625 0.0166015625
1 0.533203125 0.892578125 0.0869140625 0.0439453125
1 0.634765625 0.4912109375 0.0615234375 0.0458984375
1 0.7626953125 0.560546875 0.08984375 0.029296875
1 0.0439453125 0.7490234375 0.072265625 0.03125
1 0.9296875 0.8427734375 0.064453125 0.033203125
1 0.8388671875 0.3515625 0.0537109375 0.0224609375
1 0.4619140625 0.015625 0.068359375 0.03125
1 0.4072265625 0.8740234375 0.04296875 0.037109375
1 0.439453125 0.609375 0.060546875 0.0400390625
1 0.8984375 0.583984375 0.0791015625 0.0478515625
1 0.765625 0.8408203125 0.041015625 0.0361328125
1 0.75390625 0.9912109375 0.05859375 0.0166015625
1 0.822265625 0.841796875 0.0439453125 0.046875
1 0.5849609375 0.5986328125 0.0517578125 0.01953125
1 0.9453125 0.25 0.0546875 0.0263671875
1 0.345703125 0.927734375 0.048828125 0.025390625
1 0.099609375 0.79296875 0.0458984375 0.0224609375
1 0.1943359375 0.876953125 0.052734375 0.0625
1 0.6943359375 0.7802734375 0.0419921875 0.02734375
1 0.1123046875 0.8994140625 0.07421875 0.0478515625
1 0.7626953125 0.5849609375 0.076171875 0.0205078125
1 0.5654296875 0.435546875 0.0361328125 0.0498046875
1 0.845703125 0.640625 0.0478515625 0.0556640625
1 0.1767578125 0.9658203125 0.1025390625 0.0341796875
1 0.3564453125 0.5400390625 0.0556640625 0.0380859375
1 0.0419921875 0.1982421875 0.05078125 0.0517578125
1 0.25390625 0.876953125 0.0634765625 0.0400390625
1 0.1357421875 0.9912109375 0.07421875 0.0166015625
1 0.8642578125 0.908203125 0.0576171875 0.0390625
