1 0.0283203125 0.1943359375 0.0576171875 0.0634765625
1 0.0234375 0.0498046875 0.044921875 0.087890625
1 0.1025390625 0.0927734375 0.05859375 0.0703125
1 0.224609375 0.2060546875 0.0439453125 0.046875
1 0.1875 0.3095703125 0.103515625 0.0791015625
1 0.181640625 0.375 0.0654296875 0.0673828125
1 0.2197265625 0.431640625 0.0791015625 0.0703125
1 0.3837890625 0.37890625 0.091796875 0.056640625
1 0.3818359375 0.32421875 0.0712890625 0.0595703125
1 0.5068359375 0.22265625 0.0810546875 0.064453125
1 0.4189453125 0.1845703125 0.0654296875 0.0654296875
1 0.59765625 0.1953125 0.0888671875 0.083984375
1 0.7080078125 0.2587890625 0.1171875 0.06640625
1 0.8916015625 0.234375 0.107421875 0.0673828125
1 0.869140625 0.126953125 0.1201171875 0.0634765625
1 0.6826171875 0.01953125 0.080078125 0.0400390625
1 0.5390625 0.505859375 0.072265625 0.0576171875
1 0.728515625 0.3251953125 0.0869140625 0.076171875
1 0.8330078125 0.3017578125 0.083984375 0.0517578125
1 0.87890625 0.384765625 0.0712890625 0.0654296875
1 0.923828125 0.4873046875 0.12109375 0.10546875
1 0.935546875 0.6025390625 0.060546875 0.0546875
1 0.8125 0.6494140625 0.1015625 0.0615234375
1 0.8056640625 0.7216796875 0.072265625 0.0751953125
1 0.9013671875 0.7548828125 0.0810546875 0.0517578125
1 0.9091796875 0.8623046875 0.11328125 0.0634765625
1 0.814453125 0.837890625 0.0712890625 0.0625
1 0.6435546875 0.7890625 0.0830078125 0.099609375
1 0.3984375 0.7109375 0.0712890625 0.056640625
1 0.3408203125 0.6484375 0.076171875 0.0732421875
1 0.4033203125 0.6142578125 0.0693359375 0.0537109375
1 0.4921875 0.6142578125 0.1025390625 0.0693359375
1 0.306640625 0.5615234375 0.1025390625 0.06640625
1 0.11328125 0.578125 0.05859375 0.0615234375
1 0.017578125 0.6396484375 0.0361328125 0.0673828125
1 0.087890625 0.8046875 0.080078125 0.0625
1 0.044921875 0.849609375 0.0625 0.07421875
1 0.0439453125 0.92578125 0.087890625 0.0927734375
1 0.201171875 0.876953125 0.0771484375 0.0673828125
1 0.1533203125 0.8076171875 0.0771484375 0.068359375
1 0.3203125 0.85546875 0.0869140625 0.103515625
1 0.4765625 0.876953125 0.091796875 0.0771484375
1 0.3974609375 0.958984375 0.05859375 0.0732421875
1 0.125 0.974609375 0.0673828125 0.05078125
1 0.046875 0.298828125 0.07421875 0.103515625
1 0.8603515625 0.546875 0.0849609375 0.060546875
1 0.5068359375 0.771484375 0.0810546875 0.0615234375
1 0.14453125 0.220703125 0.0595703125 0.068359375
1 0.4619140625 0.05859375 0.06640625 0.0576171875
1 0.888671875 0.8076171875 0.0732421875 0.052734375
1 0.9736328125 0.6328125 0.046875 0.076171875
1 0.6845703125 0.3134765625 0.0595703125 0.0673828125
1 0.2373046875 0.6591796875 0.0546875 0.0234375
1 0.9033203125 0.6318359375 0.0576171875 0.0361328125
