1 0.0361328125 0.0234375 0.0732421875 0.0478515625
1 0.0322265625 0.08984375 0.0654296875 0.0693359375
1 0.2138671875 0.0595703125 0.0712890625 0.0595703125
1 0.150390625 0.087890625 0.0546875 0.0830078125
1 0.22265625 0.0146484375 0.1025390625 0.0302734375
1 0.625 0.0263671875 0.1162109375 0.052734375
1 0.625 0.0966796875 0.1162109375 0.1083984375
1 0.7490234375 0.01171875 0.09375 0.0244140625
1 0.8671875 0.046875 0.0693359375 0.09375
1 0.7587890625 0.228515625 0.17578125 0.09765625
1 0.7744140625 0.373046875 0.091796875 0.078125
1 0.630859375 0.3359375 0.0634765625 0.06640625
1 0.240234375 0.2001953125 0.0625 0.083984375
1 0.2197265625 0.1259765625 0.1015625 0.052734375
1 0.060546875 0.203125 0.0732421875 0.09375
1 0.943359375 0.4736328125 0.08203125 0.0703125
1 0.9013671875 0.4736328125 0.0625 0.08984375
1 0.8037109375 0.53515625 0.1728515625 0.107421875
1 0.595703125 0.5830078125 0.0791015625 0.0517578125
1 0.466796875 0.4755859375 0.1220703125 0.0966796875
1 0.107421875 0.525390625 0.072265625 0.0625
1 0.0693359375 0.62890625 0.1396484375 0.0966796875
1 0.09375 0.767578125 0.1279296875 0.0986328125
1 0.5 0.720703125 0.134765625 0.1513671875
1 0.685546875 0.7958984375 0.1416015625 0.150390625
1 0.8134765625 0.8935546875 0.1044921875 0.1025390625
1 0.9755859375 0.5908203125 0.048828125 0.0830078125
1 0.123046875 0.943359375 0.1005859375 0.11328125
1 0.033203125 0.9716796875 0.056640625 0.0556640625
1 0.3017578125 0.9677734375 0.080078125 0.064453125
1 0.8798828125 0.9638671875 0.07421875 0.072265625
