1 0.4892578125 0.435546875 0.09375 0.0654296875
1 0.15625 0.1728515625 0.0986328125 0.060546875
1 0.51171875 0.08203125 0.0927734375 0.056640625
1 0.0419921875 0.1416015625 0.083984375 0.05859375
1 0.8447265625 0.9384765625 0.1044921875 0.0869140625
1 0.98828125 0.515625 0.0234375 0.0361328125
1 0.07421875 0.197265625 0.0625 0.0400390625
1 0.8359375 0.533203125 0.109375 0.06640625
1 0.89453125 0.240234375 0.1005859375 0.0537109375
1 0.6611328125 0.29296875 0.0947265625 0.0556640625
1 0.169921875 0.8056640625 0.1044921875 0.0380859375
1 0.5615234375 0.7255859375 0.076171875 0.0458984375
1 0.416015625 0.2587890625 0.1005859375 0.0498046875
1 0.3974609375 0.416015625 0.0859375 0.03125
1 0.8310546875 0.150390625 0.06640625 0.0595703125
1 0.3388671875 0.0234375 0.07421875 0.037109375
1 0.4970703125 0.18359375 0.0712890625 0.0419921875
1 0.357421875 0.8076171875 0.10546875 0.0478515625
1 0.17578125 0.265625 0.072265625 0.048828125
1 0.1220703125 0.515625 0.0947265625 0.0869140625
1 0.830078125 0.6455078125 0.080078125 0.0419921875
1 0.15234375 0.470703125 0.1650390625 0.064453125
1 0.6376953125 0.736328125 0.078125 0.0361328125
1 0.0458984375 0.0322265625 0.08984375 0.05859375
1 0.7197265625 0.7958984375 0.1142578125 0.05078125
1 0.96875 0.6005859375 0.0615234375 0.0419921875
1 0.6689453125 0.669921875 0.0888671875 0.1171875
1 0.0703125 0.734375 0.0791015625 0.0341796875
1 0.5810546875 0.7705078125 0.09375 0.04296875
1 0.0859375 0.9814453125 0.1240234375 0.037109375
1 0.53125 0.2958984375 0.1171875 0.0419921875
1 0.951171875 0.4384765625 0.0771484375 0.0380859375
1 0.6279296875 0.59765625 0.0576171875 0.0390625
1 0.3603515625 0.3125 0.109375 0.0439453125
1 0.861328125 0.017578125 0.064453125 0.0361328125
1 0.7236328125 0.2177734375 0.0625 0.0439453125
1 0.59765625 0.8115234375 0.0703125 0.0517578125
1 0.138671875 0.1962890625 0.0966796875 0.0634765625
1 0.568359375 0.5732421875 0.0703125 0.041015625
1 0.4951171875 0.6953125 0.1103515625 0.033203125
1 0.8212890625 0.7998046875 0.0888671875 0.0546875
1 0.73828125 0.4501953125 0.056640625 0.048828125
1 0.1123046875 0.7734375 0.080078125 0.0302734375
1 0.986328125 0.3818359375 0.02734375 0.03125
1 0.5380859375 0.525390625 0.068359375 0.0498046875
1 0.2587890625 0.5751953125 0.1064453125 0.0439453125
1 0.5126953125 0.5849609375 0.06640625 0.0283203125
1 0.3818359375 0.638671875 0.0673828125 0.037109375
1 0.9140625 0.2001953125 0.0673828125 0.0322265625
1 0.197265625 0.7177734375 0.0703125 0.0546875
1 0.33984375 0.9267578125 0.091796875 0.0419921875
1 0.7333984375 0.951171875 0.0771484375 0.0439453125
1 0.0712890625 0.5244140625 0.103515625 0.083984375
1 0.1962890625 0.6806640625 0.0849609375 0.0234375
1 0.7529296875 0.8701171875 0.0576171875 0.0498046875
1 0.19140625 0.2568359375 0.0810546875 0.0302734375
1 0.5712890625 0.1884765625 0.078125 0.04296875
1 0.10546875 0.8330078125 0.0732421875 0.0341796875
1 0.345703125 0.2197265625 0.0986328125 0.0478515625
1 0.96484375 0.9189453125 0.0673828125 0.0322265625
1 0.3486328125 0.2802734375 0.07421875 0.0185546875
1 0.685546875 0.2314453125 0.0966796875 0.0615234375
1 0.52734375 0.818359375 0.0595703125 0.02734375
1 0.5166015625 0.923828125 0.1123046875 0.048828125
1 0.32421875 0.181640625 0.0927734375 0.03515625
1 0.8876953125 0.134765625 0.04296875 0.02734375
1 0.7373046875 0.576171875 0.09375 0.04296875
1 0.2646484375 0.826171875 0.0908203125 0.05078125
1 0.0283203125 0.603515625 0.056640625 0.0361328125
