1 0.484375 0.0654296875 0.0791015625 0.0771484375
1 0.220703125 0.767578125 0.0654296875 0.0869140625
1 0.837890625 0.302734375 0.06640625 0.078125
1 0.0654296875 0.234375 0.0849609375 0.064453125
1 0.0595703125 0.5888671875 0.0810546875 0.0810546875
1 0.27734375 0.1435546875 0.0810546875 0.0810546875
1 0.068359375 0.6982421875 0.076171875 0.0712890625
1 0.2197265625 0.95703125 0.1259765625 0.0712890625
1 0.509765625 0.90234375 0.0751953125 0.0791015625
1 0.6005859375 0.96484375 0.0654296875 0.0693359375
1 0.61328125 0.630859375 0.0615234375 0.0830078125
1 0.853515625 0.7412109375 0.091796875 0.083984375
1 0.8427734375 0.4248046875 0.0830078125 0.15234375
1 0.2744140625 0.64453125 0.095703125 0.05859375
1 0.23046875 0.333984375 0.109375 0.0849609375
1 0.01171875 0.2236328125 0.0234375 0.0576171875
1 0.302734375 0.7509765625 0.0771484375 0.0693359375
1 0.0224609375 0.0263671875 0.044921875 0.0537109375
1 0.3232421875 0.7001953125 0.09375 0.03515625
1 0.1435546875 0.0380859375 0.1005859375 0.0732421875
1 0.6103515625 0.310546875 0.109375 0.0498046875
1 0.76171875 0.3974609375 0.046875 0.060546875
1 0.0419921875 0.3544921875 0.0849609375 0.05078125
1 0.4697265625 0.7548828125 0.1142578125 0.0478515625
1 0.2607421875 0.271484375 0.109375 0.0810546875
1 0.2490234375 0.0302734375 0.1103515625 0.056640625
1 0.380859375 0.9853515625 0.060546875 0.0283203125
1 0.3671875 0.07421875 0.0478515625 0.0791015625
1 0.1611328125 0.3984375 0.0654296875 0.0517578125
1 0.0625 0.0244140625 0.0712890625 0.0498046875
1 0.0380859375 0.9296875 0.0771484375 0.1123046875
1 0.9072265625 0.3291015625 0.05859375 0.0732421875
1 0.7783203125 0.2548828125 0.05859375 0.0556640625
1 0.0302734375 0.9873046875 0.060546875 0.0244140625
1 0.7236328125 0.2412109375 0.0634765625 0.0869140625
1 0.203125 0.4453125 0.0556640625 0.048828125
1 0.2783203125 0.31640625 0.0966796875 0.0830078125
1 0.005859375 0.3876953125 0.0126953125 0.0458984375
1 0.974609375 0.3515625 0.0498046875 0.080078125
1 0.16796875 0.8095703125 0.0673828125 0.0380859375
1 0.6474609375 0.9765625 0.03515625 0.046875
1 0.689453125 0.2890625 0.0849609375 0.0634765625
1 0.9443359375 0.423828125 0.046875 0.05859375
1 0.6337890625 0.267578125 0.0712890625 0.0517578125
1 0.62109375 0.2255859375 0.06640625 0.056640625
1 0.48046875 0.7197265625 0.087890625 0.025390625
1 0.2763671875 0.080078125 0.0703125 0.0732421875
1 0.0498046875 0.33984375 0.1005859375 0.0859375
1 0.873046875 0.5576171875 0.1162109375 0.13671875
1 0.302734375 0.62109375 0.16015625 0.072265625
1 0.40234375 0.068359375 0.0595703125 0.0390625
1 0.392578125 0.02734375 0.05859375 0.0478515625
1 0.232421875 0.373046875 0.0546875 0.064453125
1 0.6923828125 0.755859375 0.0419921875 0.037109375
1 0.3876953125 0.0166015625 0.05078125 0.0322265625
1 0.283203125 0.021484375 0.0625 0.041015625
1 0.5830078125 0.7607421875 0.0556640625 0.0625
1 0.4521484375 0.73046875 0.1708984375 0.0908203125
1 0.5234375 0.3876953125 0.15625 0.0673828125
1 0.5166015625 0.283203125 0.16796875 0.1171875
1 0.544921875 0.35546875 0.1435546875 0.0771484375
