1 0.0654296875 0.58984375 0.1025390625 0.1474609375
1 0.109375 0.9716796875 0.08984375 0.0556640625
1 0.0234375 0.751953125 0.046875 0.0849609375
1 0.09765625 0.6904296875 0.0771484375 0.0576171875
1 0.0166015625 0.1650390625 0.0341796875 0.1533203125
1 0.0390625 0.826171875 0.0791015625 0.0673828125
1 0.5693359375 0.07421875 0.0830078125 0.107421875
1 0.01953125 0.5048828125 0.0390625 0.0947265625
1 0.0107421875 0.0556640625 0.0224609375 0.1123046875
1 0.9560546875 0.5771484375 0.0869140625 0.0732421875
1 0.9208984375 0.453125 0.1328125 0.1171875
1 0.9033203125 0.412109375 0.08984375 0.095703125
