1 0.15234375 0.046875 0.064453125 0.09375
1 0.0205078125 0.291015625 0.0419921875 0.126953125
1 0.15234375 0.2490234375 0.0712890625 0.1318359375
1 0.04296875 0.9248046875 0.0673828125 0.0791015625
1 0.1171875 0.7333984375 0.0810546875 0.1181640625
1 0.0419921875 0.65234375 0.05859375 0.0654296875
1 0.0107421875 0.5361328125 0.021484375 0.0908203125
1 0.111328125 0.5888671875 0.0810546875 0.072265625
1 0.2333984375 0.4765625 0.0419921875 0.0419921875
1 0.435546875 0.4228515625 0.0673828125 0.064453125
1 0.482421875 0.685546875 0.0546875 0.171875
1 0.2919921875 0.66796875 0.06640625 0.064453125
1 0.3857421875 0.71484375 0.0615234375 0.0703125
1 0.33984375 0.8505859375 0.0703125 0.0732421875
1 0.4287109375 0.8798828125 0.1201171875 0.0927734375
1 0.6865234375 0.814453125 0.0390625 0.0693359375
1 0.6064453125 0.4150390625 0.0693359375 0.0654296875
1 0.4306640625 0.333984375 0.1220703125 0.0693359375
1 0.2734375 0.306640625 0.0703125 0.0908203125
1 0.248046875 0.3837890625 0.0615234375 0.0791015625
1 0.404296875 0.2431640625 0.0576171875 0.1455078125
1 0.3583984375 0.064453125 0.0556640625 0.0966796875
1 0.5126953125 0.05859375 0.083984375 0.0615234375
1 0.64453125 0.0087890625 0.0791015625 0.0185546875
1 0.7763671875 0.0390625 0.0615234375 0.078125
1 0.7548828125 0.17578125 0.0498046875 0.0654296875
1 0.71484375 0.228515625 0.16015625 0.1201171875
1 0.74609375 0.330078125 0.0927734375 0.083984375
1 0.9814453125 0.1142578125 0.037109375 0.111328125
1 0.9111328125 0.0107421875 0.0654296875 0.0224609375
1 0.88671875 0.44921875 0.0703125 0.0810546875
1 0.810546875 0.646484375 0.078125 0.0625
1 0.892578125 0.681640625 0.0712890625 0.130859375
1 0.982421875 0.6416015625 0.03515625 0.123046875
1 0.3447265625 0.5419921875 0.0732421875 0.0634765625
1 0.3359375 0.2392578125 0.11328125 0.0732421875
