1 0.2255859375 0.02734375 0.1337890625 0.0556640625
1 0.21484375 0.8447265625 0.10546875 0.06640625
1 0.4814453125 0.640625 0.0947265625 0.044921875
1 0.8427734375 0.80859375 0.0537109375 0.0986328125
1 0.0576171875 0.85546875 0.1142578125 0.08203125
1 0.2294921875 0.5341796875 0.091796875 0.072265625
1 0.7080078125 0.94921875 0.0625 0.0810546875
1 0.703125 0.2216796875 0.099609375 0.1142578125
1 0.7216796875 0.861328125 0.10546875 0.048828125
1 0.728515625 0.19140625 0.0771484375 0.07421875
1 0.67578125 0.5380859375 0.083984375 0.052734375
1 0.869140625 0.294921875 0.0625 0.0712890625
1 0.9296875 0.3115234375 0.0625 0.052734375
1 0.3642578125 0.673828125 0.1064453125 0.080078125
1 0.7763671875 0.7265625 0.1044921875 0.05078125
1 0.5546875 0.26953125 0.0439453125 0.0849609375
1 0.1494140625 0.2138671875 0.1279296875 0.0537109375
1 0.177734375 0.16796875 0.1064453125 0.10546875
1 0.6005859375 0.677734375 0.09375 0.041015625
1 0.0712890625 0.333984375 0.11328125 0.0654296875
1 0.4873046875 0.94140625 0.0947265625 0.0830078125
1 0.6611328125 0.650390625 0.087890625 0.0419921875
1 0.7783203125 0.6904296875 0.0966796875 0.0654296875
1 0.33203125 0.314453125 0.134765625 0.0439453125
1 0.3466796875 0.896484375 0.0703125 0.0478515625
1 0.1044921875 0.7880859375 0.1123046875 0.0458984375
1 0.9130859375 0.6904296875 0.072265625 0.029296875
1 0.845703125 0.015625 0.0771484375 0.029296875
1 0.837890625 0.330078125 0.0537109375 0.03515625
1 0.060546875 0.9853515625 0.0615234375 0.0283203125
1 0.66015625 0.7216796875 0.0400390625 0.0546875
1 0.7939453125 0.5791015625 0.05859375 0.0322265625
1 0.07421875 0.0556640625 0.1259765625 0.1025390625
1 0.2294921875 0.638671875 0.099609375 0.0673828125
1 0.708984375 0.0126953125 0.044921875 0.0263671875
1 0.955078125 0.220703125 0.052734375 0.05078125
1 0.3642578125 0.8291015625 0.0908203125 0.0322265625
1 0.62890625 0.01953125 0.044921875 0.037109375
1 0.03125 0.2353515625 0.0625 0.0361328125
1 0.89453125 0.828125 0.087890625 0.052734375
1 0.9423828125 0.986328125 0.083984375 0.01953125
1 0.15234375 0.71484375 0.0673828125 0.0302734375
1 0.1015625 0.6650390625 0.078125 0.03515625
1 0.396484375 0.0322265625 0.0546875 0.03125
1 0.0263671875 0.681640625 0.0537109375 0.0341796875
1 0.734375 0.9267578125 0.0673828125 0.02734375
1 0.859375 0.6484375 0.08203125 0.021484375
1 0.6865234375 0.5771484375 0.0908203125 0.025390625
1 0.05078125 0.01953125 0.09765625 0.037109375
1 0.8134765625 0.6220703125 0.0703125 0.02734375
1 0.8515625 0.236328125 0.072265625 0.0380859375
1 0.8310546875 0.9296875 0.068359375 0.0400390625
1 0.21875 0.6494140625 0.109375 0.0634765625
1 0.921875 0.9189453125 0.083984375 0.03125
1 0.6962890625 0.97265625 0.0546875 0.0361328125
1 0.2607421875 0.98046875 0.099609375 0.0380859375
1 0.5966796875 0.9140625 0.08984375 0.033203125
1 0.6416015625 0.2744140625 0.0517578125 0.0390625
1 0.568359375 0.9052734375 0.16796875 0.076171875
1 0.30419921875 0.34443359375 0.05224609375 0.02880859375
1 0.7548828125 0.0107421875 0.0537109375 0.01953125
1 0.5869140625 0.8857421875 0.1083984375 0.0615234375
1 0.37890625 0.009765625 0.1171875 0.01953125
