1 0.9375 0.2861328125 0.0927734375 0.177734375
1 0.8447265625 0.5517578125 0.080078125 0.099609375
1 0.943359375 0.927734375 0.11328125 0.1279296875
1 0.357421875 0.326171875 0.0859375 0.0732421875
1 0.7177734375 0.3603515625 0.0927734375 0.1474609375
1 0.1484375 0.2158203125 0.09765625 0.13671875
1 0.28125 0.9697265625 0.0947265625 0.060546875
1 0.9248046875 0.73828125 0.150390625 0.123046875
1 0.7109375 0.78515625 0.123046875 0.0927734375
1 0.080078125 0.9326171875 0.1220703125 0.1123046875
1 0.6962890625 0.939453125 0.1298828125 0.1201171875
1 0.08203125 0.4619140625 0.08984375 0.1396484375
1 0.158203125 0.39453125 0.087890625 0.1435546875
1 0.7919921875 0.1513671875 0.0849609375 0.1005859375
1 0.8447265625 0.8544921875 0.076171875 0.0810546875
1 0.9658203125 0.490234375 0.052734375 0.0966796875
1 0.91796875 0.0615234375 0.0830078125 0.1005859375
1 0.7744140625 0.09375 0.0751953125 0.1201171875
1 0.685546875 0.17578125 0.1005859375 0.2470703125
1 0.05078125 0.6845703125 0.09765625 0.134765625
1 0.8203125 0.9580078125 0.0771484375 0.0771484375
1 0.8544921875 0.396484375 0.060546875 0.1103515625
