1 0.1591796875 0.9443359375 0.0673828125 0.072265625
1 0.3525390625 0.892578125 0.1015625 0.06640625
1 0.4091796875 0.94921875 0.068359375 0.0595703125
1 0.3515625 0.986328125 0.0869140625 0.0263671875
1 0.49609375 0.9755859375 0.0947265625 0.0478515625
1 0.9716796875 0.896484375 0.056640625 0.0712890625
1 0.8515625 0.8740234375 0.091796875 0.1025390625
1 0.6494140625 0.8359375 0.056640625 0.0615234375
1 0.4423828125 0.85546875 0.0537109375 0.0927734375
1 0.509765625 0.796875 0.0771484375 0.06640625
1 0.5 0.7509765625 0.076171875 0.048828125
1 0.373046875 0.6923828125 0.056640625 0.08203125
1 0.4921875 0.6787109375 0.126953125 0.0654296875
1 0.1123046875 0.7021484375 0.0859375 0.111328125
1 0.0166015625 0.55078125 0.033203125 0.0751953125
1 0.0615234375 0.6162109375 0.056640625 0.0771484375
1 0.1259765625 0.6123046875 0.072265625 0.0771484375
1 0.177734375 0.6416015625 0.0693359375 0.07421875
1 0.3095703125 0.611328125 0.1025390625 0.0830078125
1 0.2255859375 0.560546875 0.0576171875 0.0966796875
1 0.541015625 0.6083984375 0.09375 0.0673828125
1 0.7119140625 0.57421875 0.0693359375 0.0693359375
1 0.7958984375 0.58984375 0.0830078125 0.064453125
1 0.9033203125 0.583984375 0.0625 0.0712890625
1 0.8759765625 0.68359375 0.0693359375 0.0625
1 0.6376953125 0.4794921875 0.0654296875 0.083984375
1 0.8193359375 0.4541015625 0.0595703125 0.0693359375
1 0.3505859375 0.423828125 0.0625 0.0615234375
1 0.201171875 0.3544921875 0.0859375 0.103515625
1 0.076171875 0.4140625 0.0546875 0.05859375
1 0.267578125 0.482421875 0.0625 0.0439453125
1 0.4638671875 0.4736328125 0.1015625 0.0849609375
1 0.498046875 0.5126953125 0.0546875 0.05078125
1 0.5732421875 0.5263671875 0.080078125 0.0654296875
1 0.5302734375 0.3095703125 0.1015625 0.126953125
1 0.48828125 0.2314453125 0.0654296875 0.05078125
1 0.236328125 0.1552734375 0.0830078125 0.1103515625
1 0.04296875 0.115234375 0.056640625 0.05859375
1 0.087890625 0.169921875 0.0634765625 0.07421875
1 0.25390625 0.02734375 0.09375 0.052734375
1 0.3759765625 0.0341796875 0.0673828125 0.060546875
1 0.48046875 0.0751953125 0.0556640625 0.091796875
1 0.525390625 0.06640625 0.0458984375 0.0556640625
1 0.6201171875 0.1865234375 0.0595703125 0.0556640625
1 0.7041015625 0.1982421875 0.046875 0.111328125
1 0.6787109375 0.0615234375 0.1005859375 0.0869140625
1 0.8720703125 0.1162109375 0.076171875 0.0556640625
1 0.8369140625 0.2177734375 0.0634765625 0.0537109375
1 0.9677734375 0.0810546875 0.0625 0.111328125
1 0.9052734375 0.5263671875 0.091796875 0.078125
1 0.939453125 0.0400390625 0.0849609375 0.056640625
1 0.6767578125 0.013671875 0.0390625 0.02734375
1 0.529296875 0.0283203125 0.0517578125 0.033203125
1 0.078125 0.0107421875 0.056640625 0.0224609375
1 0.791015625 0.5498046875 0.052734375 0.041015625
1 0.654296875 0.744140625 0.0439453125 0.048828125
1 0.431640625 0.990234375 0.09375 0.01953125
