1 0.2060546875 0.8046875 0.087890625 0.099609375
1 0.443359375 0.3291015625 0.087890625 0.1044921875
1 0.3857421875 0.74609375 0.078125 0.0849609375
1 0.998046875 0.5888671875 0.0029296875 0.0751953125
1 0.9365234375 0.4521484375 0.083984375 0.1435546875
1 0.1552734375 0.5302734375 0.0869140625 0.0732421875
1 0.5888671875 0.8037109375 0.08203125 0.080078125
1 0.44140625 0.953125 0.0849609375 0.0927734375
1 0.71484375 0.828125 0.0703125 0.1025390625
1 0.8818359375 0.7412109375 0.0849609375 0.0751953125
1 0.642578125 0.9521484375 0.1025390625 0.095703125
1 0.513671875 0.7041015625 0.1201171875 0.0947265625
1 0.7744140625 0.5166015625 0.0751953125 0.1005859375
1 0.0615234375 0.578125 0.0947265625 0.09765625
1 0.3125 0.8896484375 0.11328125 0.0986328125
1 0.1904296875 0.3076171875 0.1318359375 0.0830078125
1 0.890625 0.60546875 0.08203125 0.1279296875
1 0.55078125 0.6083984375 0.078125 0.1171875
1 0.333984375 0.111328125 0.0849609375 0.1201171875
1 0.6796875 0.453125 0.08984375 0.08203125
1 0.87890625 0.2236328125 0.0947265625 0.09765625
1 0.8466796875 0.3056640625 0.0693359375 0.09765625
1 0.1767578125 0.12890625 0.0703125 0.0947265625
1 0.9404296875 0.0849609375 0.0830078125 0.125
1 0.6982421875 0.7216796875 0.078125 0.125
1 0.251953125 0.189453125 0.0849609375 0.16015625
1 0.7392578125 0.2138671875 0.0849609375 0.1396484375
1 0.4912109375 0.220703125 0.0625 0.1025390625
1 0.06640625 0.8330078125 0.0751953125 0.0673828125
1 0.6513671875 0.228515625 0.0634765625 0.072265625
1 0.689453125 0.1357421875 0.080078125 0.09765625
1 0.8818359375 0.11328125 0.060546875 0.13671875
1 0.1748046875 0.0361328125 0.0673828125 0.0732421875
1 0.171875 0.2509765625 0.099609375 0.087890625
1 0.65625 0.041015625 0.060546875 0.0810546875
1 0.7626953125 0.0341796875 0.0498046875 0.0673828125
1 0.775390625 0.2744140625 0.107421875 0.134765625
1 0.478515625 0.5693359375 0.107421875 0.1552734375
1 0.048828125 0.388671875 0.0947265625 0.107421875
1 0.5859375 0.0361328125 0.0576171875 0.0703125
