1 0.9501953125 0.1044921875 0.099609375 0.1875
1 0.970703125 0.3564453125 0.0576171875 0.12890625
1 0.9794921875 0.7421875 0.0400390625 0.1201171875
1 0.8134765625 0.8037109375 0.08984375 0.126953125
1 0.318359375 0.3896484375 0.1962890625 0.1748046875
1 0.49609375 0.099609375 0.1689453125 0.1162109375
1 0.486328125 0.783203125 0.2236328125 0.1201171875
1 0.6123046875 0.0166015625 0.09765625 0.0341796875
1 0.51953125 0.01171875 0.0771484375 0.0244140625
1 0.341796875 0.0458984375 0.1630859375 0.0927734375
1 0.171875 0.115234375 0.1044921875 0.0703125
1 0.181640625 0.064453125 0.0751953125 0.041015625
1 0.05859375 0.0283203125 0.1171875 0.0576171875
1 0.1669921875 0.2265625 0.080078125 0.08984375
1 0.05078125 0.1982421875 0.1015625 0.1181640625
1 0.0771484375 0.4716796875 0.1337890625 0.0634765625
1 0.0712890625 0.5263671875 0.142578125 0.0517578125
1 0.2900390625 0.5400390625 0.1328125 0.080078125
1 0.1044921875 0.6484375 0.1435546875 0.0869140625
1 0.1572265625 0.7119140625 0.12109375 0.064453125
1 0.3505859375 0.6796875 0.1259765625 0.12890625
1 0.2314453125 0.8447265625 0.16796875 0.2158203125
1 0.1064453125 0.94921875 0.123046875 0.1015625
1 0.5986328125 0.86328125 0.1123046875 0.0888671875
1 0.474609375 0.9541015625 0.0927734375 0.091796875
1 0.72265625 0.6064453125 0.0771484375 0.0830078125
1 0.9619140625 0.48046875 0.076171875 0.09375
1 0.8232421875 0.6826171875 0.1171875 0.091796875
1 0.150390625 0.8232421875 0.06640625 0.080078125
1 0.8994140625 0.751953125 0.0810546875 0.0693359375
1 0.9091796875 0.9052734375 0.1220703125 0.0791015625
1 0.8515625 0.974609375 0.1103515625 0.0498046875
1 0.3701171875 0.83984375 0.2421875 0.1943359375
1 0.9111328125 0.1044921875 0.1103515625 0.1142578125
