1 0.3544921875 0.0439453125 0.091796875 0.087890625
1 0.4755859375 0.3212890625 0.09375 0.12890625
1 0.93359375 0.4228515625 0.0576171875 0.0986328125
1 0.564453125 0.6494140625 0.0966796875 0.052734375
1 0.4609375 0.4345703125 0.064453125 0.1298828125
1 0.142578125 0.4423828125 0.1171875 0.1103515625
1 0.638671875 0.7294921875 0.1533203125 0.0849609375
1 0.6044921875 0.4853515625 0.0556640625 0.13671875
1 0.5087890625 0.2158203125 0.1337890625 0.0712890625
1 0.9755859375 0.845703125 0.046875 0.0947265625
1 0.7744140625 0.1142578125 0.0810546875 0.1259765625
1 0.970703125 0.2470703125 0.0537109375 0.0673828125
1 0.724609375 0.234375 0.0771484375 0.095703125
1 0.4658203125 0.521484375 0.0556640625 0.0478515625
1 0.736328125 0.9296875 0.0615234375 0.140625
1 0.927734375 0.744140625 0.0791015625 0.1357421875
1 0.85546875 0.0419921875 0.0439453125 0.083984375
1 0.4453125 0.0595703125 0.0771484375 0.119140625
1 0.244140625 0.59375 0.0693359375 0.0634765625
1 0.791015625 0.9404296875 0.0498046875 0.1142578125
1 0.4208984375 0.5224609375 0.044921875 0.0947265625
1 0.388671875 0.3671875 0.0947265625 0.0927734375
1 0.4443359375 0.912109375 0.087890625 0.0498046875
1 0.3447265625 0.4912109375 0.0322265625 0.0849609375
1 0.216796875 0.4169921875 0.056640625 0.0595703125
1 0.3857421875 0.798828125 0.0478515625 0.08984375
1 0.19140625 0.181640625 0.189453125 0.13671875
1 0.18359375 0.6689453125 0.078125 0.0673828125
1 0.5380859375 0.9287109375 0.095703125 0.0693359375
1 0.8212890625 0.6171875 0.029296875 0.080078125
1 0.6083984375 0.8134765625 0.0703125 0.0703125
1 0.5283203125 0.7578125 0.09765625 0.25
1 0.228515625 0.5400390625 0.1171875 0.044921875
1 0.6162109375 0.970703125 0.10546875 0.05859375
1 0.0986328125 0.5302734375 0.185546875 0.080078125
1 0.4443359375 0.8447265625 0.0986328125 0.0908203125
1 0.833984375 0.8125 0.162109375 0.0693359375
1 0.8203125 0.3544921875 0.1201171875 0.16796875
1 0.9287109375 0.638671875 0.142578125 0.25
1 0.248046875 0.3564453125 0.15625 0.09375
1 0.0400390625 0.6884765625 0.080078125 0.056640625
1 0.185546875 0.572265625 0.0400390625 0.0859375
1 0.7666015625 0.13671875 0.1865234375 0.119140625
1 0.3310546875 0.3681640625 0.025390625 0.078125
1 0.3017578125 0.228515625 0.0478515625 0.09375
1 0.5830078125 0.357421875 0.11328125 0.107421875
1 0.02734375 0.4306640625 0.0546875 0.0498046875
1 0.166015625 0.9453125 0.119140625 0.1083984375
1 0.5283203125 0.07421875 0.0947265625 0.0537109375
1 0.3505859375 0.4521484375 0.177734375 0.142578125
1 0.0771484375 0.5576171875 0.0498046875 0.0458984375
1 0.5537109375 0.4306640625 0.091796875 0.2109375
1 0.7490234375 0.3349609375 0.0419921875 0.1279296875
1 0.30859375 0.2861328125 0.076171875 0.060546875
1 0.876953125 0.6083984375 0.0439453125 0.091796875
