1 0.4970703125 0.2236328125 0.0888671875 0.10546875
1 0.5556640625 0.1416015625 0.0830078125 0.126953125
1 0.3251953125 0.1962890625 0.125 0.0791015625
1 0.1806640625 0.2138671875 0.107421875 0.0751953125
1 0.224609375 0.046875 0.095703125 0.0654296875
1 0.14453125 0.39453125 0.0869140625 0.125
1 0.0341796875 0.5400390625 0.068359375 0.072265625
1 0.43359375 0.431640625 0.1044921875 0.1015625
1 0.513671875 0.533203125 0.12109375 0.0810546875
1 0.5771484375 0.373046875 0.0712890625 0.0908203125
1 0.625 0.4609375 0.0947265625 0.099609375
1 0.6796875 0.3271484375 0.0615234375 0.1640625
1 0.74609375 0.2939453125 0.0615234375 0.138671875
1 0.9287109375 0.283203125 0.095703125 0.08984375
1 0.87109375 0.1591796875 0.142578125 0.0830078125
1 0.7978515625 0.0498046875 0.0634765625 0.087890625
1 0.990234375 0.2041015625 0.01953125 0.078125
1 0.2744140625 0.72265625 0.0849609375 0.068359375
1 0.0478515625 0.63671875 0.091796875 0.0751953125
1 0.5576171875 0.7841796875 0.0830078125 0.095703125
1 0.7021484375 0.78515625 0.08984375 0.06640625
1 0.8330078125 0.5224609375 0.15234375 0.1650390625
1 0.931640625 0.6025390625 0.0576171875 0.109375
1 0.8876953125 0.3916015625 0.107421875 0.1015625
1 0.9765625 0.4326171875 0.046875 0.1982421875
1 0.17578125 0.8896484375 0.08984375 0.162109375
1 0.1240234375 0.892578125 0.0498046875 0.0712890625
1 0.044921875 0.9501953125 0.08984375 0.064453125
1 0.44140625 0.96484375 0.138671875 0.0693359375
1 0.51171875 0.9599609375 0.109375 0.0791015625
1 0.6845703125 0.9482421875 0.0634765625 0.0439453125
1 0.7998046875 0.92578125 0.0595703125 0.0810546875
1 0.7392578125 0.955078125 0.12890625 0.0888671875
1 0.0625 0.2822265625 0.125 0.0556640625
1 0.1318359375 0.5947265625 0.1337890625 0.0595703125
1 0.3251953125 0.1044921875 0.08203125 0.076171875
1 0.7568359375 0.3505859375 0.0712890625 0.12109375
1 0.95703125 0.818359375 0.0859375 0.0849609375
1 0.0615234375 0.048828125 0.0478515625 0.080078125
