1 0.9609375 0.6689453125 0.078125 0.0849609375
1 0.9443359375 0.14453125 0.0849609375 0.05078125
1 0.837890625 0.484375 0.107421875 0.0849609375
1 0.0361328125 0.908203125 0.0732421875 0.09375
1 0.9501953125 0.0302734375 0.080078125 0.0595703125
1 0.92578125 0.9189453125 0.078125 0.1005859375
1 0.9765625 0.1923828125 0.0458984375 0.0576171875
1 0.9775390625 0.8896484375 0.0419921875 0.0849609375
1 0.8017578125 0.9384765625 0.0498046875 0.107421875
1 0.0205078125 0.478515625 0.041015625 0.0615234375
