1 0.556640625 0.2724609375 0.1240234375 0.06640625
1 0.6689453125 0.2236328125 0.10546875 0.0751953125
1 0.59765625 0.12109375 0.0576171875 0.0546875
1 0.6484375 0.0302734375 0.0947265625 0.060546875
1 0.7734375 0.080078125 0.0595703125 0.0771484375
1 0.8486328125 0.0283203125 0.078125 0.056640625
1 0.921875 0.1240234375 0.0869140625 0.0771484375
1 0.9248046875 0.2646484375 0.1123046875 0.0703125
1 0.84765625 0.3994140625 0.076171875 0.060546875
1 0.6318359375 0.431640625 0.1220703125 0.1064453125
1 0.607421875 0.552734375 0.0849609375 0.091796875
1 0.509765625 0.5556640625 0.0947265625 0.099609375
1 0.681640625 0.734375 0.1181640625 0.0888671875
1 0.8701171875 0.7919921875 0.13671875 0.0732421875
1 0.9716796875 0.6728515625 0.0556640625 0.064453125
1 0.82421875 0.6669921875 0.0517578125 0.0595703125
1 0.439453125 0.6708984375 0.056640625 0.0732421875
1 0.5703125 0.7578125 0.1044921875 0.076171875
1 0.3291015625 0.4765625 0.0986328125 0.080078125
1 0.2626953125 0.376953125 0.1171875 0.0947265625
1 0.416015625 0.3525390625 0.1201171875 0.076171875
1 0.42578125 0.25 0.087890625 0.0654296875
1 0.15234375 0.494140625 0.0791015625 0.076171875
1 0.1142578125 0.5791015625 0.0859375 0.095703125
1 0.244140625 0.650390625 0.087890625 0.0888671875
1 0.35546875 0.7490234375 0.08984375 0.0693359375
1 0.560546875 0.9033203125 0.0625 0.0810546875
1 0.8544921875 0.96484375 0.150390625 0.0693359375
1 0.845703125 0.921875 0.123046875 0.068359375
1 0.0947265625 0.8701171875 0.0654296875 0.0869140625
1 0.2734375 0.875 0.1201171875 0.0751953125
1 0.4140625 0.904296875 0.0693359375 0.0712890625
1 0.4716796875 0.873046875 0.060546875 0.0751953125
1 0.2001953125 0.7724609375 0.0654296875 0.0458984375
1 0.0224609375 0.4267578125 0.0458984375 0.0908203125
1 0.0556640625 0.4892578125 0.0927734375 0.072265625
1 0.046875 0.173828125 0.078125 0.072265625
1 0.1962890625 0.0419921875 0.095703125 0.083984375
1 0.0849609375 0.052734375 0.0673828125 0.076171875
1 0.4404296875 0.0673828125 0.1005859375 0.0615234375
1 0.4384765625 0.021484375 0.0849609375 0.04296875
1 0.5947265625 0.3193359375 0.080078125 0.048828125
1 0.5048828125 0.3798828125 0.064453125 0.0751953125
1 0.712890625 0.8603515625 0.0693359375 0.06640625
1 0.3798828125 0.8359375 0.0546875 0.0537109375
1 0.7158203125 0.17578125 0.0615234375 0.08203125
1 0.6875 0.4326171875 0.0625 0.095703125
