1 0.3115234375 0.296875 0.1396484375 0.08984375
1 0.212890625 0.1357421875 0.1181640625 0.072265625
1 0.2431640625 0.5087890625 0.20703125 0.0751953125
1 0.638671875 0.95703125 0.0927734375 0.0859375
1 0.66796875 0.3857421875 0.2626953125 0.091796875
1 0.544921875 0.7900390625 0.177734375 0.0869140625
1 0.0927734375 0.0556640625 0.1103515625 0.0625
1 0.48046875 0.6796875 0.142578125 0.099609375
1 0.025390625 0.875 0.048828125 0.15234375
1 0.0390625 0.123046875 0.072265625 0.080078125
1 0.48828125 0.234375 0.11328125 0.0849609375
1 0.5966796875 0.1865234375 0.1298828125 0.0556640625
1 0.07421875 0.2392578125 0.1484375 0.064453125
1 0.5244140625 0.6201171875 0.10546875 0.0830078125
1 0.0341796875 0.2802734375 0.0693359375 0.0732421875
1 0.3251953125 0.126953125 0.1181640625 0.064453125
1 0.2607421875 0.697265625 0.091796875 0.1201171875
1 0.685546875 0.5517578125 0.142578125 0.0751953125
1 0.7666015625 0.7158203125 0.1591796875 0.072265625
1 0.5263671875 0.916015625 0.1298828125 0.087890625
1 0.7841796875 0.765625 0.1298828125 0.0625
1 0.32421875 0.171875 0.1103515625 0.060546875
1 0.0498046875 0.93359375 0.1005859375 0.1298828125
1 0.181640625 0.919921875 0.1005859375 0.16015625
1 0.2802734375 0.755859375 0.1533203125 0.0615234375
1 0.7138671875 0.9501953125 0.140625 0.09765625
1 0.890625 0.9609375 0.1376953125 0.078125
1 0.951171875 0.625 0.0966796875 0.0859375
1 0.5244140625 0.2724609375 0.099609375 0.080078125
