1 0.5 0.0361328125 0.0546875 0.05078125
1 0.400390625 0.203125 0.0654296875 0.0439453125
1 0.1015625 0.166015625 0.0654296875 0.0732421875
1 0.1513671875 0.1845703125 0.0947265625 0.0439453125
1 0.107421875 0.23828125 0.0615234375 0.0673828125
1 0.1796875 0.2548828125 0.046875 0.0498046875
1 0.1123046875 0.3076171875 0.0634765625 0.08203125
1 0.09375 0.3740234375 0.0439453125 0.0615234375
1 0.26171875 0.462890625 0.0673828125 0.05859375
1 0.369140625 0.498046875 0.087890625 0.0869140625
1 0.40234375 0.2919921875 0.1201171875 0.0654296875
1 0.4873046875 0.3564453125 0.11328125 0.06640625
1 0.56640625 0.3984375 0.0849609375 0.0771484375
1 0.5693359375 0.3349609375 0.0517578125 0.044921875
1 0.6220703125 0.2939453125 0.1416015625 0.0625
1 0.59765625 0.2470703125 0.1083984375 0.0576171875
1 0.2890625 0.2724609375 0.0712890625 0.1298828125
1 0.6923828125 0.201171875 0.0458984375 0.076171875
1 0.7607421875 0.201171875 0.0986328125 0.0615234375
1 0.76953125 0.24609375 0.12890625 0.060546875
1 0.9013671875 0.224609375 0.0859375 0.05859375
1 0.955078125 0.240234375 0.0595703125 0.0517578125
1 0.87890625 0.1552734375 0.0888671875 0.0625
1 0.955078125 0.1201171875 0.05859375 0.0576171875
1 0.9765625 0.0625 0.046875 0.0634765625
1 0.072265625 0.9609375 0.078125 0.0771484375
1 0.03125 0.90234375 0.0439453125 0.048828125
1 0.177734375 0.716796875 0.0869140625 0.056640625
1 0.060546875 0.7236328125 0.05859375 0.0634765625
1 0.06640625 0.7978515625 0.0634765625 0.0625
1 0.1640625 0.798828125 0.0771484375 0.05078125
1 0.1669921875 0.845703125 0.0732421875 0.064453125
1 0.1796875 0.90625 0.0634765625 0.0537109375
1 0.2509765625 0.81640625 0.072265625 0.05859375
1 0.3046875 0.8583984375 0.0986328125 0.05859375
1 0.3935546875 0.736328125 0.0517578125 0.0634765625
1 0.48046875 0.765625 0.091796875 0.0791015625
1 0.498046875 0.6826171875 0.08984375 0.05859375
1 0.4375 0.9013671875 0.060546875 0.0615234375
1 0.5712890625 0.84375 0.076171875 0.0830078125
1 0.67578125 0.96484375 0.083984375 0.0703125
1 0.71875 0.7861328125 0.1103515625 0.10546875
1 0.7939453125 0.7900390625 0.0947265625 0.0654296875
1 0.83203125 0.8330078125 0.1162109375 0.056640625
1 0.634765625 0.8330078125 0.060546875 0.09765625
1 0.9150390625 0.6611328125 0.0654296875 0.0703125
1 0.826171875 0.64453125 0.0654296875 0.041015625
1 0.859375 0.693359375 0.0625 0.0517578125
1 0.9365234375 0.7353515625 0.10546875 0.0732421875
1 0.9658203125 0.6533203125 0.0673828125 0.0595703125
1 0.9697265625 0.6044921875 0.0595703125 0.048828125
1 0.552734375 0.5595703125 0.0732421875 0.0537109375
1 0.546875 0.5966796875 0.0732421875 0.0478515625
1 0.615234375 0.6123046875 0.0693359375 0.052734375
1 0.69140625 0.6103515625 0.0771484375 0.0537109375
1 0.9140625 0.041015625 0.0703125 0.0439453125
1 0.8544921875 0.6259765625 0.10546875 0.0380859375
1 0.34765625 0.7216796875 0.037109375 0.0341796875
1 0.12109375 0.9501953125 0.041015625 0.0380859375
1 0.1484375 0.931640625 0.044921875 0.0439453125
