1 0.1962890625 0.95703125 0.0908203125 0.0859375
1 0.0185546875 0.7158203125 0.037109375 0.1123046875
1 0.0703125 0.822265625 0.0927734375 0.0849609375
1 0.189453125 0.7783203125 0.0888671875 0.080078125
1 0.1142578125 0.5361328125 0.091796875 0.0810546875
1 0.2470703125 0.4453125 0.095703125 0.0927734375
1 0.294921875 0.2978515625 0.125 0.1259765625
1 0.47265625 0.3486328125 0.0400390625 0.111328125
1 0.6015625 0.4052734375 0.0849609375 0.09375
1 0.44140625 0.529296875 0.0888671875 0.109375
1 0.361328125 0.6015625 0.1103515625 0.0986328125
1 0.29296875 0.5986328125 0.0927734375 0.07421875
1 0.306640625 0.6611328125 0.080078125 0.06640625
1 0.400390625 0.6982421875 0.060546875 0.06640625
1 0.4677734375 0.662109375 0.099609375 0.0703125
1 0.626953125 0.6650390625 0.0693359375 0.083984375
1 0.267578125 0.74609375 0.0634765625 0.0732421875
1 0.32421875 0.7822265625 0.064453125 0.0625
1 0.341796875 0.828125 0.1474609375 0.0634765625
1 0.6474609375 0.89453125 0.1015625 0.1181640625
1 0.978515625 0.7763671875 0.04296875 0.0625
1 0.9267578125 0.7958984375 0.0703125 0.06640625
1 0.8251953125 0.720703125 0.072265625 0.068359375
1 0.8837890625 0.7041015625 0.056640625 0.060546875
1 0.8359375 0.65625 0.0654296875 0.0595703125
1 0.9638671875 0.6044921875 0.0712890625 0.1162109375
1 0.689453125 0.4794921875 0.064453125 0.07421875
1 0.7734375 0.4765625 0.1083984375 0.1123046875
1 0.951171875 0.4580078125 0.0966796875 0.126953125
1 0.54296875 0.4326171875 0.080078125 0.0986328125
1 0.6279296875 0.6259765625 0.08203125 0.0537109375
1 0.7646484375 0.650390625 0.0703125 0.0693359375
1 0.5751953125 0.6611328125 0.0615234375 0.068359375
1 0.986328125 0.8623046875 0.0263671875 0.0546875
1 0.013671875 0.966796875 0.0283203125 0.0615234375
1 0.365234375 0.9765625 0.0595703125 0.0458984375
1 0.412109375 0.9912109375 0.0869140625 0.017578125
1 0.6748046875 0.9892578125 0.0380859375 0.0205078125
