1 0.2490234375 0.240234375 0.13671875 0.0908203125
1 0.1162109375 0.162109375 0.0888671875 0.0625
1 0.099609375 0.232421875 0.072265625 0.0751953125
1 0.1640625 0.1162109375 0.0888671875 0.0693359375
1 0.318359375 0.0751953125 0.0771484375 0.0830078125
1 0.421875 0.083984375 0.0732421875 0.068359375
1 0.4091796875 0.224609375 0.0830078125 0.0869140625
1 0.4111328125 0.310546875 0.126953125 0.0732421875
1 0.515625 0.251953125 0.08984375 0.0634765625
1 0.52734375 0.345703125 0.0712890625 0.0751953125
1 0.6611328125 0.30859375 0.068359375 0.0693359375
1 0.7880859375 0.3115234375 0.0546875 0.0634765625
1 0.8466796875 0.19140625 0.0732421875 0.0810546875
1 0.8662109375 0.0810546875 0.0732421875 0.1015625
1 0.765625 0.0595703125 0.0859375 0.0869140625
1 0.6865234375 0.0498046875 0.0556640625 0.087890625
1 0.619140625 0.0576171875 0.1025390625 0.1025390625
1 0.9560546875 0.302734375 0.0869140625 0.0888671875
1 0.974609375 0.041015625 0.05078125 0.08203125
1 0.958984375 0.583984375 0.0810546875 0.0810546875
1 0.8623046875 0.6435546875 0.1123046875 0.099609375
1 0.8173828125 0.560546875 0.0673828125 0.0732421875
1 0.744140625 0.50390625 0.0869140625 0.0986328125
1 0.966796875 0.6669921875 0.06640625 0.0595703125
1 0.93359375 0.7353515625 0.1044921875 0.0732421875
1 0.943359375 0.9541015625 0.1123046875 0.0908203125
1 0.8291015625 0.908203125 0.0947265625 0.1015625
1 0.7294921875 0.9052734375 0.07421875 0.123046875
1 0.7529296875 0.7958984375 0.0849609375 0.087890625
1 0.740234375 0.6591796875 0.0556640625 0.099609375
1 0.658203125 0.6630859375 0.09375 0.0830078125
1 0.58203125 0.498046875 0.076171875 0.0908203125
1 0.4736328125 0.5322265625 0.0703125 0.0791015625
1 0.3955078125 0.546875 0.0654296875 0.0810546875
1 0.96484375 0.427734375 0.0693359375 0.0615234375
1 0.2470703125 0.6162109375 0.0810546875 0.0654296875
1 0.119140625 0.396484375 0.0830078125 0.0869140625
1 0.10546875 0.6328125 0.0986328125 0.0751953125
1 0.16015625 0.580078125 0.10546875 0.0693359375
1 0.08203125 0.7158203125 0.103515625 0.08984375
1 0.0322265625 0.7998046875 0.0654296875 0.0673828125
1 0.2568359375 0.849609375 0.0810546875 0.0830078125
1 0.0380859375 0.9130859375 0.076171875 0.0634765625
1 0.541015625 0.8154296875 0.12109375 0.0986328125
1 0.4912109375 0.7197265625 0.0849609375 0.08203125
1 0.0380859375 0.5546875 0.076171875 0.0546875
1 0.443359375 0.966796875 0.0849609375 0.06640625
1 0.4306640625 0.904296875 0.0947265625 0.068359375
1 0.02734375 0.240234375 0.0546875 0.0615234375
1 0.53125 0.166015625 0.0634765625 0.072265625
1 0.25 0.1044921875 0.048828125 0.123046875
1 0.0966796875 0.8330078125 0.1298828125 0.072265625
