1 0.8837890625 0.12109375 0.0908203125 0.0830078125
1 0.958984375 0.044921875 0.08203125 0.08984375
1 0.7451171875 0.21484375 0.0966796875 0.0732421875
1 0.822265625 0.3203125 0.0966796875 0.0810546875
1 0.9384765625 0.4140625 0.080078125 0.0732421875
1 0.91015625 0.59375 0.076171875 0.0712890625
1 0.935546875 0.6826171875 0.0859375 0.0556640625
1 0.82421875 0.765625 0.07421875 0.0634765625
1 0.9384765625 0.7880859375 0.087890625 0.0595703125
1 0.5498046875 0.0947265625 0.1318359375 0.08203125
1 0.609375 0.236328125 0.072265625 0.0751953125
1 0.498046875 0.17578125 0.0625 0.0546875
1 0.4951171875 0.3037109375 0.0732421875 0.078125
1 0.2998046875 0.1884765625 0.076171875 0.10546875
1 0.33203125 0.2841796875 0.0771484375 0.0791015625
1 0.1591796875 0.3291015625 0.0888671875 0.0966796875
1 0.2705078125 0.3740234375 0.0693359375 0.0576171875
1 0.4033203125 0.416015625 0.0703125 0.0615234375
1 0.45703125 0.41015625 0.0771484375 0.07421875
1 0.6435546875 0.3759765625 0.0859375 0.083984375
1 0.572265625 0.46484375 0.1005859375 0.0771484375
1 0.61328125 0.6162109375 0.0908203125 0.0810546875
1 0.2236328125 0.4814453125 0.0751953125 0.0732421875
1 0.0791015625 0.435546875 0.0751953125 0.0556640625
1 0.0712890625 0.6904296875 0.10546875 0.1044921875
1 0.0849609375 0.9169921875 0.0927734375 0.1259765625
1 0.33984375 0.703125 0.06640625 0.0576171875
1 0.3310546875 0.5732421875 0.06640625 0.0537109375
1 0.41015625 0.564453125 0.0625 0.0673828125
1 0.6416015625 0.765625 0.0673828125 0.0634765625
1 0.7294921875 0.7607421875 0.080078125 0.0771484375
1 0.67578125 0.8466796875 0.083984375 0.064453125
1 0.7490234375 0.865234375 0.08984375 0.0751953125
1 0.7451171875 0.9755859375 0.076171875 0.048828125
1 0.8564453125 0.9404296875 0.06640625 0.0654296875
1 0.88671875 0.9765625 0.0693359375 0.046875
1 0.966796875 0.9833984375 0.064453125 0.0322265625
1 0.515625 0.955078125 0.0693359375 0.0791015625
1 0.3388671875 0.7783203125 0.07421875 0.0673828125
1 0.4462890625 0.9326171875 0.060546875 0.0654296875
1 0.654296875 0.0302734375 0.08203125 0.060546875
1 0.05859375 0.2158203125 0.083984375 0.0908203125
1 0.291015625 0.6279296875 0.0478515625 0.0419921875
1 0.0908203125 0.5654296875 0.0869140625 0.05078125
1 0.759765625 0.5087890625 0.0703125 0.0908203125
1 0.3798828125 0.9013671875 0.0439453125 0.03125
