1 0.0419921875 0.44140625 0.0400390625 0.0673828125
1 0.048828125 0.8359375 0.09765625 0.0810546875
1 0.3837890625 0.6650390625 0.0927734375 0.1044921875
1 0.2216796875 0.888671875 0.0830078125 0.0615234375
1 0.2177734375 0.0009765625 0.09375 0.001953125
1 0.12109375 0.9033203125 0.1142578125 0.0810546875
1 0.21875 0.14453125 0.0966796875 0.10546875
1 0.7958984375 0.791015625 0.1240234375 0.10546875
1 0.1533203125 0.1796875 0.083984375 0.1552734375
1 0.4033203125 0.4404296875 0.1181640625 0.1845703125
1 0.107421875 0.7255859375 0.15625 0.15625
1 0.384765625 0.5380859375 0.107421875 0.1416015625
1 0.400390625 0.2236328125 0.0849609375 0.138671875
1 0.8505859375 0.05078125 0.1044921875 0.1015625
1 0.220703125 0.6494140625 0.0654296875 0.099609375
1 0.49609375 0.2978515625 0.1484375 0.0908203125
1 0.408203125 0.953125 0.1005859375 0.0927734375
1 0.044921875 0.2607421875 0.0908203125 0.201171875
1 0.5712890625 0.14453125 0.1591796875 0.2099609375
1 0.6259765625 0.2158203125 0.171875 0.09765625
1 0.0966796875 0.8583984375 0.072265625 0.0732421875
1 0.3232421875 0.9052734375 0.08203125 0.189453125
1 0.0478515625 0.958984375 0.0966796875 0.0771484375
1 0.666015625 0.0556640625 0.1015625 0.1123046875
1 0.95703125 0.3876953125 0.0810546875 0.140625
1 0.7822265625 0.3984375 0.103515625 0.1796875
1 0.7958984375 0.1875 0.1123046875 0.07421875
1 0.96875 0.0009765625 0.0625 0.001953125
1 0.865234375 0.84765625 0.0498046875 0.08203125
1 0.87890625 0.8974609375 0.0595703125 0.0517578125
1 0.8359375 0.92578125 0.0703125 0.0458984375
1 0.2763671875 0.64453125 0.0595703125 0.0771484375
1 0.0615234375 0.53515625 0.080078125 0.056640625
1 0.3271484375 0.517578125 0.08203125 0.0546875
1 0.404296875 0.50390625 0.0751953125 0.0673828125
1 0.013671875 0.4443359375 0.0283203125 0.0654296875
1 0.95703125 0.30078125 0.0791015625 0.052734375
1 0.759765625 0.1103515625 0.099609375 0.0927734375
1 0.5751953125 0.0615234375 0.13671875 0.1015625
1 0.599609375 0.03125 0.060546875 0.0634765625
1 0.1220703125 0.07421875 0.10546875 0.1484375
