1 0.5302734375 0.7255859375 0.1025390625 0.0771484375
1 0.2958984375 0.7353515625 0.087890625 0.0673828125
1 0.4365234375 0.3564453125 0.1005859375 0.0947265625
1 0.5537109375 0.4462890625 0.0751953125 0.0712890625
1 0.40234375 0.076171875 0.08984375 0.1064453125
1 0.9443359375 0.564453125 0.111328125 0.115234375
1 0.02734375 0.8896484375 0.0556640625 0.0830078125
1 0.689453125 0.2001953125 0.080078125 0.0830078125
1 0.2021484375 0.6201171875 0.0546875 0.0478515625
1 0.693359375 0.8134765625 0.13671875 0.09765625
1 0.1455078125 0.41796875 0.0625 0.0673828125
1 0.2021484375 0.455078125 0.109375 0.1123046875
1 0.4296875 0.6572265625 0.099609375 0.080078125
1 0.857421875 0.703125 0.080078125 0.08203125
1 0.892578125 0.3525390625 0.1240234375 0.107421875
1 0.2822265625 0.908203125 0.08984375 0.072265625
1 0.416015625 0.8017578125 0.078125 0.0556640625
1 0.8017578125 0.154296875 0.095703125 0.0791015625
1 0.0341796875 0.037109375 0.0693359375 0.0751953125
1 0.037109375 0.373046875 0.064453125 0.0927734375
1 0.2138671875 0.3193359375 0.080078125 0.0654296875
1 0.1416015625 0.1064453125 0.0556640625 0.0595703125
1 0.935546875 0.740234375 0.08203125 0.0576171875
1 0.0966796875 0.3212890625 0.0947265625 0.0849609375
1 0.93359375 0.779296875 0.1328125 0.0849609375
1 0.9697265625 0.837890625 0.060546875 0.0673828125
1 0.5302734375 0.1416015625 0.0830078125 0.1103515625
