1 0.19140625 0.69921875 0.1044921875 0.080078125
1 0.673828125 0.96484375 0.1298828125 0.0703125
1 0.1201171875 0.263671875 0.0673828125 0.1298828125
1 0.9609375 0.85546875 0.078125 0.0673828125
1 0.3203125 0.677734375 0.0966796875 0.0732421875
1 0.7080078125 0.6572265625 0.107421875 0.0703125
1 0.57421875 0.501953125 0.080078125 0.185546875
1 0.5419921875 0.7333984375 0.0703125 0.1171875
1 0.4990234375 0.8408203125 0.0849609375 0.09765625
1 0.640625 0.2177734375 0.087890625 0.0966796875
1 0.2197265625 0.6220703125 0.0703125 0.07421875
1 0.529296875 0.1982421875 0.1103515625 0.107421875
1 0.23046875 0.8193359375 0.0771484375 0.0849609375
1 0.8056640625 0.3525390625 0.087890625 0.0673828125
1 0.7265625 0.1142578125 0.1005859375 0.224609375
1 0.27734375 0.3369140625 0.0703125 0.060546875
1 0.1845703125 0.9462890625 0.060546875 0.0498046875
1 0.1728515625 0.41015625 0.0966796875 0.1181640625
1 0.28515625 0.26171875 0.0673828125 0.0849609375
1 0.8828125 0.0732421875 0.1123046875 0.142578125
1 0.34375 0.4150390625 0.0751953125 0.0673828125
1 0.7470703125 0.8642578125 0.130859375 0.080078125
1 0.771484375 0.2578125 0.0654296875 0.0869140625
1 0.9033203125 0.6171875 0.08203125 0.0703125
1 0.0673828125 0.8017578125 0.125 0.205078125
1 0.783203125 0.46875 0.1474609375 0.1103515625
1 0.64453125 0.0654296875 0.060546875 0.0673828125
1 0.904296875 0.9033203125 0.0546875 0.052734375
1 0.10546875 0.478515625 0.1171875 0.0625
1 0.4169921875 0.525390625 0.08984375 0.0927734375
1 0.400390625 0.0576171875 0.1025390625 0.1123046875
1 0.8759765625 0.36328125 0.087890625 0.1171875
1 0.052734375 0.3134765625 0.0576171875 0.0625
1 0.8720703125 0.486328125 0.130859375 0.1044921875
1 0.845703125 0.2626953125 0.107421875 0.1318359375
1 0.048828125 0.0693359375 0.0947265625 0.134765625
1 0.220703125 0.0302734375 0.087890625 0.0576171875
1 0.775390625 0.91796875 0.1181640625 0.0478515625
1 0.71484375 0.9052734375 0.125 0.0732421875
1 0.3642578125 0.6396484375 0.0595703125 0.044921875
1 0.6689453125 0.0244140625 0.0693359375 0.044921875
1 0.4677734375 0.1982421875 0.0732421875 0.08203125
1 0.2060546875 0.4453125 0.072265625 0.1181640625
1 0.4755859375 0.55859375 0.162109375 0.072265625
1 0.5244140625 0.5244140625 0.0849609375 0.16015625
1 0.5009765625 0.9560546875 0.0869140625 0.0419921875
1 0.5380859375 0.7783203125 0.09765625 0.09765625
1 0.0380859375 0.8583984375 0.072265625 0.078125
1 0.8427734375 0.4853515625 0.1025390625 0.0673828125
1 0.447265625 0.1142578125 0.10546875 0.169921875
