1 0.58203125 0.1884765625 0.119140625 0.09765625
1 0.5068359375 0.2802734375 0.134765625 0.1982421875
1 0.6552734375 0.439453125 0.1083984375 0.095703125
1 0.771484375 0.8984375 0.23046875 0.107421875
1 0.8056640625 0.3037109375 0.08203125 0.0947265625
1 0.3349609375 0.78125 0.099609375 0.095703125
1 0.7119140625 0.02734375 0.140625 0.0546875
1 0.0576171875 0.509765625 0.1015625 0.1572265625
1 0.1953125 0.9677734375 0.1025390625 0.064453125
1 0.943359375 0.2216796875 0.08203125 0.0595703125
1 0.01953125 0.2724609375 0.0390625 0.0712890625
1 0.5576171875 0.1240234375 0.1171875 0.078125
