1 0.044921875 0.0751953125 0.08984375 0.0849609375
1 0.18359375 0.103515625 0.1005859375 0.0732421875
1 0.0634765625 0.244140625 0.0654296875 0.0654296875
1 0.2177734375 0.22265625 0.0791015625 0.0859375
1 0.029296875 0.3955078125 0.0595703125 0.0947265625
1 0.1044921875 0.4306640625 0.119140625 0.072265625
1 0.1279296875 0.533203125 0.16796875 0.0712890625
1 0.021484375 0.580078125 0.04296875 0.0634765625
1 0.2783203125 0.580078125 0.0810546875 0.052734375
1 0.1953125 0.6181640625 0.1044921875 0.07421875
1 0.115234375 0.6298828125 0.04296875 0.068359375
1 0.12109375 0.685546875 0.0517578125 0.0712890625
1 0.3564453125 0.630859375 0.0751953125 0.111328125
1 0.2685546875 0.455078125 0.076171875 0.1123046875
1 0.3291015625 0.416015625 0.080078125 0.0615234375
1 0.408203125 0.46484375 0.1083984375 0.0673828125
1 0.4814453125 0.431640625 0.068359375 0.10546875
1 0.341796875 0.26953125 0.154296875 0.197265625
1 0.4541015625 0.2353515625 0.072265625 0.10546875
1 0.5458984375 0.234375 0.080078125 0.09765625
1 0.595703125 0.45703125 0.0810546875 0.130859375
1 0.4267578125 0.3212890625 0.0751953125 0.0947265625
1 0.6982421875 0.2333984375 0.0859375 0.08984375
1 0.857421875 0.3818359375 0.11328125 0.13671875
1 0.875 0.46875 0.1396484375 0.1337890625
1 0.6728515625 0.515625 0.1318359375 0.0712890625
1 0.7392578125 0.58203125 0.1513671875 0.087890625
1 0.875 0.6171875 0.1591796875 0.08984375
1 0.8251953125 0.7138671875 0.0869140625 0.0859375
1 0.9716796875 0.7646484375 0.056640625 0.0859375
1 0.640625 0.9140625 0.0712890625 0.1298828125
1 0.8017578125 0.8505859375 0.0625 0.1064453125
1 0.9599609375 0.8955078125 0.0791015625 0.0849609375
1 0.43359375 0.97265625 0.091796875 0.0517578125
1 0.4453125 0.9716796875 0.09375 0.0556640625
1 0.50390625 0.982421875 0.0791015625 0.0341796875
1 0.978515625 0.4267578125 0.04296875 0.0859375
1 0.625 0.0322265625 0.0556640625 0.056640625
1 0.970703125 0.2021484375 0.0576171875 0.0771484375
1 0.455078125 0.3759765625 0.0966796875 0.0908203125
1 0.341796875 0.9755859375 0.11328125 0.048828125
1 0.5166015625 0.6318359375 0.076171875 0.052734375
1 0.6572265625 0.46875 0.044921875 0.0498046875
1 0.0107421875 0.5068359375 0.01953125 0.0556640625
1 0.009765625 0.67578125 0.017578125 0.0390625
1 0.3173828125 0.4755859375 0.072265625 0.05859375
1 0.828125 0.4482421875 0.0673828125 0.111328125
1 0.0654296875 0.474609375 0.0673828125 0.076171875
1 0.896484375 0.5029296875 0.076171875 0.0791015625
1 0.08203125 0.6484375 0.046875 0.0751953125
