1 0.068359375 0.279296875 0.1201171875 0.12109375
1 0.0263671875 0.3134765625 0.0537109375 0.099609375
1 0.25 0.0712890625 0.1298828125 0.0712890625
1 0.0771484375 0.0322265625 0.1552734375 0.056640625
1 0.609375 0.0390625 0.1474609375 0.0576171875
1 0.552734375 0.1123046875 0.09375 0.0615234375
1 0.7099609375 0.162109375 0.109375 0.0810546875
1 0.44921875 0.220703125 0.0693359375 0.0751953125
1 0.6162109375 0.318359375 0.1484375 0.0693359375
1 0.6552734375 0.3984375 0.083984375 0.0791015625
1 0.3486328125 0.4521484375 0.1171875 0.140625
1 0.1708984375 0.35546875 0.115234375 0.119140625
1 0.2822265625 0.392578125 0.2265625 0.1474609375
1 0.04296875 0.5322265625 0.08203125 0.154296875
1 0.533203125 0.474609375 0.12109375 0.0634765625
1 0.5615234375 0.521484375 0.1669921875 0.07421875
1 0.400390625 0.59765625 0.0703125 0.0791015625
1 0.2294921875 0.625 0.078125 0.1201171875
1 0.5302734375 0.6533203125 0.146484375 0.0634765625
1 0.6162109375 0.7138671875 0.12890625 0.0751953125
1 0.5322265625 0.787109375 0.0791015625 0.0615234375
1 0.6982421875 0.8408203125 0.1865234375 0.0615234375
1 0.71875 0.6171875 0.162109375 0.0712890625
1 0.8505859375 0.5107421875 0.0615234375 0.0849609375
1 0.8955078125 0.3369140625 0.099609375 0.16015625
1 0.953125 0.71875 0.0927734375 0.080078125
1 0.9775390625 0.912109375 0.0439453125 0.1123046875
1 0.9052734375 0.9677734375 0.076171875 0.064453125
1 0.7880859375 0.953125 0.0849609375 0.09375
1 0.9833984375 0.9892578125 0.033203125 0.021484375
1 0.0849609375 0.9072265625 0.1630859375 0.056640625
1 0.357421875 0.7978515625 0.0810546875 0.068359375
1 0.0234375 0.8310546875 0.0478515625 0.078125
1 0.1533203125 0.14453125 0.146484375 0.111328125
1 0.708984375 0.0751953125 0.1025390625 0.08984375
1 0.5341796875 0.099609375 0.150390625 0.0654296875
1 0.93359375 0.1201171875 0.0810546875 0.064453125
1 0.40234375 0.7060546875 0.12109375 0.0556640625
1 0.216796875 0.529296875 0.234375 0.119140625
1 0.6220703125 0.751953125 0.146484375 0.1015625
1 0.544921875 0.830078125 0.10546875 0.0673828125
1 0.40234375 0.78125 0.06640625 0.052734375
1 0.107421875 0.0791015625 0.1240234375 0.1298828125
