1 0.328125 0.4482421875 0.056640625 0.0927734375
1 0.6171875 0.4130859375 0.0791015625 0.064453125
1 0.5791015625 0.1962890625 0.09765625 0.052734375
1 0.755859375 0.357421875 0.0654296875 0.08203125
1 0.1982421875 0.0498046875 0.0869140625 0.0537109375
1 0.0947265625 0.3916015625 0.0849609375 0.0439453125
1 0.5380859375 0.0859375 0.07421875 0.044921875
1 0.3505859375 0.3603515625 0.1162109375 0.076171875
1 0.689453125 0.4111328125 0.068359375 0.0478515625
1 0.123046875 0.2197265625 0.0888671875 0.0439453125
1 0.5791015625 0.6396484375 0.109375 0.0556640625
1 0.9716796875 0.4794921875 0.052734375 0.0576171875
1 0.939453125 0.1865234375 0.07421875 0.0595703125
1 0.462890625 0.4091796875 0.0615234375 0.0654296875
1 0.9150390625 0.6259765625 0.0595703125 0.0546875
1 0.96875 0.5517578125 0.05859375 0.05078125
1 0.8681640625 0.7451171875 0.078125 0.0458984375
1 0.736328125 0.53125 0.083984375 0.044921875
1 0.078125 0.1337890625 0.09375 0.05078125
1 0.171875 0.544921875 0.0888671875 0.05078125
1 0.630859375 0.9814453125 0.0751953125 0.0322265625
1 0.689453125 0.87109375 0.09765625 0.041015625
1 0.2080078125 0.8662109375 0.10546875 0.0380859375
1 0.0166015625 0.7294921875 0.0341796875 0.03515625
1 0.021484375 0.564453125 0.0439453125 0.0244140625
1 0.0625 0.76953125 0.09765625 0.08203125
1 0.5927734375 0.8056640625 0.09375 0.0390625
1 0.4814453125 0.279296875 0.083984375 0.0400390625
1 0.009765625 0.912109375 0.01953125 0.0390625
1 0.0283203125 0.4814453125 0.0546875 0.0400390625
1 0.3427734375 0.966796875 0.09765625 0.056640625
1 0.943359375 0.6826171875 0.0615234375 0.048828125
1 0.25390625 0.5244140625 0.1015625 0.0244140625
1 0.5595703125 0.84375 0.0654296875 0.037109375
1 0.537109375 0.4365234375 0.06640625 0.072265625
1 0.2841796875 0.5771484375 0.08203125 0.037109375
1 0.376953125 0.869140625 0.111328125 0.0283203125
1 0.3505859375 0.712890625 0.083984375 0.0302734375
1 0.1826171875 0.4853515625 0.0732421875 0.0439453125
1 0.65234375 0.5234375 0.0966796875 0.037109375
1 0.1123046875 0.548828125 0.1103515625 0.0595703125
1 0.009765625 0.4912109375 0.01953125 0.021484375
1 0.6962890625 0.130859375 0.076171875 0.0263671875
1 0.0654296875 0.4365234375 0.076171875 0.029296875
1 0.40625 0.474609375 0.0517578125 0.033203125
1 0.5576171875 0.7431640625 0.1123046875 0.0458984375
1 0.41015625 0.9580078125 0.080078125 0.029296875
1 0.3408203125 0.90234375 0.0791015625 0.021484375
1 0.65234375 0.01171875 0.08984375 0.0224609375
1 0.6767578125 0.5771484375 0.02734375 0.080078125
1 0.5673828125 0.8896484375 0.0810546875 0.0341796875
1 0.2578125 0.80078125 0.0693359375 0.037109375
1 0.8462890625 0.45556640625 0.09306640624999996 0.046875
1 0.4541015625 0.5419921875 0.060546875 0.03515625
1 0.896484375 0.83984375 0.041015625 0.0517578125
1 0.9287109375 0.9384765625 0.08203125 0.025390625
1 0.6767578125 0.9443359375 0.05859375 0.01953125
1 0.849609375 0.8583984375 0.0888671875 0.0390625
1 0.7763671875 0.8046875 0.0673828125 0.0380859375
1 0.6923828125 0.3232421875 0.0556640625 0.04296875
1 0.6279296875 0.478515625 0.0888671875 0.0283203125
1 0.328125 0.185546875 0.095703125 0.0986328125
