1 0.10546875 0.341796875 0.1005859375 0.0654296875
1 0.0556640625 0.052734375 0.0810546875 0.0830078125
1 0.2099609375 0.0068359375 0.0751953125 0.013671875
1 0.2666015625 0.0234375 0.060546875 0.046875
1 0.3369140625 0.0712890625 0.06640625 0.1064453125
1 0.390625 0.1298828125 0.0947265625 0.0888671875
1 0.4697265625 0.1298828125 0.0859375 0.0830078125
1 0.6474609375 0.2265625 0.078125 0.080078125
1 0.6689453125 0.3154296875 0.0859375 0.09765625
1 0.9423828125 0.3154296875 0.115234375 0.0791015625
1 0.76953125 0.0478515625 0.078125 0.087890625
1 0.841796875 0.0849609375 0.072265625 0.0634765625
1 0.271484375 0.55859375 0.080078125 0.080078125
1 0.3896484375 0.5302734375 0.0888671875 0.109375
1 0.587890625 0.572265625 0.0576171875 0.0908203125
1 0.634765625 0.5556640625 0.052734375 0.0693359375
1 0.787109375 0.4658203125 0.1142578125 0.064453125
1 0.7060546875 0.51953125 0.0791015625 0.060546875
1 0.69140625 0.5732421875 0.0615234375 0.0869140625
1 0.775390625 0.6171875 0.0771484375 0.0703125
1 0.787109375 0.677734375 0.0732421875 0.0693359375
1 0.708984375 0.7783203125 0.0615234375 0.0712890625
1 0.88671875 0.873046875 0.0693359375 0.0869140625
1 0.482421875 0.5908203125 0.126953125 0.0791015625
1 0.607421875 0.6572265625 0.0810546875 0.072265625
1 0.4423828125 0.658203125 0.0791015625 0.08984375
1 0.966796875 0.4248046875 0.06640625 0.087890625
1 0.6025390625 0.87890625 0.0771484375 0.0908203125
1 0.650390625 0.927734375 0.0673828125 0.05859375
1 0.7919921875 0.9248046875 0.056640625 0.0810546875
1 0.298828125 0.958984375 0.0673828125 0.0810546875
1 0.802734375 0.9814453125 0.0537109375 0.0361328125
1 0.0205078125 0.6240234375 0.0419921875 0.06640625
1 0.080078125 0.69140625 0.16015625 0.0751953125
1 0.98046875 0.2705078125 0.0380859375 0.04296875
1 0.8681640625 0.958984375 0.1181640625 0.0615234375
