1 0.97265625 0.5322265625 0.0546875 0.0966796875
1 0.4169921875 0.5986328125 0.0986328125 0.12890625
1 0.8671875 0.7470703125 0.15625 0.125
1 0.83984375 0.9169921875 0.1201171875 0.099609375
1 0.73046875 0.287109375 0.1171875 0.1318359375
1 0.119140625 0.5634765625 0.0947265625 0.1328125
1 0.38671875 0.177734375 0.0732421875 0.1298828125
1 0.3359375 0.8671875 0.1015625 0.1005859375
1 0.296875 0.5654296875 0.091796875 0.08203125
1 0.83203125 0.1201171875 0.169921875 0.189453125
1 0.9462890625 0.0908203125 0.0849609375 0.123046875
1 0.26171875 0.7109375 0.095703125 0.0830078125
1 0.697265625 0.4111328125 0.08984375 0.1337890625
1 0.314453125 0.66796875 0.076171875 0.107421875
1 0.76953125 0.9697265625 0.060546875 0.060546875
1 0.322265625 0.7890625 0.08984375 0.0693359375
1 0.205078125 0.8701171875 0.0947265625 0.0869140625
1 0.07421875 0.22265625 0.0947265625 0.0751953125
1 0.068359375 0.3115234375 0.115234375 0.1123046875
1 0.81640625 0.3330078125 0.0751953125 0.0927734375
1 0.7294921875 0.03515625 0.08984375 0.0673828125
1 0.048828125 0.6943359375 0.095703125 0.119140625
1 0.03515625 0.85546875 0.0693359375 0.1416015625
1 0.861328125 0.0234375 0.1044921875 0.04296875
1 0.0361328125 0.046875 0.0732421875 0.0927734375
1 0.73828125 0.58984375 0.0712890625 0.0791015625
