1 0.150390625 0.271484375 0.064453125 0.087890625
1 0.021484375 0.4375 0.0439453125 0.11328125
1 0.9765625 0.685546875 0.046875 0.08984375
1 0.43359375 0.2998046875 0.0478515625 0.0888671875
1 0.9462890625 0.296875 0.08203125 0.0654296875
1 0.3701171875 0.078125 0.0361328125 0.0859375
1 0.181640625 0.046875 0.033203125 0.08984375
1 0.5029296875 0.1318359375 0.033203125 0.10546875
1 0.345703125 0.51171875 0.0244140625 0.0654296875
1 0.4365234375 0.1767578125 0.029296875 0.0654296875
1 0.4140625 0.2197265625 0.0615234375 0.0498046875
1 0.4013671875 0.419921875 0.0390625 0.080078125
1 0.5078125 0.3779296875 0.0361328125 0.0751953125
1 0.2666015625 0.109375 0.046875 0.08203125
1 0.0283203125 0.1064453125 0.02734375 0.072265625
1 0.705078125 0.6826171875 0.0439453125 0.0908203125
1 0.18359375 0.376953125 0.03125 0.064453125
1 0.623046875 0.1865234375 0.0498046875 0.080078125
1 0.455078125 0.0712890625 0.0263671875 0.0986328125
1 0.1484375 0.60546875 0.046875 0.0771484375
1 0.146484375 0.4013671875 0.0498046875 0.068359375
1 0.8193359375 0.4482421875 0.0322265625 0.0830078125
1 0.935546875 0.751953125 0.029296875 0.076171875
1 0.6494140625 0.978515625 0.03125 0.04296875
1 0.3427734375 0.056640625 0.025390625 0.09375
1 0.8935546875 0.185546875 0.048828125 0.08203125
1 0.8271484375 0.3720703125 0.0458984375 0.0732421875
1 0.650390625 0.1435546875 0.025390625 0.0859375
1 0.0830078125 0.0205078125 0.0400390625 0.041015625
1 0.2763671875 0.4462890625 0.0341796875 0.0517578125
1 0.0078125 0.509765625 0.015625 0.0400390625
1 0.984375 0.05078125 0.0302734375 0.0615234375
1 0.14453125 0.6396484375 0.029296875 0.09375
1 0.0146484375 0.1943359375 0.0302734375 0.0283203125
1 0.9326171875 0.1474609375 0.1025390625 0.056640625
1 0.37109375 0.681640625 0.0341796875 0.068359375
1 0.865234375 0.59375 0.029296875 0.05859375
1 0.203125 0.6162109375 0.05078125 0.046875
1 0.486328125 0.7509765625 0.0283203125 0.056640625
1 0.5703125 0.982421875 0.04296875 0.03515625
1 0.2392578125 0.7763671875 0.06640625 0.0595703125
1 0.154296875 0.1630859375 0.029296875 0.0556640625
1 0.0380859375 0.748046875 0.04296875 0.0625
1 0.2177734375 0.71484375 0.0654296875 0.052734375
1 0.9521484375 0.34375 0.041015625 0.0966796875
1 0.3056640625 0.771484375 0.0546875 0.05078125
1 0.4462890625 0.7802734375 0.052734375 0.025390625
1 0.13671875 0.4599609375 0.0615234375 0.033203125
1 0.98046875 0.5322265625 0.033203125 0.048828125
1 0.5341796875 0.4501953125 0.05078125 0.044921875
1 0.572265625 0.85546875 0.03125 0.052734375
1 0.43359375 0.7470703125 0.0478515625 0.0546875
1 0.9619140625 0.49609375 0.0263671875 0.0537109375
1 0.017578125 0.8076171875 0.03515625 0.0458984375
1 0.3876953125 0.849609375 0.044921875 0.046875
1 0.0380859375 0.884765625 0.044921875 0.0400390625
1 0.6748046875 0.037109375 0.0341796875 0.0439453125
1 0.4794921875 0.0908203125 0.03515625 0.068359375
1 0.216796875 0.591796875 0.0517578125 0.04296875
1 0.7646484375 0.7939453125 0.0498046875 0.0546875
1 0.794921875 0.83984375 0.041015625 0.060546875
1 0.6875 0.8193359375 0.056640625 0.03515625
1 0.3974609375 0.1748046875 0.044921875 0.04296875
