1 0.078125 0.828125 0.0927734375 0.0693359375
1 0.1865234375 0.7890625 0.0791015625 0.0888671875
1 0.197265625 0.859375 0.0517578125 0.048828125
1 0.0439453125 0.6259765625 0.0546875 0.0625
1 0.0390625 0.158203125 0.056640625 0.07421875
1 0.029296875 0.029296875 0.05859375 0.0517578125
1 0.0986328125 0.05078125 0.083984375 0.0810546875
1 0.1455078125 0.107421875 0.064453125 0.0732421875
1 0.193359375 0.0810546875 0.0712890625 0.064453125
1 0.078125 0.2607421875 0.0517578125 0.0625
1 0.216796875 0.3369140625 0.0732421875 0.0751953125
1 0.421875 0.2744140625 0.1455078125 0.0732421875
1 0.2802734375 0.412109375 0.060546875 0.064453125
1 0.2900390625 0.470703125 0.0595703125 0.0517578125
1 0.3310546875 0.4228515625 0.0478515625 0.05078125
1 0.384765625 0.4375 0.0712890625 0.0751953125
1 0.455078125 0.3232421875 0.0625 0.0458984375
1 0.6240234375 0.283203125 0.0673828125 0.06640625
1 0.6162109375 0.337890625 0.0771484375 0.0546875
1 0.5400390625 0.4716796875 0.083984375 0.0703125
1 0.6044921875 0.5205078125 0.0947265625 0.064453125
1 0.6689453125 0.4892578125 0.078125 0.080078125
1 0.744140625 0.4609375 0.0771484375 0.0634765625
1 0.765625 0.5380859375 0.0771484375 0.0810546875
1 0.5107421875 0.6083984375 0.10546875 0.0908203125
1 0.4599609375 0.6904296875 0.0576171875 0.099609375
1 0.51171875 0.7197265625 0.0556640625 0.0751953125
1 0.24609375 0.6201171875 0.0625 0.083984375
1 0.294921875 0.6318359375 0.05859375 0.080078125
1 0.3291015625 0.7080078125 0.0615234375 0.072265625
1 0.3056640625 0.9189453125 0.078125 0.0595703125
1 0.380859375 0.884765625 0.0693359375 0.0712890625
1 0.40234375 0.93359375 0.095703125 0.056640625
1 0.359375 0.9794921875 0.064453125 0.0400390625
1 0.6494140625 0.8798828125 0.0751953125 0.0947265625
1 0.591796875 0.7998046875 0.056640625 0.0712890625
1 0.5380859375 0.791015625 0.0673828125 0.0810546875
1 0.6669921875 0.763671875 0.083984375 0.0947265625
1 0.763671875 0.7685546875 0.0791015625 0.0703125
1 0.8994140625 0.876953125 0.1025390625 0.0751953125
1 0.890625 0.7998046875 0.072265625 0.0673828125
1 0.9521484375 0.80859375 0.0634765625 0.0546875
1 0.94921875 0.732421875 0.095703125 0.0693359375
1 0.8701171875 0.5634765625 0.0517578125 0.0654296875
1 0.919921875 0.576171875 0.048828125 0.056640625
1 0.8427734375 0.4443359375 0.0517578125 0.052734375
1 0.8662109375 0.380859375 0.0751953125 0.0546875
1 0.591796875 0.37890625 0.068359375 0.05078125
1 0.9150390625 0.2021484375 0.107421875 0.076171875
1 0.48046875 0.1337890625 0.0654296875 0.076171875
1 0.6328125 0.1884765625 0.0634765625 0.0546875
1 0.64453125 0.1171875 0.0810546875 0.05078125
1 0.6171875 0.0625 0.119140625 0.05078125
1 0.9287109375 0.1181640625 0.0830078125 0.05859375
1 0.861328125 0.041015625 0.064453125 0.0693359375
1 0.9375 0.05859375 0.0576171875 0.044921875
1 0.4296875 0.025390625 0.068359375 0.044921875
1 0.3544921875 0.037109375 0.052734375 0.0595703125
1 0.380859375 0.0986328125 0.1083984375 0.0625
1 0.900390625 0.0146484375 0.0615234375 0.029296875
