1 0.0224609375 0.736328125 0.0458984375 0.185546875
1 0.009765625 0.3203125 0.0205078125 0.0791015625
1 0.0390625 0.4755859375 0.076171875 0.1103515625
1 0.1064453125 0.6025390625 0.06640625 0.091796875
1 0.0087890625 0.0947265625 0.0185546875 0.07421875
1 0.095703125 0.134765625 0.0654296875 0.1015625
1 0.0234375 0.0078125 0.0478515625 0.015625
1 0.5595703125 0.0517578125 0.087890625 0.0830078125
1 0.2861328125 0.1376953125 0.2294921875 0.140625
1 0.1884765625 0.1787109375 0.11328125 0.0927734375
1 0.23828125 0.306640625 0.099609375 0.0986328125
1 0.4580078125 0.279296875 0.09765625 0.109375
1 0.8046875 0.349609375 0.1328125 0.11328125
1 0.87109375 0.251953125 0.181640625 0.14453125
1 0.830078125 0.048828125 0.119140625 0.09765625
1 0.5947265625 0.4150390625 0.1201171875 0.091796875
1 0.5048828125 0.51953125 0.09765625 0.123046875
1 0.2578125 0.6298828125 0.072265625 0.0654296875
1 0.603515625 0.51171875 0.1083984375 0.0830078125
1 0.7509765625 0.4912109375 0.1142578125 0.0771484375
1 0.7802734375 0.59765625 0.1328125 0.1083984375
1 0.6669921875 0.5908203125 0.0751953125 0.0751953125
1 0.875 0.7109375 0.109375 0.080078125
1 0.8564453125 0.8291015625 0.0830078125 0.0673828125
1 0.2958984375 0.8056640625 0.2265625 0.1279296875
1 0.2138671875 0.8837890625 0.1376953125 0.0771484375
1 0.4697265625 0.9228515625 0.0947265625 0.150390625
1 0.0263671875 0.9443359375 0.052734375 0.111328125
1 0.1220703125 0.9775390625 0.056640625 0.0439453125
1 0.25 0.9794921875 0.064453125 0.041015625
1 0.7275390625 0.9267578125 0.1376953125 0.07421875
1 0.9560546875 0.8935546875 0.080078125 0.1005859375
1 0.931640625 0.4140625 0.1259765625 0.0634765625
1 0.9716796875 0.484375 0.0556640625 0.0517578125
1 0.9462890625 0.173828125 0.1064453125 0.0693359375
1 0.171875 0.5107421875 0.169921875 0.0869140625
