1 0.0185546875 0.9921875 0.037109375 0.0146484375
1 0.05859375 0.8349609375 0.1181640625 0.064453125
1 0.0322265625 0.75390625 0.064453125 0.0830078125
1 0.0390625 0.083984375 0.078125 0.08984375
1 0.109375 0.0732421875 0.0732421875 0.1474609375
1 0.18359375 0.1845703125 0.0439453125 0.056640625
1 0.15234375 0.2470703125 0.0546875 0.068359375
1 0.31640625 0.23046875 0.0810546875 0.087890625
1 0.3388671875 0.0966796875 0.0556640625 0.0810546875
1 0.392578125 0.03515625 0.056640625 0.0703125
1 0.431640625 0.283203125 0.0693359375 0.07421875
1 0.3662109375 0.4677734375 0.0791015625 0.072265625
1 0.451171875 0.439453125 0.1259765625 0.1796875
1 0.2568359375 0.5068359375 0.0888671875 0.119140625
1 0.1083984375 0.4033203125 0.111328125 0.1474609375
1 0.150390625 0.537109375 0.1669921875 0.16796875
1 0.09765625 0.7158203125 0.0830078125 0.068359375
1 0.1298828125 0.8984375 0.0908203125 0.1025390625
1 0.345703125 0.9560546875 0.171875 0.0869140625
1 0.5078125 0.927734375 0.087890625 0.1357421875
1 0.392578125 0.814453125 0.1064453125 0.05078125
1 0.630859375 0.98828125 0.0791015625 0.0234375
1 0.673828125 0.9541015625 0.0712890625 0.0732421875
1 0.5869140625 0.830078125 0.0859375 0.1162109375
1 0.68359375 0.7958984375 0.0859375 0.0634765625
1 0.9384765625 0.9296875 0.056640625 0.08984375
1 0.9638671875 0.869140625 0.072265625 0.138671875
1 0.9599609375 0.7138671875 0.0751953125 0.07421875
1 0.513671875 0.4755859375 0.0615234375 0.134765625
1 0.775390625 0.5810546875 0.0498046875 0.1875
1 0.7900390625 0.759765625 0.0576171875 0.16015625
1 0.8515625 0.38671875 0.1474609375 0.13671875
1 0.517578125 0.26171875 0.1044921875 0.0888671875
1 0.560546875 0.373046875 0.0732421875 0.0712890625
1 0.4736328125 0.083984375 0.15234375 0.0732421875
1 0.7109375 0.1337890625 0.1064453125 0.125
1 0.8291015625 0.1298828125 0.0791015625 0.1650390625
1 0.921875 0.0947265625 0.068359375 0.1103515625
1 0.8115234375 0.0146484375 0.1220703125 0.0302734375
1 0.9755859375 0.1845703125 0.0478515625 0.05078125
1 0.9775390625 0.544921875 0.044921875 0.044921875
1 0.3154296875 0.0234375 0.060546875 0.046875
