1 0.2939453125 0.3046875 0.0673828125 0.0888671875
1 0.177734375 0.251953125 0.125 0.0869140625
1 0.1611328125 0.333984375 0.123046875 0.0654296875
1 0.0439453125 0.103515625 0.087890625 0.083984375
1 0.7412109375 0.0830078125 0.267578125 0.1484375
1 0.8671875 0.18359375 0.1474609375 0.083984375
1 0.884765625 0.388671875 0.1171875 0.0859375
1 0.529296875 0.48046875 0.125 0.080078125
1 0.3701171875 0.4736328125 0.1923828125 0.0849609375
1 0.1884765625 0.5302734375 0.109375 0.119140625
1 0.029296875 0.6796875 0.05859375 0.09765625
1 0.30078125 0.703125 0.2001953125 0.1005859375
1 0.53515625 0.6875 0.109375 0.1845703125
1 0.4716796875 0.771484375 0.0859375 0.15234375
1 0.6904296875 0.8046875 0.0869140625 0.224609375
1 0.7978515625 0.8251953125 0.0556640625 0.1669921875
1 0.7607421875 0.966796875 0.279296875 0.06640625
1 0.2236328125 0.921875 0.09765625 0.08203125
1 0.109375 0.927734375 0.0634765625 0.0810546875
1 0.91796875 0.283203125 0.0751953125 0.078125
1 0.95703125 0.9580078125 0.0859375 0.0654296875
1 0.326171875 0.9716796875 0.0693359375 0.0556640625
1 0.470703125 0.3095703125 0.087890625 0.0478515625
