1 0.0146484375 0.7607421875 0.0302734375 0.0810546875
1 0.033203125 0.6005859375 0.0673828125 0.15625
1 0.12890625 0.5615234375 0.11328125 0.1748046875
1 0.23828125 0.7021484375 0.0751953125 0.0712890625
1 0.2529296875 0.8681640625 0.0576171875 0.0849609375
1 0.123046875 0.951171875 0.0673828125 0.091796875
1 0.0546875 0.966796875 0.048828125 0.06640625
1 0.4677734375 0.833984375 0.1171875 0.099609375
1 0.5400390625 0.7568359375 0.0869140625 0.0771484375
1 0.5703125 0.63671875 0.0732421875 0.0673828125
1 0.703125 0.701171875 0.087890625 0.0732421875
1 0.7265625 0.916015625 0.126953125 0.08203125
1 0.6796875 0.849609375 0.0732421875 0.0625
1 0.83203125 0.859375 0.0927734375 0.0751953125
1 0.818359375 0.6982421875 0.0888671875 0.0673828125
1 0.810546875 0.7548828125 0.0615234375 0.0693359375
1 0.7177734375 0.515625 0.0751953125 0.0712890625
1 0.783203125 0.4208984375 0.0810546875 0.091796875
1 0.912109375 0.458984375 0.11328125 0.0888671875
1 0.5703125 0.34765625 0.1650390625 0.103515625
1 0.9697265625 0.794921875 0.0537109375 0.0693359375
1 0.3056640625 0.30859375 0.1181640625 0.0810546875
1 0.1044921875 0.2666015625 0.0732421875 0.0966796875
1 0.15625 0.359375 0.05859375 0.087890625
1 0.2763671875 0.212890625 0.123046875 0.068359375
1 0.4326171875 0.224609375 0.146484375 0.068359375
1 0.6630859375 0.2548828125 0.130859375 0.0654296875
1 0.814453125 0.2099609375 0.111328125 0.07421875
1 0.8603515625 0.1064453125 0.13671875 0.0732421875
1 0.923828125 0.0380859375 0.0849609375 0.076171875
1 0.716796875 0.01171875 0.103515625 0.0244140625
1 0.216796875 0.0234375 0.091796875 0.0478515625
1 0.0458984375 0.0068359375 0.0673828125 0.0146484375
1 0.3486328125 0.0654296875 0.1015625 0.0908203125
1 0.6083984375 0.96875 0.08984375 0.0615234375
1 0.7607421875 0.9580078125 0.072265625 0.0830078125
1 0.3115234375 0.9111328125 0.091796875 0.1083984375
1 0.9033203125 0.33984375 0.1591796875 0.064453125
