1 0.9072265625 0.755859375 0.12890625 0.0654296875
1 0.888671875 0.978515625 0.1298828125 0.04296875
1 0.751953125 0.8095703125 0.06640625 0.0615234375
1 0.8720703125 0.6484375 0.1337890625 0.06640625
1 0.9072265625 0.287109375 0.1484375 0.138671875
1 0.947265625 0.91015625 0.10546875 0.0986328125
1 0.814453125 0.8828125 0.07421875 0.0673828125
1 0.9033203125 0.419921875 0.078125 0.0869140625
1 0.7509765625 0.5107421875 0.111328125 0.0556640625
1 0.83203125 0.4072265625 0.1015625 0.072265625
1 0.9423828125 0.3212890625 0.107421875 0.0791015625
1 0.8642578125 0.5068359375 0.1103515625 0.0849609375
1 0.9130859375 0.5302734375 0.123046875 0.0869140625
