1 0.9697265625 0.82421875 0.05859375 0.0849609375
1 0.9580078125 0.2314453125 0.0556640625 0.0947265625
1 0.57421875 0.169921875 0.056640625 0.095703125
1 0.80078125 0.2236328125 0.048828125 0.0810546875
1 0.51953125 0.5537109375 0.07421875 0.078125
1 0.333984375 0.470703125 0.05859375 0.078125
1 0.44921875 0.3369140625 0.0810546875 0.0654296875
1 0.0185546875 0.388671875 0.0380859375 0.052734375
1 0.15234375 0.1728515625 0.0712890625 0.0869140625
1 0.05859375 0.96484375 0.0546875 0.0693359375
1 0.90234375 0.0244140625 0.0458984375 0.0478515625
1 0.046875 0.318359375 0.0615234375 0.0517578125
1 0.6884765625 0.3017578125 0.0693359375 0.0546875
1 0.7265625 0.865234375 0.0556640625 0.0732421875
1 0.3017578125 0.8388671875 0.0537109375 0.0693359375
1 0.7197265625 0.28125 0.0439453125 0.080078125
1 0.958984375 0.537109375 0.0791015625 0.064453125
1 0.0869140625 0.5029296875 0.0830078125 0.0380859375
1 0.34765625 0.6103515625 0.0595703125 0.05859375
1 0.9072265625 0.7841796875 0.0537109375 0.07421875
1 0.8154296875 0.517578125 0.037109375 0.0615234375
1 0.408203125 0.5673828125 0.064453125 0.052734375
1 0.150390625 0.935546875 0.0634765625 0.0654296875
1 0.2529296875 0.5791015625 0.08203125 0.080078125
1 0.6357421875 0.1845703125 0.0595703125 0.0478515625
1 0.8017578125 0.021484375 0.078125 0.04296875
1 0.9296875 0.2958984375 0.0703125 0.0361328125
1 0.1064453125 0.6416015625 0.087890625 0.0517578125
1 0.216796875 0.021484375 0.060546875 0.0341796875
1 0.193359375 0.3466796875 0.111328125 0.046875
1 0.4326171875 0.7197265625 0.1044921875 0.06640625
1 0.4609375 0.84765625 0.060546875 0.0458984375
1 0.0537109375 0.5751953125 0.0615234375 0.048828125
1 0.626953125 0.546875 0.0673828125 0.0478515625
1 0.2978515625 0.9248046875 0.0751953125 0.041015625
1 0.2529296875 0.9560546875 0.060546875 0.0517578125
1 0.3466796875 0.0234375 0.0908203125 0.046875
1 0.67578125 0.552734375 0.0595703125 0.037109375
1 0.337890625 0.2900390625 0.0703125 0.0380859375
1 0.103515625 0.1904296875 0.0654296875 0.0380859375
1 0.365234375 0.9697265625 0.1064453125 0.052734375
1 0.7314453125 0.2021484375 0.04296875 0.078125
1 0.6103515625 0.7041015625 0.0498046875 0.033203125
1 0.921875 0.5419921875 0.0400390625 0.07421875
1 0.8720703125 0.875 0.0556640625 0.05078125
1 0.1181640625 0.3134765625 0.0517578125 0.0341796875
1 0.818359375 0.0947265625 0.0517578125 0.0478515625
1 0.4970703125 0.3359375 0.0283203125 0.05078125
1 0.7099609375 0.927734375 0.0693359375 0.05859375
1 0.7646484375 0.521484375 0.06640625 0.041015625
1 0.4365234375 0.140625 0.0986328125 0.0458984375
1 0.34765625 0.70703125 0.052734375 0.0458984375
1 0.876953125 0.6259765625 0.05078125 0.0400390625
1 0.4072265625 0.15234375 0.0771484375 0.0400390625
1 0.7890625 0.34765625 0.083984375 0.052734375
1 0.04296875 0.6884765625 0.0732421875 0.0458984375
1 0.82421875 0.89453125 0.0341796875 0.05859375
1 0.31640625 0.6142578125 0.0634765625 0.0498046875
1 0.037109375 0.8349609375 0.0517578125 0.0537109375
1 0.35546875 0.05078125 0.048828125 0.052734375
1 0.8408203125 0.9326171875 0.0517578125 0.044921875
1 0.8330078125 0.6513671875 0.044921875 0.0517578125
1 0.0341796875 0.1123046875 0.0654296875 0.0537109375
1 0.9375 0.638671875 0.0546875 0.0419921875
1 0.3671875 0.3330078125 0.0771484375 0.0439453125
1 0.33984375 0.65625 0.0693359375 0.0458984375
1 0.2900390625 0.7822265625 0.080078125 0.0478515625
1 0.7412109375 0.080078125 0.0546875 0.048828125
1 0.7109375 0.6328125 0.046875 0.0400390625
1 0.251953125 0.9873046875 0.033203125 0.025390625
1 0.4228515625 0.775390625 0.05859375 0.048828125
1 0.82421875 0.2919921875 0.0595703125 0.0380859375
1 0.18359375 0.2890625 0.0615234375 0.0498046875
1 0.9609375 0.353515625 0.04296875 0.060546875
1 0.6298828125 0.62890625 0.0478515625 0.0361328125
1 0.6962890625 0.6708984375 0.0400390625 0.0341796875
1 0.0283203125 0.759765625 0.0576171875 0.044921875
1 0.869140625 0.3046875 0.0537109375 0.05078125
1 0.595703125 0.662109375 0.0673828125 0.0595703125
1 0.6787109375 0.76171875 0.056640625 0.056640625
1 0.4921875 0.9775390625 0.0537109375 0.041015625
1 0.1279296875 0.9677734375 0.05859375 0.0498046875
1 0.2001953125 0.619140625 0.0576171875 0.0546875
1 0.591796875 0.6123046875 0.0419921875 0.06640625
1 0.90625 0.9033203125 0.0380859375 0.0546875
1 0.8134765625 0.3828125 0.0498046875 0.03515625
1 0.4111328125 0.8525390625 0.05859375 0.05078125
1 0.06640625 0.9384765625 0.0634765625 0.0751953125
