1 0.2255859375 0.0947265625 0.09765625 0.0908203125
1 0.224609375 0.314453125 0.091796875 0.046875
1 0.05859375 0.912109375 0.1171875 0.08203125
1 0.5283203125 0.9619140625 0.1083984375 0.0576171875
1 0.3671875 0.232421875 0.0908203125 0.08984375
1 0.728515625 0.1005859375 0.0908203125 0.0771484375
1 0.8115234375 0.392578125 0.1416015625 0.0634765625
1 0.4267578125 0.28515625 0.1171875 0.1171875
1 0.294921875 0.16015625 0.095703125 0.1494140625
1 0.8544921875 0.6015625 0.09765625 0.1083984375
1 0.029296875 0.7646484375 0.0595703125 0.0673828125
1 0.783203125 0.9208984375 0.146484375 0.158203125
1 0.0546875 0.6201171875 0.109375 0.1064453125
1 0.9111328125 0.9521484375 0.1171875 0.0947265625
1 0.166015625 0.9345703125 0.08984375 0.08984375
1 0.2646484375 0.025390625 0.0771484375 0.0517578125
1 0.275390625 0.974609375 0.0771484375 0.048828125
1 0.3173828125 0.80078125 0.0703125 0.068359375
1 0.2412109375 0.7763671875 0.0712890625 0.0615234375
1 0.13671875 0.8046875 0.0634765625 0.060546875
1 0.1318359375 0.8505859375 0.1025390625 0.0556640625
1 0.2001953125 0.826171875 0.0537109375 0.068359375
1 0.248046875 0.8271484375 0.072265625 0.0625
1 0.9111328125 0.794921875 0.0712890625 0.0849609375
1 0.947265625 0.806640625 0.04296875 0.0654296875
1 0.9228515625 0.7119140625 0.087890625 0.076171875
1 0.970703125 0.662109375 0.0576171875 0.1025390625
1 0.8818359375 0.3388671875 0.08984375 0.0859375
1 0.9384765625 0.4638671875 0.0771484375 0.1318359375
1 0.892578125 0.4033203125 0.08203125 0.0908203125
1 0.5048828125 0.125 0.091796875 0.0498046875
1 0.890625 0.4599609375 0.0546875 0.0546875
