1 0.978515625 0.197265625 0.04296875 0.0703125
1 0.9794921875 0.3056640625 0.041015625 0.05859375
1 0.89453125 0.5361328125 0.0703125 0.0576171875
1 0.927734375 0.466796875 0.0537109375 0.0517578125
1 0.9169921875 0.2421875 0.0888671875 0.087890625
1 0.8701171875 0.021484375 0.0703125 0.041015625
1 0.3828125 0.314453125 0.04296875 0.0576171875
1 0.638671875 0.259765625 0.07421875 0.0830078125
1 0.5810546875 0.23828125 0.080078125 0.0986328125
1 0.720703125 0.3203125 0.0693359375 0.111328125
1 0.73828125 0.267578125 0.0634765625 0.0546875
1 0.8916015625 0.6728515625 0.068359375 0.0546875
1 0.837890625 0.671875 0.046875 0.0537109375
1 0.814453125 0.72265625 0.05078125 0.044921875
1 0.708984375 0.6640625 0.0625 0.052734375
1 0.6015625 0.7353515625 0.0712890625 0.0771484375
1 0.681640625 0.861328125 0.09375 0.080078125
1 0.7529296875 0.935546875 0.0546875 0.064453125
1 0.9794921875 0.84765625 0.0400390625 0.0498046875
1 0.98046875 0.814453125 0.0390625 0.04296875
1 0.9638671875 0.7509765625 0.072265625 0.0576171875
1 0.8310546875 0.77734375 0.080078125 0.0986328125
1 0.7724609375 0.8330078125 0.0546875 0.0595703125
1 0.8193359375 0.9404296875 0.0517578125 0.05859375
1 0.7734375 0.970703125 0.0361328125 0.05859375
1 0.6298828125 0.94140625 0.095703125 0.087890625
1 0.6396484375 0.978515625 0.0732421875 0.04296875
1 0.5322265625 0.9560546875 0.080078125 0.087890625
1 0.4208984375 0.9423828125 0.0849609375 0.068359375
1 0.455078125 0.8505859375 0.06640625 0.0615234375
1 0.064453125 0.9169921875 0.0810546875 0.0517578125
1 0.09375 0.8408203125 0.1103515625 0.0546875
1 0.041015625 0.759765625 0.0595703125 0.0546875
1 0.2744140625 0.8876953125 0.05859375 0.046875
1 0.283203125 0.724609375 0.0732421875 0.0693359375
1 0.2265625 0.6875 0.0693359375 0.064453125
1 0.208984375 0.6396484375 0.0888671875 0.0712890625
1 0.1005859375 0.5517578125 0.0888671875 0.0537109375
1 0.2509765625 0.4853515625 0.0888671875 0.037109375
1 0.1591796875 0.474609375 0.0947265625 0.064453125
1 0.4638671875 0.46875 0.0986328125 0.052734375
1 0.4404296875 0.3994140625 0.0810546875 0.033203125
1 0.3583984375 0.5263671875 0.0498046875 0.0625
1 0.2490234375 0.3359375 0.091796875 0.0908203125
1 0.0947265625 0.359375 0.1376953125 0.0556640625
1 0.1982421875 0.416015625 0.1142578125 0.0478515625
1 0.287109375 0.40625 0.06640625 0.0625
1 0.2275390625 0.1435546875 0.1357421875 0.078125
1 0.173828125 0.1611328125 0.0869140625 0.0751953125
1 0.0517578125 0.2236328125 0.076171875 0.142578125
1 0.0791015625 0.103515625 0.0615234375 0.05078125
1 0.044921875 0.0390625 0.0703125 0.0498046875
1 0.2060546875 0.0146484375 0.0830078125 0.029296875
1 0.7822265625 0.412109375 0.0673828125 0.0576171875
1 0.2861328125 0.0244140625 0.056640625 0.0498046875
1 0.193359375 0.09375 0.0693359375 0.0546875
1 0.6025390625 0.39453125 0.04296875 0.04296875
1 0.703125 0.0166015625 0.05078125 0.033203125
1 0.400390625 0.0849609375 0.029296875 0.0302734375
1 0.947265625 0.388671875 0.0595703125 0.080078125
1 0.990234375 0.375 0.01953125 0.044921875
1 0.77734375 0.349609375 0.072265625 0.0654296875
1 0.41796875 0.3681640625 0.0322265625 0.04296875
1 0.3525390625 0.4375 0.03515625 0.0546875
1 0.3515625 0.4501953125 0.1015625 0.0439453125
1 0.3857421875 0.404296875 0.0390625 0.06640625
1 0.9453125 0.8056640625 0.0390625 0.04296875
1 0.1005859375 0.951171875 0.1044921875 0.0419921875
1 0.0302734375 0.8759765625 0.0615234375 0.0400390625
1 0.013671875 0.90625 0.0283203125 0.052734375
1 0.837890625 0.4541015625 0.029296875 0.03515625
1 0.798828125 0.45703125 0.0458984375 0.044921875
1 0.8125 0.8671875 0.041015625 0.0458984375
