1 0.4248046875 0.0634765625 0.1357421875 0.05078125
1 0.5400390625 0.2412109375 0.1220703125 0.1435546875
1 0.970703125 0.2412109375 0.056640625 0.0400390625
1 0.9287109375 0.3056640625 0.0986328125 0.1279296875
1 0.095703125 0.7255859375 0.1015625 0.06640625
1 0.5439453125 0.125 0.0986328125 0.11328125
1 0.70703125 0.890625 0.1005859375 0.1142578125
1 0.689453125 0.96484375 0.1630859375 0.0693359375
1 0.7529296875 0.64453125 0.0595703125 0.0732421875
1 0.0302734375 0.6474609375 0.060546875 0.0615234375
1 0.283203125 0.552734375 0.1259765625 0.11328125
1 0.95703125 0.8212890625 0.0859375 0.083984375
1 0.5419921875 0.01953125 0.0908203125 0.0390625
1 0.193359375 0.5556640625 0.0634765625 0.0625
1 0.576171875 0.8583984375 0.142578125 0.1357421875
1 0.0947265625 0.46875 0.0634765625 0.1708984375
1 0.0498046875 0.037109375 0.099609375 0.07421875
1 0.4375 0.5869140625 0.0732421875 0.11328125
1 0.9833984375 0.3759765625 0.033203125 0.126953125
1 0.978515625 0.7841796875 0.0419921875 0.0615234375
1 0.4423828125 0.119140625 0.1279296875 0.1220703125
1 0.98828125 0.6298828125 0.0205078125 0.1279296875
1 0.1611328125 0.23046875 0.068359375 0.103515625
1 0.8310546875 0.6279296875 0.0830078125 0.130859375
1 0.90234375 0.8876953125 0.0556640625 0.0576171875
1 0.3984375 0.4375 0.076171875 0.107421875
1 0.0927734375 0.625 0.080078125 0.0595703125
1 0.0517578125 0.640625 0.06640625 0.05859375
1 0.11328125 0.517578125 0.041015625 0.1123046875
1 0.826171875 0.9658203125 0.064453125 0.0595703125
1 0.9169921875 0.9560546875 0.087890625 0.041015625
1 0.943359375 0.9775390625 0.0576171875 0.044921875
1 0.931640625 0.943359375 0.0869140625 0.0498046875
1 0.970703125 0.919921875 0.056640625 0.0546875
1 0.98046875 0.7421875 0.0390625 0.0419921875
1 0.708984375 0.685546875 0.0966796875 0.072265625
1 0.18359375 0.40234375 0.091796875 0.11328125
1 0.0771484375 0.33203125 0.060546875 0.095703125
1 0.0380859375 0.2373046875 0.0771484375 0.0986328125
1 0.021484375 0.1943359375 0.0439453125 0.056640625
1 0.15234375 0.1484375 0.07421875 0.0869140625
1 0.365234375 0.33203125 0.078125 0.076171875
1 0.7783203125 0.5107421875 0.0927734375 0.0966796875
1 0.8681640625 0.376953125 0.23046875 0.1201171875
1 0.853515625 0.3984375 0.0556640625 0.1181640625
1 0.865234375 0.5126953125 0.0439453125 0.060546875
1 0.5966796875 0.36328125 0.1962890625 0.0703125
1 0.607421875 0.3525390625 0.189453125 0.0576171875
1 0.4755859375 0.53515625 0.1044921875 0.181640625
1 0.5263671875 0.49609375 0.1201171875 0.1318359375
1 0.3173828125 0.478515625 0.0751953125 0.125
1 0.2646484375 0.4384765625 0.0751953125 0.0849609375
1 0.5693359375 0.4794921875 0.1005859375 0.1474609375
1 0.6123046875 0.490234375 0.09765625 0.1376953125
1 0.79296875 0.4755859375 0.05859375 0.0517578125
