1 0.0615234375 0.408203125 0.1201171875 0.1171875
1 0.734375 0.7705078125 0.1298828125 0.1123046875
1 0.208984375 0.1005859375 0.0947265625 0.1328125
1 0.7109375 0.5341796875 0.095703125 0.10546875
1 0.1005859375 0.763671875 0.07421875 0.08203125
1 0.3857421875 0.28125 0.072265625 0.134765625
1 0.59765625 0.4833984375 0.0927734375 0.0625
1 0.3740234375 0.82421875 0.1201171875 0.0703125
1 0.1845703125 0.6455078125 0.095703125 0.142578125
1 0.5126953125 0.3994140625 0.1474609375 0.10546875
1 0.0791015625 0.6708984375 0.0693359375 0.0625
1 0.3203125 0.712890625 0.0673828125 0.1826171875
1 0.876953125 0.830078125 0.08984375 0.1376953125
1 0.0302734375 0.1357421875 0.0615234375 0.1142578125
1 0.3388671875 0.216796875 0.0751953125 0.0751953125
1 0.720703125 0.337890625 0.1328125 0.0625
1 0.4609375 0.689453125 0.087890625 0.10546875
1 0.220703125 0.0244140625 0.08203125 0.0498046875
1 0.494140625 0.0185546875 0.0595703125 0.037109375
1 0.3740234375 0.048828125 0.0693359375 0.0654296875
1 0.05078125 0.87890625 0.1015625 0.1103515625
1 0.8017578125 0.3720703125 0.169921875 0.16015625
1 0.4501953125 0.5986328125 0.1318359375 0.0849609375
1 0.123046875 0.099609375 0.0625 0.060546875
1 0.708984375 0.9228515625 0.1552734375 0.1474609375
1 0.1083984375 0.5732421875 0.078125 0.13671875
1 0.3916015625 0.72265625 0.0947265625 0.1826171875
1 0.6015625 0.5791015625 0.1201171875 0.0908203125
1 0.9326171875 0.474609375 0.1123046875 0.14453125
1 0.24609375 0.9521484375 0.0849609375 0.095703125
1 0.8369140625 0.455078125 0.125 0.1025390625
1 0.4306640625 0.0556640625 0.0673828125 0.087890625
1 0.2568359375 0.6748046875 0.044921875 0.080078125
1 0.9560546875 0.189453125 0.0869140625 0.091796875
1 0.1669921875 0.015625 0.0546875 0.0322265625
1 0.943359375 0.7939453125 0.09765625 0.0947265625
1 0.421875 0.61328125 0.0849609375 0.087890625
1 0.650390625 0.93359375 0.0869140625 0.1328125
1 0.0908203125 0.5107421875 0.0625 0.091796875
1 0.8154296875 0.41796875 0.1669921875 0.1572265625
1 0.1083984375 0.95703125 0.078125 0.080078125
1 0.3642578125 0.970703125 0.0849609375 0.052734375
1 0.9609375 0.0673828125 0.078125 0.0576171875
1 0.0625 0.4482421875 0.1123046875 0.056640625
1 0.1796875 0.61328125 0.0703125 0.0625
1 0.9619140625 0.7041015625 0.0751953125 0.0751953125
1 0.9609375 0.79296875 0.078125 0.1025390625
1 0.9150390625 0.978515625 0.0771484375 0.04296875
1 0.67578125 0.943359375 0.08203125 0.11328125
