1 0.6875 0.1357421875 0.099609375 0.220703125
1 0.357421875 0.330078125 0.18359375 0.1396484375
1 0.5966796875 0.455078125 0.130859375 0.1025390625
1 0.8583984375 0.6845703125 0.150390625 0.07421875
1 0.271484375 0.646484375 0.1103515625 0.0947265625
1 0.0068359375 0.6376953125 0.0146484375 0.0703125
1 0.111328125 0.84765625 0.115234375 0.1748046875
1 0.7421875 0.833984375 0.0771484375 0.1064453125
1 0.9521484375 0.033203125 0.0791015625 0.06640625
1 0.875 0.5859375 0.103515625 0.0732421875
1 0.0458984375 0.7158203125 0.08203125 0.056640625
1 0.0390625 0.48046875 0.078125 0.076171875
1 0.189453125 0.6640625 0.0849609375 0.076171875
1 0.2412109375 0.77734375 0.0537109375 0.1142578125
1 0.287109375 0.75390625 0.0654296875 0.1103515625
1 0.4638671875 0.7841796875 0.1015625 0.0751953125
1 0.3779296875 0.638671875 0.0966796875 0.08984375
1 0.439453125 0.7060546875 0.1142578125 0.1171875
1 0.458984375 0.912109375 0.078125 0.1083984375
1 0.56640625 0.931640625 0.11328125 0.091796875
1 0.3076171875 0.9111328125 0.06640625 0.0947265625
1 0.263671875 0.94921875 0.0849609375 0.1005859375
1 0.6396484375 0.7353515625 0.0712890625 0.1220703125
1 0.587890625 0.60546875 0.095703125 0.1044921875
1 0.6513671875 0.5439453125 0.1630859375 0.0849609375
1 0.427734375 0.275390625 0.08203125 0.06640625
1 0.3388671875 0.23046875 0.0859375 0.107421875
1 0.5068359375 0.044921875 0.173828125 0.0908203125
1 0.09765625 0.015625 0.07421875 0.0322265625
1 0.951171875 0.1962890625 0.0966796875 0.1357421875
1 0.81640625 0.3369140625 0.0859375 0.0751953125
1 0.9013671875 0.4287109375 0.1015625 0.0810546875
1 0.8642578125 0.77734375 0.1298828125 0.0927734375
1 0.84375 0.9404296875 0.1298828125 0.1181640625
1 0.2734375 0.4755859375 0.09765625 0.0849609375
1 0.427734375 0.4990234375 0.0771484375 0.068359375
1 0.3837890625 0.9013671875 0.1083984375 0.197265625
1 0.8525390625 0.3876953125 0.103515625 0.080078125
1 0.9775390625 0.341796875 0.044921875 0.05859375
1 0.357421875 0.4638671875 0.0927734375 0.0859375
1 0.22265625 0.2666015625 0.078125 0.0849609375
1 0.37109375 0.4755859375 0.080078125 0.0849609375
