1 0.6494140625 0.041015625 0.0771484375 0.08203125
1 0.583984375 0.7626953125 0.0771484375 0.0986328125
1 0.78515625 0.7041015625 0.0791015625 0.0615234375
1 0.7021484375 0.7060546875 0.0712890625 0.0732421875
1 0.30078125 0.48046875 0.0810546875 0.0751953125
1 0.310546875 0.9833984375 0.076171875 0.0322265625
1 0.8583984375 0.68359375 0.0732421875 0.0927734375
1 0.357421875 0.0498046875 0.056640625 0.080078125
1 0.5419921875 0.4072265625 0.0849609375 0.0537109375
1 0.1787109375 0.3916015625 0.05859375 0.080078125
1 0.0361328125 0.34375 0.0703125 0.0712890625
1 0.3232421875 0.2392578125 0.0751953125 0.0537109375
1 0.46484375 0.88671875 0.12890625 0.0869140625
1 0.296875 0.396484375 0.072265625 0.076171875
1 0.7744140625 0.3955078125 0.0595703125 0.1328125
1 0.783203125 0.4697265625 0.1005859375 0.08984375
1 0.197265625 0.703125 0.1103515625 0.0703125
1 0.6796875 0.5615234375 0.0537109375 0.0625
1 0.337890625 0.7412109375 0.1201171875 0.046875
1 0.2958984375 0.12890625 0.099609375 0.0703125
1 0.224609375 0.798828125 0.0732421875 0.083984375
1 0.06640625 0.154296875 0.0732421875 0.0498046875
1 0.939453125 0.427734375 0.0634765625 0.0888671875
1 0.0791015625 0.056640625 0.1005859375 0.07421875
1 0.1845703125 0.658203125 0.1025390625 0.0703125
1 0.9443359375 0.1513671875 0.060546875 0.064453125
1 0.7900390625 0.1982421875 0.0576171875 0.0859375
1 0.4892578125 0.7685546875 0.0341796875 0.02734375
1 0.439453125 0.4296875 0.0654296875 0.078125
1 0.8994140625 0.8486328125 0.078125 0.0517578125
1 0.0654296875 0.478515625 0.126953125 0.0712890625
1 0.25 0.6474609375 0.130859375 0.0859375
1 0.0732421875 0.10546875 0.1171875 0.09375
1 0.0322265625 0.734375 0.064453125 0.05859375
1 0.1220703125 0.544921875 0.1025390625 0.07421875
1 0.4345703125 0.744140625 0.1162109375 0.083984375
1 0.10546875 0.4658203125 0.0849609375 0.0615234375
1 0.408203125 0.9716796875 0.0927734375 0.0556640625
1 0.208984375 0.5546875 0.072265625 0.0615234375
1 0.83203125 0.189453125 0.0810546875 0.0654296875
1 0.498046875 0.5009765625 0.06640625 0.056640625
1 0.890625 0.5615234375 0.05859375 0.0615234375
1 0.42578125 0.5625 0.12890625 0.0478515625
1 0.361328125 0.9794921875 0.0634765625 0.0400390625
1 0.189453125 0.4970703125 0.091796875 0.0439453125
1 0.248046875 0.2041015625 0.0625 0.046875
1 0.6474609375 0.2470703125 0.05078125 0.0556640625
1 0.8271484375 0.984375 0.0498046875 0.0302734375
1 0.7470703125 0.54296875 0.0908203125 0.044921875
1 0.3193359375 0.9541015625 0.0517578125 0.046875
1 0.9208984375 0.97265625 0.107421875 0.0537109375
1 0.8798828125 0.88671875 0.080078125 0.044921875
1 0.7392578125 0.1240234375 0.0556640625 0.080078125
1 0.7763671875 0.154296875 0.060546875 0.078125
