1 0.294921875 0.7294921875 0.056640625 0.099609375
1 0.93359375 0.23828125 0.0556640625 0.09375
1 0.2333984375 0.607421875 0.076171875 0.060546875
1 0.5693359375 0.4697265625 0.0615234375 0.0751953125
1 0.484375 0.3232421875 0.0830078125 0.076171875
1 0.59375 0.4072265625 0.0703125 0.095703125
1 0.423828125 0.744140625 0.080078125 0.140625
1 0.666015625 0.822265625 0.0478515625 0.1103515625
1 0.291015625 0.458984375 0.0927734375 0.1220703125
1 0.7421875 0.416015625 0.0576171875 0.0693359375
1 0.1591796875 0.4033203125 0.0693359375 0.0654296875
1 0.56640625 0.5595703125 0.1005859375 0.0859375
1 0.7216796875 0.240234375 0.060546875 0.0634765625
1 0.69140625 0.576171875 0.0693359375 0.0634765625
1 0.41015625 0.154296875 0.080078125 0.0673828125
1 0.68359375 0.4921875 0.08203125 0.1123046875
1 0.4794921875 0.4697265625 0.0810546875 0.078125
1 0.6767578125 0.7763671875 0.052734375 0.0830078125
1 0.896484375 0.15625 0.12109375 0.052734375
1 0.3798828125 0.1650390625 0.076171875 0.0810546875
1 0.01171875 0.755859375 0.0244140625 0.0673828125
1 0.8662109375 0.3408203125 0.05859375 0.056640625
1 0.7041015625 0.1171875 0.0859375 0.041015625
1 0.8173828125 0.1318359375 0.068359375 0.1005859375
1 0.5869140625 0.029296875 0.0546875 0.0595703125
1 0.189453125 0.48828125 0.0947265625 0.1005859375
1 0.810546875 0.037109375 0.0625 0.04296875
1 0.0087890625 0.6845703125 0.0185546875 0.0537109375
1 0.6875 0.91015625 0.146484375 0.060546875
1 0.5458984375 0.8349609375 0.0478515625 0.12109375
1 0.5693359375 0.9619140625 0.1591796875 0.0673828125
1 0.025390625 0.490234375 0.05078125 0.0498046875
1 0.287109375 0.5361328125 0.076171875 0.0341796875
1 0.216796875 0.3623046875 0.0869140625 0.1005859375
1 0.234375 0.1806640625 0.0380859375 0.037109375
1 0.89453125 0.3037109375 0.041015625 0.05078125
1 0.2470703125 0.5771484375 0.0400390625 0.0546875
1 0.4716796875 0.880859375 0.080078125 0.056640625
1 0.66015625 0.0185546875 0.0400390625 0.037109375
1 0.3759765625 0.9375 0.0361328125 0.0341796875
1 0.54296875 0.505859375 0.0498046875 0.033203125
1 0.66796875 0.4140625 0.0361328125 0.0908203125
1 0.90234375 0.8525390625 0.06640625 0.0732421875
1 0.0478515625 0.7138671875 0.0380859375 0.0322265625
1 0.5361328125 0.978515625 0.0771484375 0.0380859375
1 0.5390625 0.26171875 0.068359375 0.0380859375
1 0.017578125 0.25 0.03515625 0.1328125
1 0.0625 0.1728515625 0.1259765625 0.0595703125
1 0.0244140625 0.2841796875 0.0498046875 0.099609375
1 0.953125 0.533203125 0.025390625 0.09375
1 0.056640625 0.9921875 0.1005859375 0.015625
1 0.9658203125 0.7080078125 0.056640625 0.068359375
1 0.978515625 0.625 0.0419921875 0.044921875
1 0.92578125 0.521484375 0.0419921875 0.099609375
1 0.84375 0.8115234375 0.08203125 0.0791015625
