1 0.9853515625 0.0478515625 0.029296875 0.0966796875
1 0.5859375 0.064453125 0.11328125 0.1298828125
1 0.7724609375 0.837890625 0.130859375 0.1171875
1 0.5244140625 0.642578125 0.083984375 0.1591796875
1 0.732421875 0.0654296875 0.13671875 0.1318359375
1 0.4140625 0.771484375 0.13671875 0.130859375
1 0.8935546875 0.1064453125 0.1611328125 0.2138671875
1 0.2802734375 0.7529296875 0.119140625 0.2041015625
1 0.3916015625 0.20703125 0.0966796875 0.1923828125
1 0.501953125 0.8125 0.0927734375 0.0693359375
1 0.5322265625 0.408203125 0.0947265625 0.232421875
1 0.23046875 0.87890625 0.1259765625 0.048828125
1 0.6728515625 0.6044921875 0.234375 0.1083984375
1 0.462890625 0.8173828125 0.083984375 0.1396484375
1 0.447265625 0.65234375 0.0947265625 0.2314453125
