1 0.8916015625 0.60546875 0.12109375 0.0810546875
1 0.7451171875 0.431640625 0.09765625 0.0869140625
1 0.71875 0.640625 0.052734375 0.0869140625
1 0.6201171875 0.345703125 0.08203125 0.087890625
1 0.8623046875 0.35546875 0.083984375 0.09765625
1 0.9638671875 0.3427734375 0.0712890625 0.072265625
1 0.939453125 0.2412109375 0.1201171875 0.095703125
1 0.9755859375 0.2041015625 0.048828125 0.0751953125
1 0.73046875 0.1298828125 0.0859375 0.060546875
1 0.9658203125 0.7841796875 0.068359375 0.1025390625
1 0.6005859375 0.9267578125 0.1005859375 0.1455078125
1 0.623046875 0.8251953125 0.0830078125 0.0634765625
1 0.4765625 0.828125 0.06640625 0.0986328125
1 0.326171875 0.6796875 0.1357421875 0.158203125
1 0.208984375 0.455078125 0.115234375 0.0830078125
1 0.4599609375 0.466796875 0.119140625 0.0712890625
1 0.3837890625 0.359375 0.119140625 0.0869140625
1 0.4453125 0.2705078125 0.068359375 0.0869140625
1 0.3193359375 0.2509765625 0.1142578125 0.087890625
1 0.375 0.1513671875 0.08984375 0.0888671875
1 0.251953125 0.0888671875 0.0966796875 0.0771484375
1 0.1845703125 0.1650390625 0.1767578125 0.080078125
1 0.0400390625 0.166015625 0.080078125 0.0517578125
1 0.052734375 0.0654296875 0.10546875 0.07421875
1 0.12109375 0.0234375 0.0654296875 0.0478515625
1 0.9541015625 0.03515625 0.091796875 0.0712890625
1 0.232421875 0.9921875 0.06640625 0.0146484375
1 0.3330078125 0.935546875 0.138671875 0.1279296875
1 0.259765625 0.85546875 0.09375 0.0869140625
1 0.1171875 0.828125 0.0947265625 0.0634765625
1 0.03125 0.916015625 0.0625 0.064453125
1 0.0419921875 0.8466796875 0.064453125 0.064453125
1 0.220703125 0.3427734375 0.1484375 0.08984375
1 0.07421875 0.23828125 0.1494140625 0.09765625
