1 0.27734375 0.16015625 0.0849609375 0.0947265625
1 0.056640625 0.2333984375 0.11328125 0.0693359375
1 0.333984375 0.2646484375 0.1611328125 0.078125
1 0.51953125 0.1767578125 0.2236328125 0.0908203125
1 0.6650390625 0.0986328125 0.1123046875 0.0810546875
1 0.96875 0.1201171875 0.0625 0.083984375
1 0.962890625 0.1943359375 0.07421875 0.0791015625
1 0.763671875 0.2666015625 0.0927734375 0.0625
1 0.888671875 0.306640625 0.072265625 0.06640625
1 0.9482421875 0.4130859375 0.103515625 0.0625
1 0.552734375 0.333984375 0.095703125 0.091796875
1 0.732421875 0.3779296875 0.140625 0.068359375
1 0.5166015625 0.4208984375 0.23046875 0.08984375
1 0.208984375 0.412109375 0.1025390625 0.07421875
1 0.05859375 0.484375 0.1025390625 0.052734375
1 0.0556640625 0.568359375 0.1123046875 0.064453125
1 0.7763671875 0.5322265625 0.1259765625 0.0966796875
1 0.83203125 0.6181640625 0.0771484375 0.0625
1 0.6884765625 0.650390625 0.1591796875 0.0947265625
1 0.701171875 0.7568359375 0.09765625 0.0849609375
1 0.4833984375 0.8251953125 0.1015625 0.0810546875
1 0.3955078125 0.986328125 0.0986328125 0.02734375
1 0.5185546875 0.9873046875 0.068359375 0.025390625
1 0.0830078125 0.97265625 0.0791015625 0.0537109375
1 0.84375 0.8994140625 0.1279296875 0.078125
1 0.9072265625 0.7119140625 0.0654296875 0.0595703125
1 0.9775390625 0.78515625 0.0439453125 0.064453125
1 0.9287109375 0.9775390625 0.064453125 0.0439453125
1 0.658203125 0.0244140625 0.11328125 0.0498046875
1 0.8544921875 0.0625 0.09375 0.1044921875
1 0.564453125 0.03515625 0.0703125 0.0703125
1 0.0458984375 0.0849609375 0.091796875 0.119140625
