1 0.560546875 0.501953125 0.140625 0.0390625
1 0.2802734375 0.8818359375 0.1142578125 0.08984375
1 0.3857421875 0.2578125 0.1689453125 0.109375
1 0.07421875 0.9140625 0.0908203125 0.0986328125
1 0.3212890625 0.0419921875 0.18359375 0.083984375
1 0.1826171875 0.333984375 0.2822265625 0.1240234375
1 0.9140625 0.7587890625 0.171875 0.111328125
1 0.25390625 0.0888671875 0.162109375 0.091796875
1 0.099609375 0.0361328125 0.1298828125 0.0625
1 0.978515625 0.390625 0.0361328125 0.0390625
1 0.8115234375 0.2939453125 0.0732421875 0.0390625
1 0.2255859375 0.95703125 0.0830078125 0.041015625
