1 0.052734375 0.3994140625 0.072265625 0.19921875
1 0.20703125 0.7119140625 0.1005859375 0.2470703125
1 0.4599609375 0.7763671875 0.080078125 0.1416015625
1 0.119140625 0.7626953125 0.0537109375 0.169921875
1 0.044921875 0.75390625 0.0908203125 0.1494140625
1 0.2509765625 0.9091796875 0.0517578125 0.173828125
1 0.185546875 0.892578125 0.0693359375 0.1298828125
1 0.095703125 0.953125 0.0888671875 0.09375
1 0.1787109375 0.953125 0.076171875 0.0927734375
1 0.51171875 0.982421875 0.080078125 0.0341796875
1 0.5712890625 0.9599609375 0.0654296875 0.0791015625
1 0.84375 0.3974609375 0.2099609375 0.078125
1 0.6591796875 0.1533203125 0.068359375 0.171875
1 0.232421875 0.9638671875 0.0849609375 0.0712890625
1 0.0166015625 0.154296875 0.033203125 0.076171875
1 0.443359375 0.025390625 0.0595703125 0.0517578125
1 0.6376953125 0.05078125 0.056640625 0.1015625
1 0.9091796875 0.0087890625 0.0341796875 0.0185546875
1 0.0712890625 0.244140625 0.05859375 0.05859375
1 0.0224609375 0.9755859375 0.0458984375 0.0478515625
