1 0.5556640625 0.1259765625 0.1044921875 0.064453125
1 0.365234375 0.1328125 0.0556640625 0.068359375
1 0.2685546875 0.29296875 0.091796875 0.0751953125
1 0.2626953125 0.4267578125 0.0908203125 0.095703125
1 0.49609375 0.4296875 0.0810546875 0.0849609375
1 0.64453125 0.3359375 0.083984375 0.072265625
1 0.4970703125 0.271484375 0.12890625 0.068359375
1 0.587890625 0.2412109375 0.0556640625 0.05078125
1 0.759765625 0.2421875 0.068359375 0.044921875
1 0.6875 0.234375 0.0625 0.0595703125
1 0.845703125 0.0947265625 0.0576171875 0.0576171875
1 0.115234375 0.0380859375 0.0888671875 0.076171875
1 0.044921875 0.1572265625 0.0908203125 0.0654296875
1 0.0341796875 0.255859375 0.0693359375 0.04296875
1 0.0859375 0.60546875 0.076171875 0.09375
1 0.177734375 0.5537109375 0.1103515625 0.0634765625
1 0.35546875 0.591796875 0.1337890625 0.0712890625
1 0.4619140625 0.5654296875 0.0703125 0.0595703125
1 0.556640625 0.5771484375 0.0810546875 0.1064453125
1 0.712890625 0.568359375 0.07421875 0.080078125
1 0.7236328125 0.4462890625 0.0859375 0.0615234375
1 0.888671875 0.3720703125 0.1162109375 0.0771484375
1 0.84765625 0.517578125 0.0673828125 0.0888671875
1 0.9619140625 0.4375 0.0693359375 0.048828125
1 0.212890625 0.775390625 0.107421875 0.068359375
1 0.4052734375 0.7431640625 0.0849609375 0.0625
1 0.75390625 0.7802734375 0.099609375 0.080078125
1 0.88671875 0.744140625 0.0771484375 0.08203125
1 0.771484375 0.6796875 0.08203125 0.083984375
1 0.861328125 0.9130859375 0.080078125 0.0966796875
1 0.1025390625 0.8662109375 0.125 0.0771484375
1 0.3115234375 0.83984375 0.083984375 0.05078125
1 0.498046875 0.921875 0.083984375 0.091796875
1 0.185546875 0.9619140625 0.1005859375 0.076171875
1 0.763671875 0.8857421875 0.076171875 0.0869140625
