1 0.92578125 0.2421875 0.09375 0.091796875
1 0.810546875 0.3046875 0.1015625 0.1103515625
1 0.677734375 0.2724609375 0.0791015625 0.130859375
1 0.6201171875 0.3330078125 0.08984375 0.1005859375
1 0.501953125 0.267578125 0.068359375 0.1044921875
1 0.431640625 0.18359375 0.078125 0.1630859375
1 0.3056640625 0.029296875 0.0517578125 0.05859375
1 0.1513671875 0.0830078125 0.134765625 0.0859375
1 0.1220703125 0.017578125 0.119140625 0.0361328125
1 0.927734375 0.0234375 0.12890625 0.0478515625
1 0.3056640625 0.28125 0.103515625 0.0849609375
1 0.234375 0.3330078125 0.1484375 0.0908203125
1 0.197265625 0.4248046875 0.1572265625 0.0625
1 0.0712890625 0.337890625 0.1318359375 0.0693359375
1 0.1982421875 0.51171875 0.103515625 0.068359375
1 0.3564453125 0.4609375 0.0810546875 0.0615234375
1 0.5654296875 0.4267578125 0.115234375 0.0947265625
1 0.7236328125 0.431640625 0.0908203125 0.0673828125
1 0.8291015625 0.4814453125 0.087890625 0.0693359375
1 0.9248046875 0.5029296875 0.08984375 0.078125
1 0.9521484375 0.4248046875 0.095703125 0.0830078125
1 0.98828125 0.3935546875 0.0234375 0.07421875
1 0.4990234375 0.888671875 0.1533203125 0.09765625
1 0.6669921875 0.87890625 0.087890625 0.0966796875
1 0.826171875 0.87890625 0.1416015625 0.080078125
1 0.767578125 0.955078125 0.1005859375 0.0654296875
1 0.6669921875 0.96484375 0.1025390625 0.0703125
1 0.08984375 0.8955078125 0.0869140625 0.0830078125
1 0.1787109375 0.8955078125 0.0458984375 0.0458984375
1 0.3525390625 0.8740234375 0.076171875 0.068359375
1 0.021484375 0.8994140625 0.0439453125 0.07421875
1 0.96875 0.888671875 0.0615234375 0.060546875
1 0.171875 0.123046875 0.056640625 0.04296875
1 0.2646484375 0.10546875 0.0771484375 0.08984375
1 0.302734375 0.412109375 0.0673828125 0.0537109375
1 0.1845703125 0.9267578125 0.068359375 0.046875
1 0.6015625 0.9052734375 0.05859375 0.0595703125
1 0.6181640625 0.6689453125 0.0966796875 0.068359375
1 0.4873046875 0.1923828125 0.0361328125 0.0419921875
1 0.732421875 0.1796875 0.0595703125 0.044921875
1 0.81640625 0.083984375 0.0595703125 0.0556640625
1 0.9599609375 0.0498046875 0.080078125 0.083984375
1 0.1591796875 0.5048828125 0.0595703125 0.0634765625
1 0.951171875 0.3330078125 0.06640625 0.05859375
1 0.8818359375 0.37890625 0.060546875 0.06640625
1 0.5341796875 0.4228515625 0.103515625 0.107421875
1 0.873046875 0.1962890625 0.0625 0.076171875
