1 0.21875 0.1259765625 0.07421875 0.083984375
1 0.8525390625 0.705078125 0.1123046875 0.0966796875
1 0.1240234375 0.185546875 0.0693359375 0.0927734375
1 0.287109375 0.7216796875 0.14453125 0.1044921875
1 0.1005859375 0.4853515625 0.1064453125 0.0732421875
1 0.7041015625 0.23046875 0.0693359375 0.072265625
1 0.283203125 0.47265625 0.119140625 0.0810546875
1 0.1220703125 0.583984375 0.08984375 0.0849609375
1 0.056640625 0.7158203125 0.0654296875 0.072265625
1 0.2919921875 0.8583984375 0.1328125 0.087890625
1 0.8798828125 0.970703125 0.1103515625 0.05859375
1 0.0634765625 0.9013671875 0.09765625 0.0849609375
1 0.228515625 0.654296875 0.08203125 0.0849609375
1 0.7353515625 0.0634765625 0.0830078125 0.072265625
1 0.822265625 0.171875 0.0869140625 0.0859375
1 0.7861328125 0.015625 0.0654296875 0.03125
1 0.7041015625 0.001953125 0.0751953125 0.0048828125
1 0.720703125 0.546875 0.08203125 0.10546875
1 0.82421875 0.6171875 0.0849609375 0.064453125
