1 0.0419921875 0.916015625 0.083984375 0.0703125
1 0.0107421875 0.802734375 0.0224609375 0.0732421875
1 0.0927734375 0.8369140625 0.068359375 0.0703125
1 0.04296875 0.6474609375 0.0859375 0.1689453125
1 0.0703125 0.4091796875 0.095703125 0.0791015625
1 0.12109375 0.578125 0.0634765625 0.0576171875
1 0.255859375 0.623046875 0.0869140625 0.0712890625
1 0.322265625 0.7294921875 0.0654296875 0.0693359375
1 0.3486328125 0.8193359375 0.09375 0.1748046875
1 0.509765625 0.9091796875 0.0791015625 0.0751953125
1 0.642578125 0.943359375 0.09765625 0.1123046875
1 0.4453125 0.97265625 0.056640625 0.0546875
1 0.6318359375 0.6591796875 0.1806640625 0.1708984375
1 0.505859375 0.3212890625 0.0830078125 0.1748046875
1 0.3525390625 0.42578125 0.078125 0.0771484375
1 0.640625 0.4541015625 0.0859375 0.171875
1 0.7451171875 0.4619140625 0.0693359375 0.109375
1 0.732421875 0.2822265625 0.0712890625 0.111328125
1 0.5146484375 0.048828125 0.083984375 0.0537109375
1 0.046875 0.0869140625 0.09375 0.1748046875
1 0.716796875 0.0166015625 0.0703125 0.0341796875
1 0.8330078125 0.06640625 0.0556640625 0.0927734375
1 0.7890625 0.052734375 0.0419921875 0.0888671875
1 0.791015625 0.22265625 0.0576171875 0.0791015625
1 0.90625 0.4619140625 0.078125 0.1015625
1 0.9462890625 0.681640625 0.0830078125 0.2158203125
1 0.900390625 0.3154296875 0.1015625 0.10546875
1 0.935546875 0.2548828125 0.0849609375 0.0654296875
1 0.9208984375 0.0205078125 0.0595703125 0.0419921875
1 0.2763671875 0.8173828125 0.0390625 0.0966796875
1 0.0126953125 0.267578125 0.0263671875 0.0751953125
