1 0.0078125 0.2177734375 0.0166015625 0.0908203125
1 0.6552734375 0.0478515625 0.06640625 0.083984375
1 0.1962890625 0.9619140625 0.068359375 0.072265625
1 0.6328125 0.6748046875 0.0576171875 0.09765625
1 0.2861328125 0.11328125 0.08984375 0.068359375
1 0.009765625 0.6435546875 0.01953125 0.0537109375
1 0.0146484375 0.5341796875 0.0302734375 0.0791015625
1 0.03125 0.1201171875 0.0615234375 0.076171875
1 0.79296875 0.7060546875 0.064453125 0.072265625
1 0.486328125 0.38671875 0.0712890625 0.0634765625
1 0.0224609375 0.458984375 0.044921875 0.0693359375
1 0.7548828125 0.7373046875 0.0546875 0.0869140625
1 0.8642578125 0.8310546875 0.0751953125 0.0537109375
1 0.0078125 0.033203125 0.0166015625 0.0673828125
1 0.5869140625 0.791015625 0.0546875 0.0732421875
1 0.5634765625 0.041015625 0.03515625 0.08203125
1 0.1787109375 0.0556640625 0.0263671875 0.080078125
1 0.8701171875 0.91796875 0.0498046875 0.072265625
1 0.18359375 0.2021484375 0.03515625 0.0693359375
1 0.619140625 0.4775390625 0.029296875 0.091796875
1 0.9755859375 0.384765625 0.048828125 0.0576171875
1 0.353515625 0.462890625 0.041015625 0.091796875
1 0.662109375 0.5283203125 0.03515625 0.0830078125
1 0.3095703125 0.337890625 0.03515625 0.1279296875
1 0.09765625 0.873046875 0.107421875 0.044921875
1 0.1904296875 0.87109375 0.09375 0.033203125
1 0.0068359375 0.3701171875 0.0146484375 0.095703125
1 0.0146484375 0.4619140625 0.029296875 0.0634765625
1 0.626953125 0.7197265625 0.0625 0.0361328125
1 0.6640625 0.8349609375 0.0361328125 0.0615234375
1 0.8662109375 0.55078125 0.037109375 0.0771484375
1 0.8623046875 0.0478515625 0.07421875 0.0625
1 0.7783203125 0.0302734375 0.05078125 0.0595703125
1 0.1953125 0.8095703125 0.05859375 0.046875
1 0.974609375 0.591796875 0.0498046875 0.05078125
1 0.0146484375 0.146484375 0.0302734375 0.05859375
1 0.01171875 0.8740234375 0.0244140625 0.05859375
1 0.57421875 0.51171875 0.1005859375 0.0947265625
1 0.7001953125 0.1552734375 0.02734375 0.0615234375
1 0.5146484375 0.1669921875 0.078125 0.046875
1 0.4833984375 0.1171875 0.0283203125 0.0654296875
1 0.4091796875 0.5087890625 0.0517578125 0.078125
1 0.2216796875 0.5185546875 0.0546875 0.0703125
1 0.5517578125 0.927734375 0.0517578125 0.0517578125
1 0.6103515625 0.76953125 0.0439453125 0.0703125
1 0.75390625 0.8037109375 0.0478515625 0.064453125
1 0.0224609375 0.3994140625 0.0283203125 0.05859375
1 0.6044921875 0.1298828125 0.119140625 0.0517578125
1 0.46875 0.4970703125 0.06640625 0.0556640625
1 0.970703125 0.4716796875 0.0361328125 0.0498046875
1 0.0537109375 0.884765625 0.056640625 0.064453125
1 0.984375 0.9111328125 0.03125 0.0537109375
1 0.63671875 0.5810546875 0.0576171875 0.0302734375
1 0.080078125 0.826171875 0.0595703125 0.02734375
1 0.365234375 0.220703125 0.0712890625 0.068359375
1 0.0419921875 0.8125 0.0478515625 0.044921875
1 0.91796875 0.1650390625 0.0703125 0.0615234375
1 0.80078125 0.912109375 0.0703125 0.0625
1 0.8173828125 0.875 0.056640625 0.060546875
1 0.34375 0.79296875 0.041015625 0.033203125
1 0.4560546875 0.431640625 0.0732421875 0.0517578125
1 0.4345703125 0.455078125 0.041015625 0.0419921875
1 0.93359375 0.333984375 0.064453125 0.1962890625
