1 0.9853515625 0.4375 0.0283203125 0.0771484375
1 0.8642578125 0.470703125 0.134765625 0.0625
1 0.7783203125 0.068359375 0.091796875 0.072265625
1 0.78125 0.615234375 0.0751953125 0.107421875
1 0.953125 0.0791015625 0.09375 0.083984375
1 0.9833984375 0.2880859375 0.033203125 0.0556640625
1 0.9580078125 0.01953125 0.0830078125 0.0390625
1 0.8740234375 0.6865234375 0.0751953125 0.1044921875
1 0.845703125 0.203125 0.1025390625 0.08203125
1 0.873046875 0.58984375 0.0673828125 0.080078125
1 0.81640625 0.93359375 0.0849609375 0.0849609375
1 0.890625 0.408203125 0.1171875 0.0673828125
1 0.888671875 0.34765625 0.0849609375 0.0830078125
1 0.9345703125 0.2646484375 0.080078125 0.0703125
1 0.802734375 0.375 0.0703125 0.0732421875
1 0.8671875 0.2587890625 0.080078125 0.0595703125
1 0.9765625 0.33203125 0.0458984375 0.05078125
1 0.787109375 0.986328125 0.068359375 0.0263671875
