1 0.005859375 0.9794921875 0.01171875 0.041015625
1 0.013671875 0.5537109375 0.0283203125 0.0771484375
1 0.1875 0.2939453125 0.08203125 0.078125
1 0.169921875 0.4677734375 0.1005859375 0.1005859375
1 0.197265625 0.6865234375 0.1015625 0.072265625
1 0.1494140625 0.8310546875 0.0654296875 0.0966796875
1 0.173828125 0.7724609375 0.08203125 0.0791015625
1 0.0263671875 0.2490234375 0.052734375 0.0693359375
1 0.0224609375 0.09765625 0.0458984375 0.0625
1 0.177734375 0.1748046875 0.07421875 0.0732421875
1 0.0615234375 0.1943359375 0.068359375 0.0595703125
1 0.37890625 0.6298828125 0.14453125 0.08203125
1 0.6337890625 0.50390625 0.12890625 0.0673828125
1 0.453125 0.1181640625 0.0888671875 0.076171875
1 0.2568359375 0.1484375 0.0771484375 0.0732421875
1 0.517578125 0.0595703125 0.060546875 0.0517578125
1 0.6943359375 0.04296875 0.107421875 0.0703125
1 0.7744140625 0.1015625 0.0595703125 0.04296875
1 0.921875 0.0478515625 0.0927734375 0.06640625
1 0.85546875 0.435546875 0.0703125 0.0849609375
1 0.966796875 0.58203125 0.06640625 0.072265625
1 0.8037109375 0.6953125 0.1640625 0.0751953125
1 0.5234375 0.8095703125 0.0849609375 0.0576171875
1 0.330078125 0.830078125 0.1435546875 0.08984375
1 0.78125 0.8134765625 0.111328125 0.0732421875
1 0.7392578125 0.974609375 0.13671875 0.05078125
1 0.2412109375 0.978515625 0.0537109375 0.0419921875
1 0.9453125 0.9833984375 0.0791015625 0.0322265625
1 0.966796875 0.9150390625 0.06640625 0.0634765625
