1 0.767578125 0.3359375 0.1162109375 0.1611328125
1 0.6318359375 0.7119140625 0.0703125 0.115234375
1 0.421875 0.6630859375 0.10546875 0.1875
1 0.505859375 0.2353515625 0.0654296875 0.0830078125
1 0.900390625 0.7470703125 0.0673828125 0.08984375
1 0.5751953125 0.16796875 0.0732421875 0.1572265625
1 0.5439453125 0.81640625 0.0693359375 0.0693359375
1 0.71484375 0.5634765625 0.08984375 0.107421875
1 0.4755859375 0.4638671875 0.0625 0.1298828125
1 0.6640625 0.91015625 0.0791015625 0.0869140625
1 0.287109375 0.08203125 0.076171875 0.158203125
1 0.4677734375 0.91015625 0.0869140625 0.1025390625
1 0.958984375 0.66796875 0.0654296875 0.1220703125
1 0.6162109375 0.314453125 0.107421875 0.185546875
1 0.779296875 0.8984375 0.10546875 0.08203125
1 0.2080078125 0.275390625 0.1123046875 0.1630859375
1 0.9482421875 0.3876953125 0.1025390625 0.1630859375
1 0.3134765625 0.6533203125 0.087890625 0.08203125
1 0.376953125 0.3173828125 0.0849609375 0.16015625
1 0.6669921875 0.134765625 0.080078125 0.16015625
1 0.419921875 0.5810546875 0.044921875 0.0732421875
1 0.271484375 0.29296875 0.0849609375 0.1123046875
1 0.42578125 0.35546875 0.078125 0.1123046875
1 0.39453125 0.1669921875 0.0703125 0.154296875
1 0.5595703125 0.400390625 0.064453125 0.1376953125
1 0.623046875 0.4208984375 0.0576171875 0.125
1 0.376953125 0.6328125 0.08984375 0.1416015625
1 0.037109375 0.697265625 0.0703125 0.08984375
1 0.6689453125 0.8291015625 0.0654296875 0.1005859375
1 0.03515625 0.953125 0.0673828125 0.0927734375
