1 0.98046875 0.07421875 0.0380859375 0.0537109375
1 0.919921875 0.064453125 0.0537109375 0.0869140625
1 0.810546875 0.0556640625 0.0751953125 0.1123046875
1 0.7265625 0.048828125 0.0634765625 0.09765625
1 0.74609375 0.158203125 0.0625 0.07421875
1 0.8291015625 0.1484375 0.0625 0.07421875
1 0.5595703125 0.19921875 0.0703125 0.0732421875
1 0.5361328125 0.11328125 0.078125 0.064453125
1 0.38671875 0.025390625 0.076171875 0.05078125
1 0.064453125 0.0703125 0.1220703125 0.0712890625
1 0.248046875 0.2890625 0.0859375 0.1005859375
1 0.1953125 0.33984375 0.109375 0.0830078125
1 0.4267578125 0.2958984375 0.0859375 0.0634765625
1 0.51171875 0.3896484375 0.0595703125 0.064453125
1 0.4228515625 0.4150390625 0.0859375 0.115234375
1 0.48828125 0.466796875 0.0517578125 0.048828125
1 0.3330078125 0.4306640625 0.0751953125 0.0654296875
1 0.22265625 0.43359375 0.1025390625 0.056640625
1 0.3310546875 0.49609375 0.1171875 0.07421875
1 0.119140625 0.4404296875 0.0654296875 0.0498046875
1 0.107421875 0.48828125 0.0478515625 0.06640625
1 0.0546875 0.5244140625 0.109375 0.0498046875
1 0.1396484375 0.58203125 0.0849609375 0.10546875
1 0.0302734375 0.5703125 0.0615234375 0.0546875
1 0.2060546875 0.619140625 0.078125 0.06640625
1 0.30859375 0.5849609375 0.080078125 0.0703125
1 0.42578125 0.57421875 0.095703125 0.0458984375
1 0.4892578125 0.662109375 0.080078125 0.0546875
1 0.63671875 0.55859375 0.060546875 0.0439453125
1 0.60546875 0.451171875 0.0576171875 0.0595703125
1 0.6171875 0.396484375 0.05078125 0.046875
1 0.6708984375 0.4248046875 0.0498046875 0.0556640625
1 0.666015625 0.373046875 0.0615234375 0.0400390625
1 0.65234375 0.326171875 0.0498046875 0.0478515625
1 0.8232421875 0.4462890625 0.0439453125 0.0556640625
1 0.7353515625 0.5234375 0.048828125 0.060546875
1 0.775390625 0.5322265625 0.0478515625 0.0498046875
1 0.8916015625 0.552734375 0.0556640625 0.0556640625
1 0.888671875 0.6376953125 0.0732421875 0.0712890625
1 0.9521484375 0.646484375 0.0576171875 0.0693359375
1 0.7939453125 0.6201171875 0.05859375 0.056640625
1 0.7373046875 0.6123046875 0.072265625 0.072265625
1 0.75390625 0.708984375 0.0498046875 0.0693359375
1 0.60546875 0.6630859375 0.080078125 0.0498046875
1 0.5576171875 0.736328125 0.0517578125 0.0673828125
1 0.611328125 0.755859375 0.0732421875 0.05859375
1 0.484375 0.74609375 0.0888671875 0.0732421875
1 0.3447265625 0.8017578125 0.0732421875 0.0927734375
1 0.20703125 0.6650390625 0.09375 0.0625
1 0.2900390625 0.6669921875 0.0615234375 0.056640625
1 0.0966796875 0.7412109375 0.0703125 0.0556640625
1 0.396484375 0.9033203125 0.05078125 0.046875
1 0.2763671875 0.97265625 0.080078125 0.041015625
1 0.6240234375 0.90234375 0.080078125 0.0673828125
1 0.74609375 0.9111328125 0.0478515625 0.0625
1 0.103515625 0.85546875 0.068359375 0.046875
1 0.01953125 0.7978515625 0.0390625 0.0595703125
1 0.1005859375 0.923828125 0.087890625 0.05859375
1 0.19140625 0.9248046875 0.0771484375 0.056640625
1 0.1533203125 0.9775390625 0.087890625 0.044921875
1 0.0341796875 0.9814453125 0.0693359375 0.037109375
1 0.8408203125 0.91015625 0.060546875 0.07421875
1 0.4873046875 0.599609375 0.041015625 0.0546875
1 0.0849609375 0.27734375 0.03515625 0.033203125
