1 0.3701171875 0.4013671875 0.0908203125 0.0625
1 0.951171875 0.2177734375 0.0478515625 0.083984375
1 0.939453125 0.1533203125 0.0595703125 0.0771484375
1 0.4228515625 0.2685546875 0.0556640625 0.1142578125
1 0.8818359375 0.607421875 0.06640625 0.0595703125
1 0.1240234375 0.6201171875 0.125 0.0791015625
1 0.826171875 0.509765625 0.146484375 0.068359375
1 0.560546875 0.34765625 0.0849609375 0.0673828125
1 0.5576171875 0.41015625 0.08203125 0.072265625
1 0.5576171875 0.978515625 0.0712890625 0.0419921875
1 0.529296875 0.5986328125 0.09765625 0.126953125
1 0.2490234375 0.9638671875 0.0791015625 0.05859375
1 0.5712890625 0.8818359375 0.037109375 0.091796875
1 0.970703125 0.7861328125 0.048828125 0.0595703125
1 0.0234375 0.796875 0.0478515625 0.044921875
1 0.5205078125 0.466796875 0.1103515625 0.076171875
1 0.1943359375 0.69140625 0.072265625 0.0400390625
1 0.44140625 0.185546875 0.02734375 0.0986328125
1 0.1572265625 0.9697265625 0.0302734375 0.0478515625
1 0.3232421875 0.6240234375 0.0830078125 0.1201171875
1 0.0439453125 0.0400390625 0.0546875 0.0703125
1 0.005859375 0.9736328125 0.01171875 0.0458984375
1 0.873046875 0.6787109375 0.0517578125 0.033203125
1 0.26953125 0.1865234375 0.044921875 0.1689453125
1 0.123046875 0.8681640625 0.154296875 0.0625
1 0.1279296875 0.337890625 0.0546875 0.05859375
1 0.9267578125 0.9404296875 0.068359375 0.0380859375
1 0.2294921875 0.0107421875 0.046875 0.0224609375
1 0.6337890625 0.91015625 0.0615234375 0.052734375
1 0.2119140625 0.5615234375 0.1083984375 0.060546875
1 0.0224609375 0.3583984375 0.0458984375 0.0458984375
1 0.423828125 0.7734375 0.0810546875 0.03125
1 0.9052734375 0.34765625 0.0361328125 0.0458984375
1 0.9296875 0.45703125 0.048828125 0.0927734375
1 0.2509765625 0.88671875 0.12890625 0.0947265625
1 0.2919921875 0.9462890625 0.083984375 0.103515625
1 0.326171875 0.0078125 0.07421875 0.0166015625
1 0.470703125 0.2021484375 0.0625 0.072265625
1 0.2236328125 0.0751953125 0.064453125 0.0341796875
1 0.3125 0.466796875 0.1298828125 0.048828125
1 0.8673828125 0.44873046875 0.06611328124999993 0.04306640625000002
1 0.5703125 0.7841796875 0.095703125 0.0458984375
1 0.2724609375 0.630859375 0.0712890625 0.0458984375
1 0.6318359375 0.2724609375 0.0498046875 0.068359375
1 0.015625 0.951171875 0.03125 0.017578125
1 0.43359375 0.3544921875 0.0673828125 0.1044921875
1 0.1533203125 0.7236328125 0.0771484375 0.0205078125
1 0.0341796875 0.744140625 0.048828125 0.025390625
1 0.0712890625 0.283203125 0.11328125 0.05859375
1 0.3564453125 0.775390625 0.076171875 0.0498046875
1 0.3447265625 0.701171875 0.0615234375 0.0205078125
1 0.5146484375 0.3564453125 0.0302734375 0.0615234375
1 0.78515625 0.7568359375 0.0439453125 0.0224609375
1 0.62109375 0.328125 0.123046875 0.0517578125
1 0.5009765625 0.6376953125 0.05859375 0.107421875
1 0.6884765625 0.0634765625 0.0458984375 0.05859375
1 0.892578125 0.41796875 0.060546875 0.0390625
1 0.259765625 0.5400390625 0.06640625 0.0546875
1 0.7783203125 0.8955078125 0.044921875 0.0390625
1 0.3837890625 0.3759765625 0.0302734375 0.0654296875
1 0.484375 0.3017578125 0.0478515625 0.0546875
1 0.767578125 0.6923828125 0.0361328125 0.0478515625
1 0.9833984375 0.0908203125 0.0283203125 0.0625
1 0.671875 0.611328125 0.1181640625 0.072265625
1 0.3408203125 0.7294921875 0.1650390625 0.064453125
1 0.2978515625 0.771484375 0.0703125 0.0390625
1 0.33984375 0.0390625 0.0498046875 0.0361328125
1 0.986328125 0.298828125 0.0263671875 0.0693359375
1 0.6904296875 0.2900390625 0.0654296875 0.0693359375
1 0.0224609375 0.48046875 0.0400390625 0.06640625
1 0.53515625 0.9169921875 0.056640625 0.0751953125
1 0.5712890625 0.28125 0.119140625 0.0751953125
1 0.5361328125 0.236328125 0.05859375 0.048828125
1 0.123046875 0.26953125 0.1123046875 0.048828125
