1 0.8134765625 0.6171875 0.087890625 0.080078125
1 0.802734375 0.220703125 0.0869140625 0.13671875
1 0.8173828125 0.7333984375 0.125 0.1328125
1 0.98046875 0.21875 0.0390625 0.15234375
1 0.7177734375 0.1572265625 0.0732421875 0.10546875
1 0.7421875 0.4970703125 0.115234375 0.140625
1 0.900390625 0.10546875 0.0771484375 0.142578125
1 0.90234375 0.974609375 0.125 0.0498046875
1 0.5302734375 0.7080078125 0.1123046875 0.0625
1 0.794921875 0.0673828125 0.0703125 0.0673828125
1 0.73828125 0.5595703125 0.087890625 0.095703125
1 0.89453125 0.5380859375 0.080078125 0.08203125
1 0.7001953125 0.48046875 0.0869140625 0.1220703125
1 0.7900390625 0.51171875 0.1025390625 0.0703125
1 0.0263671875 0.123046875 0.0537109375 0.177734375
1 0.041015625 0.9794921875 0.0830078125 0.041015625
1 0.0361328125 0.9638671875 0.072265625 0.0380859375
1 0.55078125 0.783203125 0.0771484375 0.0830078125
