1 0.599609375 0.4228515625 0.052734375 0.0830078125
1 0.7158203125 0.0927734375 0.083984375 0.1103515625
1 0.8408203125 0.35546875 0.072265625 0.0986328125
1 0.076171875 0.822265625 0.064453125 0.0888671875
1 0.1806640625 0.56640625 0.072265625 0.0673828125
1 0.1728515625 0.0322265625 0.0888671875 0.052734375
1 0.255859375 0.1220703125 0.0498046875 0.072265625
1 0.3486328125 0.400390625 0.0849609375 0.0615234375
1 0.7998046875 0.0380859375 0.08203125 0.076171875
1 0.0869140625 0.4775390625 0.0673828125 0.09765625
1 0.0166015625 0.4306640625 0.033203125 0.1103515625
1 0.4775390625 0.7060546875 0.0986328125 0.076171875
1 0.1865234375 0.0732421875 0.0888671875 0.0703125
1 0.6171875 0.7744140625 0.0546875 0.0732421875
1 0.927734375 0.0859375 0.0927734375 0.0869140625
1 0.39453125 0.0810546875 0.0439453125 0.09375
1 0.353515625 0.759765625 0.08984375 0.0380859375
1 0.3232421875 0.44921875 0.080078125 0.126953125
1 0.6748046875 0.1533203125 0.0546875 0.0478515625
1 0.18359375 0.2197265625 0.07421875 0.0419921875
1 0.96875 0.4072265625 0.0576171875 0.11328125
1 0.4853515625 0.107421875 0.0439453125 0.072265625
1 0.7509765625 0.6201171875 0.08203125 0.0537109375
1 0.3671875 0.935546875 0.0693359375 0.044921875
1 0.734375 0.5556640625 0.0810546875 0.0830078125
1 0.4130859375 0.4169921875 0.0751953125 0.0654296875
1 0.1220703125 0.4560546875 0.09375 0.12890625
1 0.7197265625 0.37109375 0.0712890625 0.0830078125
1 0.5361328125 0.1015625 0.0439453125 0.0615234375
1 0.1123046875 0.73828125 0.0673828125 0.02734375
1 0.67578125 0.421875 0.0634765625 0.0908203125
1 0.9296875 0.55078125 0.1171875 0.091796875
1 0.3544921875 0.681640625 0.05859375 0.0322265625
1 0.080078125 0.2587890625 0.0263671875 0.0537109375
1 0.55859375 0.26953125 0.0439453125 0.0341796875
1 0.599609375 0.615234375 0.0380859375 0.06640625
1 0.978515625 0.603515625 0.04296875 0.072265625
1 0.185546875 0.818359375 0.03125 0.0751953125
1 0.1962890625 0.81640625 0.02734375 0.0712890625
1 0.7119140625 0.0205078125 0.0390625 0.041015625
1 0.7021484375 0.4853515625 0.052734375 0.060546875
1 0.4326171875 0.4501953125 0.0439453125 0.0810546875
1 0.66015625 0.9052734375 0.056640625 0.0390625
1 0.9326171875 0.9248046875 0.0986328125 0.044921875
1 0.53916015625 0.20244140625 0.12197265624999998 0.05390624999999999
1 0.431640625 0.1689453125 0.04296875 0.0380859375
1 0.1337890625 0.02734375 0.0537109375 0.0556640625
1 0.9892578125 0.9296875 0.021484375 0.064453125
