1 0.029296875 0.0849609375 0.056640625 0.09765625
1 0.1708984375 0.171875 0.0517578125 0.0986328125
1 0.1025390625 0.1923828125 0.0791015625 0.1044921875
1 0.2958984375 0.1796875 0.064453125 0.1005859375
1 0.1826171875 0.2958984375 0.05859375 0.08203125
1 0.232421875 0.26171875 0.0576171875 0.076171875
1 0.3046875 0.275390625 0.0888671875 0.08203125
1 0.427734375 0.2705078125 0.0927734375 0.1064453125
1 0.2490234375 0.3447265625 0.09765625 0.068359375
1 0.3291015625 0.3896484375 0.0986328125 0.064453125
1 0.3876953125 0.4130859375 0.0703125 0.0712890625
1 0.064453125 0.2900390625 0.10546875 0.0986328125
1 0.0283203125 0.3828125 0.0576171875 0.0732421875
1 0.1015625 0.4677734375 0.0771484375 0.0625
1 0.1953125 0.48046875 0.1015625 0.076171875
1 0.3193359375 0.4794921875 0.130859375 0.076171875
1 0.25 0.568359375 0.1240234375 0.060546875
1 0.3408203125 0.5927734375 0.109375 0.0693359375
1 0.31640625 0.677734375 0.064453125 0.0703125
1 0.6025390625 0.591796875 0.166015625 0.0595703125
1 0.490234375 0.5439453125 0.0615234375 0.0712890625
1 0.5 0.4453125 0.083984375 0.0625
1 0.474609375 0.37109375 0.0625 0.083984375
1 0.5478515625 0.4140625 0.078125 0.064453125
1 0.671875 0.4775390625 0.076171875 0.07421875
1 0.59765625 0.373046875 0.0654296875 0.0986328125
1 0.619140625 0.318359375 0.0546875 0.06640625
1 0.6806640625 0.3349609375 0.076171875 0.0986328125
1 0.63671875 0.236328125 0.0703125 0.0771484375
1 0.7314453125 0.228515625 0.0654296875 0.07421875
1 0.5302734375 0.7705078125 0.0986328125 0.0654296875
1 0.3984375 0.904296875 0.0966796875 0.0771484375
1 0.2958984375 0.908203125 0.0615234375 0.068359375
1 0.150390625 0.87890625 0.0712890625 0.0712890625
1 0.125 0.9619140625 0.060546875 0.0615234375
1 0.044921875 0.94140625 0.0908203125 0.060546875
1 0.8876953125 0.791015625 0.0654296875 0.09765625
1 0.5263671875 0.9755859375 0.0654296875 0.0478515625
1 0.62890625 0.900390625 0.08984375 0.0615234375
1 0.72265625 0.94140625 0.0703125 0.06640625
1 0.7626953125 0.8984375 0.0712890625 0.056640625
1 0.6787109375 0.8056640625 0.1064453125 0.09765625
1 0.9775390625 0.171875 0.0439453125 0.1171875
1 0.943359375 0.3623046875 0.0712890625 0.087890625
1 0.9755859375 0.4462890625 0.048828125 0.0810546875
1 0.9296875 0.466796875 0.0986328125 0.0654296875
1 0.876953125 0.4921875 0.1181640625 0.095703125
1 0.9775390625 0.5537109375 0.0439453125 0.068359375
1 0.7763671875 0.38671875 0.0751953125 0.0712890625
1 0.75390625 0.6181640625 0.087890625 0.08203125
1 0.9560546875 0.6494140625 0.0810546875 0.140625
1 0.0341796875 0.8837890625 0.068359375 0.0732421875
1 0.8974609375 0.4072265625 0.083984375 0.0927734375
1 0.4638671875 0.1328125 0.064453125 0.0693359375
1 0.3056640625 0.3408203125 0.0546875 0.048828125
1 0.0283203125 0.5107421875 0.0576171875 0.0810546875
1 0.2763671875 0.521484375 0.0556640625 0.0498046875
1 0.447265625 0.517578125 0.0478515625 0.05078125
1 0.890625 0.3525390625 0.06640625 0.0703125
1 0.8330078125 0.3740234375 0.06640625 0.068359375
1 0.6923828125 0.2587890625 0.0791015625 0.0732421875
1 0.7880859375 0.8564453125 0.0439453125 0.046875
