1 0.2919921875 0.59375 0.0703125 0.09765625
1 0.318359375 0.4248046875 0.0751953125 0.080078125
1 0.560546875 0.5693359375 0.05859375 0.0732421875
1 0.0791015625 0.138671875 0.09765625 0.08984375
1 0.6123046875 0.5498046875 0.083984375 0.068359375
1 0.8671875 0.171875 0.076171875 0.091796875
1 0.763671875 0.3251953125 0.06640625 0.080078125
1 0.3818359375 0.6767578125 0.0849609375 0.0517578125
1 0.9873046875 0.3984375 0.0244140625 0.0810546875
1 0.5009765625 0.24609375 0.0751953125 0.0859375
1 0.046875 0.5927734375 0.091796875 0.07421875
1 0.572265625 0.052734375 0.083984375 0.05859375
1 0.8779296875 0.5361328125 0.0849609375 0.060546875
1 0.2587890625 0.427734375 0.078125 0.064453125
1 0.4716796875 0.076171875 0.080078125 0.08984375
1 0.5791015625 0.826171875 0.125 0.0595703125
1 0.7255859375 0.6142578125 0.068359375 0.064453125
1 0.6845703125 0.513671875 0.095703125 0.076171875
1 0.7373046875 0.1533203125 0.076171875 0.0771484375
1 0.1337890625 0.5986328125 0.091796875 0.0546875
1 0.0341796875 0.8935546875 0.06640625 0.060546875
1 0.4482421875 0.466796875 0.0703125 0.0615234375
1 0.3505859375 0.0576171875 0.06640625 0.115234375
1 0.9697265625 0.513671875 0.0400390625 0.091796875
1 0.974609375 0.8681640625 0.05078125 0.0625
1 0.0498046875 0.392578125 0.0908203125 0.05078125
1 0.498046875 0.5693359375 0.064453125 0.0654296875
1 0.505859375 0.6416015625 0.0986328125 0.0458984375
1 0.2236328125 0.94921875 0.080078125 0.0439453125
1 0.3388671875 0.2255859375 0.11328125 0.0712890625
1 0.0439453125 0.625 0.087890625 0.0673828125
1 0.91796875 0.0517578125 0.0546875 0.0634765625
1 0.7412109375 0.5 0.068359375 0.0478515625
1 0.162109375 0.306640625 0.044921875 0.09765625
1 0.0947265625 0.953125 0.107421875 0.033203125
1 0.876953125 0.3115234375 0.0439453125 0.0673828125
1 0.4833984375 0.0283203125 0.05859375 0.0556640625
1 0.4052734375 0.8681640625 0.0869140625 0.0556640625
1 0.396484375 0.412109375 0.0615234375 0.083984375
1 0.6962890625 0.31640625 0.0615234375 0.0634765625
1 0.359375 0.5087890625 0.123046875 0.05078125
1 0.5888671875 0.3115234375 0.080078125 0.0595703125
1 0.40234375 0.185546875 0.06640625 0.0546875
1 0.5146484375 0.9306640625 0.0947265625 0.025390625
1 0.65234375 0.099609375 0.0458984375 0.064453125
1 0.30859375 0.9296875 0.0908203125 0.041015625
1 0.044921875 0.298828125 0.0888671875 0.1357421875
1 0.109375 0.2802734375 0.0703125 0.0625
1 0.2900390625 0.6953125 0.0810546875 0.03515625
1 0.109375 0.0205078125 0.0439453125 0.0400390625
1 0.501953125 0.8935546875 0.0771484375 0.0341796875
1 0.568359375 0.2099609375 0.0791015625 0.05859375
1 0.50390625 0.37890625 0.076171875 0.041015625
1 0.025390625 0.4296875 0.0439453125 0.083984375
1 0.5419921875 0.20703125 0.0732421875 0.0498046875
1 0.810546875 0.7236328125 0.0615234375 0.0419921875
1 0.3740234375 0.1787109375 0.072265625 0.0615234375
1 0.1181640625 0.615234375 0.08203125 0.0439453125
1 0.060546875 0.4775390625 0.076171875 0.03515625
1 0.69140625 0.1787109375 0.0478515625 0.048828125
1 0.318359375 0.1435546875 0.0537109375 0.044921875
1 0.4140625 0.7763671875 0.1201171875 0.0517578125
1 0.3291015625 0.923828125 0.0654296875 0.04296875
1 0.208984375 0.591796875 0.029296875 0.0595703125
1 0.7275390625 0.6904296875 0.037109375 0.0302734375
1 0.7841796875 0.044921875 0.0830078125 0.0439453125
1 0.6845703125 0.5615234375 0.0458984375 0.052734375
1 0.421875 0.564453125 0.0517578125 0.044921875
1 0.7666015625 0.7197265625 0.0478515625 0.041015625
1 0.8271484375 0.7587890625 0.0498046875 0.0478515625
1 0.755859375 0.0185546875 0.0595703125 0.037109375
1 0.4375 0.673828125 0.0576171875 0.0283203125
1 0.4189453125 0.63671875 0.0830078125 0.044921875
