1 0.0693359375 0.5703125 0.0712890625 0.0849609375
1 0.0654296875 0.662109375 0.1318359375 0.125
1 0.107421875 0.8818359375 0.0693359375 0.0732421875
1 0.103515625 0.951171875 0.0517578125 0.09765625
1 0.18359375 0.9169921875 0.0947265625 0.0732421875
1 0.248046875 0.9013671875 0.0859375 0.0771484375
1 0.255859375 0.97265625 0.099609375 0.0537109375
1 0.1328125 0.3369140625 0.078125 0.0595703125
1 0.0283203125 0.0068359375 0.0478515625 0.0146484375
1 0.1865234375 0.041015625 0.048828125 0.0830078125
1 0.7177734375 0.013671875 0.1494140625 0.0283203125
1 0.298828125 0.126953125 0.076171875 0.12109375
1 0.2470703125 0.275390625 0.1572265625 0.076171875
1 0.4755859375 0.2001953125 0.083984375 0.1455078125
1 0.6103515625 0.0947265625 0.1298828125 0.1728515625
1 0.7158203125 0.07421875 0.1533203125 0.111328125
1 0.76953125 0.173828125 0.140625 0.115234375
1 0.7353515625 0.21875 0.072265625 0.1142578125
1 0.9033203125 0.3330078125 0.0439453125 0.1142578125
1 0.779296875 0.291015625 0.09765625 0.07421875
1 0.861328125 0.255859375 0.0810546875 0.09375
1 0.58984375 0.326171875 0.119140625 0.0537109375
1 0.412109375 0.3466796875 0.11328125 0.0771484375
1 0.5810546875 0.3974609375 0.1005859375 0.076171875
1 0.4111328125 0.57421875 0.0654296875 0.0673828125
1 0.3642578125 0.7646484375 0.0869140625 0.1630859375
1 0.515625 0.5546875 0.064453125 0.0859375
1 0.568359375 0.66015625 0.0751953125 0.125
1 0.609375 0.7666015625 0.0732421875 0.1015625
1 0.71875 0.8232421875 0.1025390625 0.1376953125
1 0.63671875 0.921875 0.0615234375 0.1025390625
1 0.810546875 0.8818359375 0.07421875 0.08203125
1 0.880859375 0.876953125 0.0439453125 0.1376953125
1 0.8916015625 0.9560546875 0.1220703125 0.0634765625
1 0.626953125 0.6123046875 0.08203125 0.1396484375
1 0.7119140625 0.68359375 0.0927734375 0.1328125
1 0.697265625 0.5859375 0.09765625 0.1435546875
1 0.6318359375 0.5458984375 0.146484375 0.0830078125
1 0.837890625 0.6953125 0.10546875 0.0986328125
1 0.8671875 0.7421875 0.0888671875 0.0810546875
1 0.8935546875 0.6689453125 0.1025390625 0.080078125
1 0.861328125 0.55078125 0.1337890625 0.1474609375
1 0.896484375 0.4365234375 0.0869140625 0.068359375
1 0.8017578125 0.380859375 0.1240234375 0.0712890625
1 0.7275390625 0.3544921875 0.1123046875 0.0615234375
1 0.958984375 0.4228515625 0.07421875 0.0693359375
1 0.947265625 0.517578125 0.068359375 0.080078125
1 0.9765625 0.671875 0.046875 0.138671875
1 0.95703125 0.794921875 0.08203125 0.1083984375
1 0.9208984375 0.8642578125 0.05078125 0.0693359375
1 0.9775390625 0.9169921875 0.0439453125 0.0625
1 0.9775390625 0.2880859375 0.0439453125 0.0400390625
