1 0.1083984375 0.091796875 0.025390625 0.0810546875
1 0.2197265625 0.029296875 0.04296875 0.056640625
1 0.408203125 0.0390625 0.0791015625 0.0361328125
1 0.404296875 0.0205078125 0.0478515625 0.041015625
1 0.0771484375 0.46875 0.0810546875 0.046875
1 0.037109375 0.53515625 0.056640625 0.0751953125
1 0.0234375 0.6865234375 0.037109375 0.0693359375
1 0.255859375 0.3564453125 0.037109375 0.099609375
1 0.361328125 0.5107421875 0.0615234375 0.0400390625
1 0.349609375 0.5810546875 0.0595703125 0.046875
1 0.365234375 0.6640625 0.08984375 0.0703125
1 0.275390625 0.697265625 0.0546875 0.0615234375
1 0.4287109375 0.673828125 0.0615234375 0.068359375
1 0.814453125 0.0224609375 0.0712890625 0.0458984375
1 0.787109375 0.4404296875 0.044921875 0.09375
1 0.75390625 0.56640625 0.10546875 0.068359375
1 0.6796875 0.62109375 0.0517578125 0.0458984375
1 0.6259765625 0.7138671875 0.0576171875 0.04296875
1 0.828125 0.60546875 0.0322265625 0.046875
1 0.9169921875 0.5634765625 0.060546875 0.0400390625
1 0.9755859375 0.44140625 0.0478515625 0.0791015625
1 0.974609375 0.666015625 0.0458984375 0.060546875
1 0.8427734375 0.7021484375 0.0888671875 0.0439453125
1 0.9609375 0.7314453125 0.078125 0.046875
1 0.7744140625 0.9013671875 0.0625 0.03515625
1 0.8017578125 0.94140625 0.0400390625 0.052734375
1 0.8017578125 0.982421875 0.076171875 0.03515625
1 0.02734375 0.9609375 0.04296875 0.0478515625
1 0.2548828125 0.822265625 0.0439453125 0.0576171875
1 0.2216796875 0.796875 0.048828125 0.0478515625
1 0.875 0.615234375 0.0556640625 0.05859375
1 0.962890625 0.7880859375 0.0732421875 0.060546875
