1 0.134765625 0.3046875 0.09375 0.0537109375
1 0.14453125 0.353515625 0.0888671875 0.0888671875
1 0.2265625 0.400390625 0.0654296875 0.0654296875
1 0.1220703125 0.4384765625 0.095703125 0.0771484375
1 0.0693359375 0.421875 0.0771484375 0.05859375
1 0.12890625 0.494140625 0.0791015625 0.0712890625
1 0.078125 0.5224609375 0.060546875 0.05859375
1 0.0458984375 0.4892578125 0.087890625 0.0751953125
1 0.28125 0.447265625 0.0693359375 0.05859375
1 0.3857421875 0.4326171875 0.0927734375 0.0888671875
1 0.3955078125 0.3046875 0.111328125 0.107421875
1 0.1259765625 0.583984375 0.0732421875 0.0751953125
1 0.228515625 0.595703125 0.1416015625 0.0673828125
1 0.1181640625 0.7890625 0.0712890625 0.08984375
1 0.2392578125 0.8876953125 0.0966796875 0.0634765625
1 0.16015625 0.9345703125 0.10546875 0.0595703125
1 0.337890625 0.9814453125 0.0615234375 0.037109375
1 0.849609375 0.88671875 0.0859375 0.0859375
1 0.755859375 0.85546875 0.076171875 0.1005859375
1 0.96484375 0.8154296875 0.068359375 0.1201171875
1 0.7392578125 0.6806640625 0.07421875 0.064453125
1 0.7998046875 0.646484375 0.0537109375 0.0703125
1 0.8271484375 0.5712890625 0.0830078125 0.0576171875
1 0.408203125 0.7705078125 0.0888671875 0.080078125
1 0.478515625 0.53125 0.07421875 0.0654296875
1 0.4716796875 0.466796875 0.07421875 0.0693359375
1 0.544921875 0.4873046875 0.0595703125 0.064453125
1 0.59375 0.5673828125 0.10546875 0.0634765625
1 0.6884765625 0.517578125 0.07421875 0.0791015625
1 0.720703125 0.466796875 0.1025390625 0.056640625
1 0.865234375 0.4931640625 0.0849609375 0.068359375
1 0.8984375 0.361328125 0.07421875 0.0947265625
1 0.7197265625 0.3251953125 0.0888671875 0.1455078125
1 0.57421875 0.2890625 0.091796875 0.091796875
1 0.9775390625 0.423828125 0.044921875 0.0986328125
1 0.6904296875 0.56640625 0.1015625 0.083984375
1 0.123046875 0.8505859375 0.0693359375 0.07421875
1 0.9501953125 0.3876953125 0.05078125 0.052734375
1 0.7763671875 0.59765625 0.05078125 0.0458984375
1 0.2021484375 0.361328125 0.0576171875 0.044921875
1 0.171875 0.41015625 0.0625 0.0625
1 0.171875 0.880859375 0.0439453125 0.033203125
1 0.1279296875 0.90625 0.046875 0.03515625
1 0.0078125 0.9501953125 0.015625 0.048828125
1 0.2578125 0.482421875 0.0361328125 0.0322265625
