1 0.0419921875 0.6162109375 0.083984375 0.1201171875
1 0.0830078125 0.7421875 0.1591796875 0.0947265625
1 0.443359375 0.833984375 0.103515625 0.0810546875
1 0.564453125 0.6171875 0.12109375 0.1220703125
1 0.1591796875 0.4697265625 0.115234375 0.09765625
1 0.046875 0.3837890625 0.08203125 0.099609375
1 0.0224609375 0.2119140625 0.0458984375 0.0869140625
1 0.095703125 0.1494140625 0.080078125 0.0849609375
1 0.16796875 0.0810546875 0.0927734375 0.078125
1 0.3505859375 0.3505859375 0.11328125 0.09375
1 0.44140625 0.2607421875 0.103515625 0.099609375
1 0.4345703125 0.173828125 0.0908203125 0.0732421875
1 0.556640625 0.1279296875 0.0849609375 0.0810546875
1 0.75390625 0.169921875 0.0947265625 0.08984375
1 0.7353515625 0.431640625 0.11328125 0.1015625
1 0.4619140625 0.4365234375 0.11328125 0.1201171875
1 0.6630859375 0.798828125 0.123046875 0.1083984375
1 0.62109375 0.947265625 0.0986328125 0.095703125
1 0.482421875 0.9658203125 0.119140625 0.068359375
1 0.14453125 0.9755859375 0.0947265625 0.048828125
1 0.7470703125 0.962890625 0.080078125 0.0732421875
1 0.8232421875 0.9013671875 0.09375 0.083984375
1 0.9033203125 0.9384765625 0.119140625 0.0947265625
1 0.96875 0.57421875 0.0615234375 0.1083984375
1 0.974609375 0.3056640625 0.05078125 0.078125
1 0.8759765625 0.1806640625 0.0537109375 0.0712890625
1 0.8798828125 0.009765625 0.0966796875 0.0205078125
1 0.3095703125 0.9794921875 0.0615234375 0.0400390625
1 0.4091796875 0.5 0.087890625 0.037109375
1 0.3798828125 0.431640625 0.078125 0.0751953125
1 0.552734375 0.23046875 0.09375 0.0732421875
1 0.9716796875 0.18359375 0.0556640625 0.068359375
