1 0.2216796875 0.5703125 0.0546875 0.0732421875
1 0.009765625 0.5029296875 0.0205078125 0.0859375
1 0.6943359375 0.876953125 0.07421875 0.080078125
1 0.3935546875 0.3291015625 0.056640625 0.095703125
1 0.720703125 0.6630859375 0.0771484375 0.150390625
1 0.216796875 0.7109375 0.03515625 0.1064453125
1 0.2421875 0.794921875 0.154296875 0.0859375
1 0.54296875 0.5771484375 0.048828125 0.0791015625
1 0.80078125 0.8564453125 0.14453125 0.0537109375
1 0.568359375 0.7978515625 0.0419921875 0.1123046875
1 0.91796875 0.4130859375 0.072265625 0.0869140625
1 0.30859375 0.70703125 0.1337890625 0.10546875
1 0.33984375 0.4423828125 0.0810546875 0.04296875
1 0.8662109375 0.123046875 0.09375 0.0703125
1 0.58203125 0.169921875 0.0576171875 0.0693359375
1 0.65625 0.8955078125 0.0615234375 0.0595703125
1 0.3466796875 0.060546875 0.1748046875 0.12109375
1 0.1064453125 0.90625 0.0810546875 0.0380859375
1 0.9150390625 0.7890625 0.1689453125 0.0810546875
1 0.271484375 0.341796875 0.0791015625 0.16015625
1 0.4521484375 0.900390625 0.087890625 0.076171875
1 0.2666015625 0.115234375 0.0791015625 0.095703125
1 0.271484375 0.494140625 0.2373046875 0.0732421875
1 0.208984375 0.1337890625 0.138671875 0.076171875
1 0.7939453125 0.337890625 0.025390625 0.125
1 0.8828125 0.98046875 0.048828125 0.0341796875
1 0.8203125 0.8076171875 0.1552734375 0.029296875
1 0.5458984375 0.0263671875 0.025390625 0.0537109375
1 0.9326171875 0.0478515625 0.0966796875 0.05078125
1 0.080078125 0.6181640625 0.052734375 0.103515625
1 0.3935546875 0.3720703125 0.0419921875 0.0771484375
1 0.59375 0.875 0.083984375 0.041015625
1 0.380859375 0.634765625 0.0595703125 0.03125
1 0.3994140625 0.01953125 0.0751953125 0.0390625
1 0.3251953125 0.5341796875 0.05078125 0.068359375
1 0.6923828125 0.5361328125 0.0439453125 0.0537109375
1 0.048828125 0.697265625 0.0498046875 0.109375
1 0.15625 0.98828125 0.0478515625 0.0234375
1 0.728515625 0.4931640625 0.04296875 0.05078125
1 0.90224609375 0.18212890625 0.07822265625000002 0.049902343749999994
1 0.7119140625 0.400390625 0.1484375 0.078125
1 0.3125 0.2314453125 0.1552734375 0.1103515625
1 0.8720703125 0.7275390625 0.052734375 0.02734375
1 0.50390625 0.69140625 0.0390625 0.0615234375
1 0.9755859375 0.6708984375 0.048828125 0.02734375
1 0.3564453125 0.373046875 0.0927734375 0.1669921875
1 0.568359375 0.9775390625 0.0595703125 0.03515625
1 0.7373046875 0.0146484375 0.0302734375 0.029296875
1 0.5458984375 0.666015625 0.0634765625 0.0458984375
1 0.8095703125 0.6337890625 0.033203125 0.189453125
1 0.984375 0.3427734375 0.03125 0.1220703125
1 0.7216796875 0.5556640625 0.0556640625 0.064453125
1 0.8017578125 0.4169921875 0.044921875 0.0673828125
1 0.078125 0.439453125 0.15625 0.0556640625
1 0.0390625 0.7998046875 0.0732421875 0.169921875
1 0.9716796875 0.8837890625 0.056640625 0.064453125
1 0.9287109375 0.46484375 0.142578125 0.119140625
1 0.314453125 0.251953125 0.08203125 0.052734375
