1 0.3369140625 0.6396484375 0.0751953125 0.0703125
1 0.4619140625 0.29296875 0.064453125 0.0869140625
1 0.2900390625 0.763671875 0.1376953125 0.2001953125
1 0.748046875 0.498046875 0.1279296875 0.09765625
1 0.5185546875 0.6328125 0.0654296875 0.0615234375
1 0.62109375 0.9853515625 0.0849609375 0.0283203125
1 0.8642578125 0.892578125 0.134765625 0.1376953125
1 0.6025390625 0.689453125 0.0673828125 0.05078125
1 0.099609375 0.4443359375 0.17578125 0.0849609375
1 0.654296875 0.6357421875 0.1845703125 0.0625
1 0.2666015625 0.98046875 0.0693359375 0.0380859375
1 0.4794921875 0.1904296875 0.0703125 0.1181640625
1 0.2275390625 0.0703125 0.0673828125 0.1376953125
1 0.7705078125 0.3095703125 0.072265625 0.134765625
1 0.212890625 0.8447265625 0.0517578125 0.0546875
1 0.4619140625 0.484375 0.134765625 0.16015625
1 0.76953125 0.078125 0.109375 0.15234375
1 0.9658203125 0.77734375 0.064453125 0.0732421875
1 0.7177734375 0.791015625 0.2431640625 0.107421875
1 0.1982421875 0.921875 0.162109375 0.080078125
1 0.9248046875 0.279296875 0.150390625 0.1396484375
1 0.759765625 0.6708984375 0.0703125 0.052734375
1 0.216796875 0.388671875 0.0751953125 0.0849609375
1 0.630859375 0.1015625 0.087890625 0.0654296875
1 0.673828125 0.3818359375 0.1201171875 0.08984375
1 0.501953125 0.7666015625 0.16015625 0.1357421875
1 0.3017578125 0.9443359375 0.0849609375 0.064453125
1 0.775390625 0.57421875 0.09765625 0.1005859375
1 0.4619140625 0.8876953125 0.125 0.0927734375
1 0.3095703125 0.5546875 0.095703125 0.0703125
1 0.9140625 0.46484375 0.1708984375 0.08984375
1 0.9541015625 0.4130859375 0.0908203125 0.1474609375
1 0.578125 0.845703125 0.0625 0.0576171875
1 0.2607421875 0.353515625 0.087890625 0.0625
1 0.6806640625 0.046875 0.0576171875 0.08984375
1 0.791015625 0.87109375 0.0625 0.0849609375
1 0.4921875 0.9267578125 0.0703125 0.0703125
1 0.0732421875 0.51171875 0.056640625 0.0751953125
1 0.1328125 0.046875 0.1416015625 0.08984375
1 0.9384765625 0.984375 0.0654296875 0.0302734375
1 0.8876953125 0.0458984375 0.0576171875 0.087890625
1 0.619140625 0.3720703125 0.0751953125 0.1826171875
1 0.8486328125 0.271484375 0.107421875 0.1357421875
1 0.318359375 0.0302734375 0.1328125 0.0576171875
1 0.310546875 0.498046875 0.1171875 0.16796875
1 0.83984375 0.7294921875 0.0703125 0.095703125
1 0.9404296875 0.095703125 0.0869140625 0.0625
1 0.9541015625 0.05859375 0.0556640625 0.052734375
1 0.5166015625 0.029296875 0.0556640625 0.0546875
1 0.029296875 0.3544921875 0.0546875 0.060546875
1 0.0322265625 0.119140625 0.060546875 0.1494140625
1 0.0439453125 0.798828125 0.0703125 0.1123046875
1 0.0234375 0.0732421875 0.04296875 0.052734375
1 0.04296875 0.4189453125 0.0830078125 0.0556640625
1 0.8330078125 0.931640625 0.0478515625 0.0595703125
