1 0.1142578125 0.8359375 0.1552734375 0.103515625
1 0.22265625 0.7333984375 0.1171875 0.16796875
1 0.3466796875 0.2578125 0.0869140625 0.1220703125
1 0.044921875 0.400390625 0.08984375 0.1181640625
1 0.6552734375 0.642578125 0.0830078125 0.0966796875
1 0.1455078125 0.2158203125 0.080078125 0.1025390625
1 0.751953125 0.044921875 0.130859375 0.08984375
1 0.0341796875 0.6259765625 0.0673828125 0.22265625
1 0.806640625 0.236328125 0.107421875 0.05078125
1 0.775390625 0.91796875 0.0771484375 0.0830078125
1 0.099609375 0.09765625 0.1318359375 0.1171875
1 0.779296875 0.7294921875 0.16015625 0.134765625
1 0.64453125 0.28125 0.0771484375 0.0859375
1 0.580078125 0.5947265625 0.0654296875 0.0703125
1 0.896484375 0.3037109375 0.078125 0.140625
1 0.26171875 0.5126953125 0.0654296875 0.0673828125
1 0.853515625 0.9345703125 0.0830078125 0.1279296875
1 0.82421875 0.1513671875 0.23046875 0.08203125
1 0.041015625 0.0556640625 0.060546875 0.1123046875
1 0.134765625 0.421875 0.0654296875 0.064453125
1 0.0693359375 0.056640625 0.1376953125 0.1064453125
1 0.9453125 0.5810546875 0.08984375 0.1640625
1 0.9326171875 0.0732421875 0.107421875 0.1474609375
1 0.673828125 0.96484375 0.1201171875 0.0703125
1 0.8486328125 0.611328125 0.15234375 0.1103515625
1 0.9716796875 0.3017578125 0.0546875 0.0791015625
1 0.5341796875 0.1806640625 0.107421875 0.0546875
1 0.95703125 0.40234375 0.0849609375 0.0830078125
1 0.958984375 0.62890625 0.0791015625 0.21484375
1 0.9423828125 0.2314453125 0.107421875 0.1181640625
