1 0.685546875 0.337890625 0.0556640625 0.1064453125
1 0.009765625 0.12109375 0.01953125 0.1025390625
1 0.0615234375 0.3212890625 0.10927734375 0.07402343750000001
1 0.177734375 0.12109375 0.0615234375 0.09375
1 0.654296875 0.7724609375 0.0673828125 0.087890625
1 0.111328125 0.544921875 0.072265625 0.06640625
1 0.7978515625 0.1884765625 0.0634765625 0.0673828125
1 0.9169921875 0.5107421875 0.0732421875 0.078125
1 0.7255859375 0.5009765625 0.0986328125 0.05078125
1 0.201171875 0.4912109375 0.06640625 0.0771484375
1 0.9599609375 0.8955078125 0.0791015625 0.0732421875
1 0.927734375 0.0478515625 0.0439453125 0.087890625
1 0.7744140625 0.10546875 0.041015625 0.099609375
1 0.5888671875 0.416015625 0.0517578125 0.0908203125
1 0.0380859375 0.8857421875 0.0771484375 0.0576171875
1 0.0087890625 0.2490234375 0.0185546875 0.0712890625
1 0.7333984375 0.9619140625 0.0625 0.076171875
1 0.2392578125 0.4365234375 0.0693359375 0.0634765625
1 0.0439453125 0.833984375 0.087890625 0.0380859375
1 0.8330078125 0.447265625 0.0595703125 0.1279296875
1 0.0146484375 0.0302734375 0.0302734375 0.056640625
1 0.8662109375 0.6376953125 0.06640625 0.048828125
1 0.23046875 0.8388671875 0.05859375 0.046875
1 0.8369140625 0.5322265625 0.048828125 0.0556640625
1 0.0361328125 0.1943359375 0.03125 0.0673828125
1 0.294921875 0.2578125 0.068359375 0.05078125
1 0.21484375 0.9287109375 0.083984375 0.0615234375
1 0.9716796875 0.1328125 0.056640625 0.06640625
1 0.875 0.0185546875 0.0322265625 0.037109375
1 0.0341796875 0.9267578125 0.068359375 0.02734375
1 0.1484375 0.4990234375 0.0634765625 0.0546875
1 0.171875 0.376953125 0.025390625 0.0947265625
1 0.9423828125 0.2255859375 0.0419921875 0.0673828125
1 0.2431640625 0.01953125 0.0400390625 0.0390625
1 0.212890625 0.53515625 0.06640625 0.0419921875
1 0.244140625 0.390625 0.0263671875 0.076171875
1 0.142578125 0.392578125 0.0693359375 0.0556640625
1 0.2607421875 0.2421875 0.06757812499999999 0.13330078125
1 0.3466796875 0.44921875 0.0400390625 0.0654296875
1 0.0146484375 0.95703125 0.029296875 0.0859375
1 0.578515625 0.9634765625 0.15361328125000007 0.07167968749999998
1 0.80859375 0.783203125 0.05078125 0.04296875
1 0.3271484375 0.9794921875 0.0771484375 0.037109375
1 0.70703125 0.54296875 0.078125 0.0478515625
1 0.9580078125 0.6328125 0.04296875 0.044921875
1 0.46484375 0.984375 0.037109375 0.0302734375
1 0.419921875 0.9404296875 0.0439453125 0.0322265625
1 0.7685546875 0.8955078125 0.1611328125 0.05078125
1 0.2998046875 0.224609375 0.046875 0.05078125
1 0.3115234375 0.9814453125 0.0576171875 0.0361328125
1 0.1982421875 0.4404296875 0.080078125 0.0458984375
1 0.2060546875 0.240234375 0.037109375 0.0556640625
