1 0.017578125 0.767578125 0.03515625 0.0673828125
1 0.0341796875 0.84765625 0.046875 0.0634765625
1 0.0859375 0.9189453125 0.076171875 0.068359375
1 0.1845703125 0.90234375 0.0693359375 0.076171875
1 0.1064453125 0.79296875 0.091796875 0.072265625
1 0.1591796875 0.71875 0.0693359375 0.0634765625
1 0.2001953125 0.9833984375 0.0791015625 0.0322265625
1 0.4228515625 0.9609375 0.1005859375 0.0712890625
1 0.5322265625 0.951171875 0.0576171875 0.0693359375
1 0.3681640625 0.7890625 0.0654296875 0.056640625
1 0.3779296875 0.8369140625 0.0576171875 0.0556640625
1 0.5400390625 0.8720703125 0.0888671875 0.0625
1 0.5361328125 0.8251953125 0.072265625 0.056640625
1 0.6259765625 0.7265625 0.0712890625 0.068359375
1 0.5439453125 0.6689453125 0.0751953125 0.0546875
1 0.513671875 0.6171875 0.08984375 0.05078125
1 0.021484375 0.6103515625 0.04296875 0.0517578125
1 0.2998046875 0.53125 0.078125 0.06640625
1 0.16796875 0.4560546875 0.068359375 0.0654296875
1 0.2265625 0.4326171875 0.0634765625 0.0537109375
1 0.2705078125 0.4794921875 0.0576171875 0.0712890625
1 0.388671875 0.484375 0.1376953125 0.0615234375
1 0.3095703125 0.4150390625 0.0576171875 0.06640625
1 0.380859375 0.4287109375 0.0458984375 0.0546875
1 0.4384765625 0.4189453125 0.056640625 0.060546875
1 0.5380859375 0.5478515625 0.0771484375 0.080078125
1 0.0078125 0.3642578125 0.0166015625 0.0546875
1 0.04296875 0.3251953125 0.0869140625 0.0537109375
1 0.0166015625 0.2451171875 0.033203125 0.0712890625
1 0.11328125 0.3291015625 0.0546875 0.0634765625
1 0.162109375 0.349609375 0.0673828125 0.1025390625
1 0.1884765625 0.2177734375 0.0556640625 0.0810546875
1 0.23828125 0.3193359375 0.095703125 0.0625
1 0.4765625 0.3125 0.06640625 0.052734375
1 0.4296875 0.3291015625 0.048828125 0.056640625
1 0.529296875 0.2138671875 0.130859375 0.064453125
1 0.55859375 0.283203125 0.07421875 0.111328125
1 0.6279296875 0.232421875 0.078125 0.06640625
1 0.6689453125 0.34765625 0.0673828125 0.05859375
1 0.6396484375 0.38671875 0.0615234375 0.0712890625
1 0.6962890625 0.4013671875 0.0859375 0.0439453125
1 0.7685546875 0.5166015625 0.125 0.0673828125
1 0.734375 0.685546875 0.0693359375 0.0556640625
1 0.74609375 0.9638671875 0.119140625 0.072265625
1 0.7060546875 0.990234375 0.07421875 0.0185546875
1 0.9755859375 0.7529296875 0.0478515625 0.0517578125
1 0.943359375 0.701171875 0.1123046875 0.0703125
1 0.953125 0.5869140625 0.0771484375 0.09375
1 0.9794921875 0.52734375 0.041015625 0.0615234375
1 0.966796875 0.4501953125 0.06640625 0.0751953125
1 0.892578125 0.46484375 0.07421875 0.0537109375
1 0.9345703125 0.2568359375 0.0478515625 0.0712890625
1 0.8818359375 0.3203125 0.0654296875 0.0771484375
1 0.7685546875 0.2109375 0.0625 0.0771484375
1 0.9453125 0.052734375 0.0517578125 0.05859375
1 0.92578125 0.119140625 0.0927734375 0.0576171875
1 0.796875 0.111328125 0.0712890625 0.0517578125
1 0.7919921875 0.0224609375 0.060546875 0.044921875
1 0.7236328125 0.017578125 0.08203125 0.03515625
1 0.5078125 0.107421875 0.1005859375 0.0654296875
1 0.5205078125 0.0439453125 0.0673828125 0.0556640625
1 0.498046875 0.0087890625 0.0693359375 0.0185546875
1 0.1787109375 0.0107421875 0.05078125 0.021484375
1 0.123046875 0.01953125 0.0498046875 0.0390625
1 0.0595703125 0.013671875 0.0947265625 0.0283203125
1 0.0947265625 0.697265625 0.0595703125 0.0576171875
1 0.732421875 0.7275390625 0.033203125 0.0498046875
1 0.5390625 0.076171875 0.1201171875 0.0859375
1 0.5107421875 0.1962890625 0.0791015625 0.09375
1 0.6181640625 0.2001953125 0.05859375 0.0576171875
1 0.2197265625 0.2353515625 0.037109375 0.0380859375
1 0.802734375 0.5361328125 0.099609375 0.080078125
