1 0.1064453125 0.625 0.0517578125 0.0693359375
1 0.1533203125 0.595703125 0.0556640625 0.0546875
1 0.1943359375 0.56640625 0.0947265625 0.0673828125
1 0.2421875 0.5244140625 0.05078125 0.0595703125
1 0.30859375 0.482421875 0.0498046875 0.0478515625
1 0.166015625 0.6357421875 0.0537109375 0.0458984375
1 0.2587890625 0.646484375 0.0693359375 0.06640625
1 0.2490234375 0.7509765625 0.0595703125 0.0556640625
1 0.3837890625 0.583984375 0.076171875 0.0693359375
1 0.4375 0.62890625 0.048828125 0.0791015625
1 0.3828125 0.6484375 0.0576171875 0.06640625
1 0.3564453125 0.6875 0.0703125 0.060546875
1 0.2109375 0.8671875 0.07421875 0.09375
1 0.025390625 0.8876953125 0.0517578125 0.107421875
1 0.07421875 0.9541015625 0.060546875 0.0625
1 0.251953125 0.9755859375 0.0673828125 0.0478515625
1 0.9248046875 0.125 0.0947265625 0.0810546875
1 0.7470703125 0.25390625 0.0751953125 0.0537109375
1 0.7333984375 0.1552734375 0.09765625 0.0732421875
1 0.6064453125 0.466796875 0.0595703125 0.056640625
1 0.8466796875 0.55078125 0.0703125 0.0654296875
1 0.841796875 0.603515625 0.0546875 0.0478515625
1 0.8427734375 0.4375 0.068359375 0.0751953125
1 0.7294921875 0.6845703125 0.076171875 0.0595703125
1 0.748046875 0.7568359375 0.0595703125 0.06640625
1 0.611328125 0.662109375 0.0751953125 0.0634765625
1 0.677734375 0.6123046875 0.0654296875 0.0546875
1 0.68359375 0.55078125 0.056640625 0.07421875
1 0.6337890625 0.56640625 0.056640625 0.0625
1 0.654296875 0.9658203125 0.0791015625 0.0673828125
1 0.828125 0.91015625 0.0908203125 0.1328125
1 0.361328125 0.208984375 0.0771484375 0.0869140625
1 0.201171875 0.2255859375 0.068359375 0.1015625
1 0.2509765625 0.25 0.0634765625 0.0654296875
1 0.30859375 0.158203125 0.0849609375 0.0693359375
1 0.23046875 0.021484375 0.126953125 0.0439453125
1 0.5419921875 0.041015625 0.0625 0.08203125
1 0.04296875 0.0654296875 0.0859375 0.087890625
1 0.8916015625 0.5986328125 0.052734375 0.0576171875
1 0.5400390625 0.7724609375 0.0625 0.0732421875
1 0.6337890625 0.0224609375 0.0830078125 0.044921875
1 0.6689453125 0.4638671875 0.0595703125 0.0634765625
1 0.4833984375 0.5908203125 0.05078125 0.0693359375
1 0.373046875 0.0107421875 0.0458984375 0.0224609375
1 0.31640625 0.109375 0.041015625 0.0341796875
1 0.2705078125 0.1064453125 0.0478515625 0.0419921875
1 0.1142578125 0.0732421875 0.0498046875 0.0751953125
1 0.35546875 0.7373046875 0.052734375 0.0537109375
1 0.16796875 0.9765625 0.044921875 0.037109375
1 0.1396484375 0.9873046875 0.076171875 0.025390625
1 0.009765625 0.4775390625 0.0205078125 0.060546875
