1 0.8896484375 0.07421875 0.076171875 0.103515625
1 0.8291015625 0.125 0.072265625 0.07421875
1 0.6494140625 0.0517578125 0.12109375 0.1044921875
1 0.318359375 0.5361328125 0.072265625 0.08203125
1 0.73046875 0.9052734375 0.05859375 0.083984375
1 0.244140625 0.96484375 0.0869140625 0.0693359375
1 0.791015625 0.2705078125 0.0595703125 0.083984375
1 0.2509765625 0.7490234375 0.0771484375 0.09375
1 0.412109375 0.173828125 0.0703125 0.1171875
1 0.3203125 0.0869140625 0.0888671875 0.0908203125
1 0.9091796875 0.4111328125 0.0810546875 0.11328125
1 0.6845703125 0.4931640625 0.0810546875 0.0654296875
1 0.83984375 0.45703125 0.0810546875 0.080078125
1 0.455078125 0.548828125 0.119140625 0.0537109375
1 0.4794921875 0.177734375 0.0732421875 0.0693359375
1 0.3564453125 0.7880859375 0.0751953125 0.099609375
1 0.1884765625 0.8779296875 0.09765625 0.0546875
1 0.0908203125 0.126953125 0.0751953125 0.0751953125
1 0.62109375 0.39453125 0.072265625 0.0869140625
1 0.58984375 0.564453125 0.0751953125 0.076171875
1 0.0498046875 0.0556640625 0.0615234375 0.1025390625
1 0.6630859375 0.1123046875 0.0849609375 0.076171875
1 0.244140625 0.541015625 0.1416015625 0.0654296875
1 0.533203125 0.1259765625 0.0888671875 0.0849609375
1 0.5517578125 0.107421875 0.078125 0.0693359375
1 0.736328125 0.568359375 0.0673828125 0.0595703125
1 0.384765625 0.427734375 0.1015625 0.0458984375
1 0.6640625 0.3671875 0.0654296875 0.072265625
1 0.2265625 0.1787109375 0.0791015625 0.0625
1 0.4404296875 0.7451171875 0.1201171875 0.0546875
1 0.3681640625 0.869140625 0.1435546875 0.0791015625
1 0.5322265625 0.369140625 0.0966796875 0.076171875
1 0.564453125 0.46875 0.10546875 0.08203125
1 0.7294921875 0.8232421875 0.0908203125 0.0771484375
1 0.03125 0.255859375 0.0625 0.09765625
1 0.685546875 0.572265625 0.0625 0.0556640625
1 0.4970703125 0.0146484375 0.06640625 0.0302734375
1 0.3583984375 0.927734375 0.0751953125 0.05078125
1 0.4853515625 0.12109375 0.0703125 0.0712890625
1 0.4970703125 0.45703125 0.0966796875 0.064453125
1 0.779296875 0.8076171875 0.064453125 0.0576171875
1 0.3408203125 0.26953125 0.08984375 0.052734375
1 0.794921875 0.6689453125 0.048828125 0.0654296875
1 0.6298828125 0.5654296875 0.072265625 0.0654296875
1 0.7705078125 0.4755859375 0.0869140625 0.072265625
1 0.70703125 0.2060546875 0.095703125 0.06640625
1 0.546875 0.42578125 0.0908203125 0.0693359375
1 0.1103515625 0.193359375 0.12109375 0.0625
1 0.6416015625 0.9169921875 0.0673828125 0.0419921875
1 0.9677734375 0.3623046875 0.0634765625 0.0966796875
1 0.720703125 0.017578125 0.0517578125 0.03515625
1 0.8525390625 0.5048828125 0.0634765625 0.04296875
1 0.986328125 0.6181640625 0.02734375 0.02734375
1 0.9658203125 0.04296875 0.068359375 0.048828125
1 0.4169921875 0.6337890625 0.072265625 0.046875
1 0.0439453125 0.1806640625 0.083984375 0.123046875
1 0.96484375 0.4501953125 0.0693359375 0.0810546875
1 0.5078125 0.9208984375 0.09765625 0.0712890625
1 0.708984375 0.4716796875 0.0634765625 0.056640625
1 0.7470703125 0.419921875 0.099609375 0.11328125
1 0.42578125 0.85546875 0.0673828125 0.0888671875
1 0.2373046875 0.875 0.0732421875 0.048828125
1 0.494140625 0.63671875 0.109375 0.033203125
1 0.5283203125 0.5224609375 0.068359375 0.0673828125
1 0.4033203125 0.990234375 0.0654296875 0.01953125
1 0.572265625 0.9326171875 0.056640625 0.0537109375
1 0.8779296875 0.39453125 0.0546875 0.0810546875
1 0.4453125 0.7890625 0.0869140625 0.09375
1 0.9755859375 0.8056640625 0.0478515625 0.0439453125
1 0.044921875 0.140625 0.0908203125 0.10546875
1 0.2265625 0.1572265625 0.0693359375 0.0439453125
1 0.1162109375 0.984375 0.0615234375 0.03125
1 0.9736328125 0.5556640625 0.052734375 0.044921875
1 0.4130859375 0.8154296875 0.0927734375 0.06640625
1 0.0166015625 0.541015625 0.0341796875 0.0498046875
1 0.12890625 0.873046875 0.0830078125 0.0615234375
1 0.0185546875 0.8935546875 0.0380859375 0.048828125
1 0.068359375 0.28125 0.068359375 0.078125
1 0.7724609375 0.5009765625 0.091796875 0.1015625
1 0.4189453125 0.41796875 0.0556640625 0.0478515625
1 0.6142578125 0.8662109375 0.0771484375 0.037109375
1 0.240234375 0.140625 0.056640625 0.0537109375
1 0.3173828125 0.9326171875 0.0556640625 0.0361328125
1 0.6328125 0.8310546875 0.087890625 0.0322265625
1 0.9619140625 0.54296875 0.0751953125 0.0703125
1 0.81640625 0.2119140625 0.0888671875 0.0380859375
1 0.9453125 0.5205078125 0.0576171875 0.046875
1 0.9873046875 0.9130859375 0.025390625 0.021484375
1 0.7041015625 0.4296875 0.060546875 0.0556640625
