1 0.0751953125 0.0322265625 0.0869140625 0.0654296875
1 0.2744140625 0.0224609375 0.078125 0.044921875
1 0.6494140625 0.0224609375 0.0830078125 0.044921875
1 0.6875 0.1396484375 0.0771484375 0.07421875
1 0.43359375 0.3037109375 0.08984375 0.0859375
1 0.3359375 0.3388671875 0.0703125 0.087890625
1 0.5654296875 0.33203125 0.072265625 0.0615234375
1 0.33203125 0.587890625 0.056640625 0.0693359375
1 0.4013671875 0.568359375 0.0546875 0.056640625
1 0.5673828125 0.5146484375 0.0859375 0.0791015625
1 0.64453125 0.505859375 0.0703125 0.06640625
1 0.7177734375 0.3798828125 0.0546875 0.0615234375
1 0.7880859375 0.40234375 0.0595703125 0.052734375
1 0.8408203125 0.412109375 0.0703125 0.05859375
1 0.9140625 0.427734375 0.068359375 0.0595703125
1 0.7568359375 0.5361328125 0.0732421875 0.06640625
1 0.8427734375 0.55078125 0.08203125 0.07421875
1 0.7685546875 0.6337890625 0.0712890625 0.0693359375
1 0.95703125 0.328125 0.0849609375 0.1171875
1 0.8251953125 0.77734375 0.1005859375 0.123046875
1 0.48046875 0.904296875 0.072265625 0.099609375
1 0.5498046875 0.9306640625 0.1005859375 0.0634765625
1 0.548828125 0.98046875 0.0732421875 0.0390625
1 0.1953125 0.8203125 0.0634765625 0.0546875
1 0.279296875 0.8837890625 0.0859375 0.0654296875
1 0.330078125 0.9365234375 0.0615234375 0.0595703125
1 0.1865234375 0.974609375 0.0693359375 0.05078125
1 0.015625 0.57421875 0.0322265625 0.0615234375
1 0.15234375 0.60546875 0.0703125 0.064453125
1 0.0830078125 0.5810546875 0.1044921875 0.0849609375
1 0.072265625 0.525390625 0.0908203125 0.0595703125
1 0.0673828125 0.466796875 0.1123046875 0.0693359375
1 0.0654296875 0.42578125 0.052734375 0.056640625
1 0.1162109375 0.423828125 0.0615234375 0.05859375
1 0.072265625 0.3115234375 0.083984375 0.076171875
1 0.2626953125 0.1162109375 0.0595703125 0.0546875
1 0.390625 0.9580078125 0.0703125 0.0751953125
1 0.4775390625 0.0166015625 0.201171875 0.0341796875
