1 0.0849609375 0.0771484375 0.08203125 0.0869140625
1 0.22265625 0.1875 0.078125 0.0791015625
1 0.2900390625 0.2041015625 0.0634765625 0.0615234375
1 0.4296875 0.16796875 0.068359375 0.064453125
1 0.42578125 0.0732421875 0.0615234375 0.0634765625
1 0.4833984375 0.0791015625 0.0703125 0.0576171875
1 0.6884765625 0.14453125 0.0791015625 0.0712890625
1 0.048828125 0.52734375 0.0771484375 0.0712890625
1 0.2060546875 0.51953125 0.0654296875 0.0556640625
1 0.123046875 0.5771484375 0.0693359375 0.08203125
1 0.1982421875 0.595703125 0.107421875 0.07421875
1 0.1123046875 0.6435546875 0.0849609375 0.0693359375
1 0.12890625 0.7236328125 0.080078125 0.06640625
1 0.4365234375 0.6396484375 0.0712890625 0.0595703125
1 0.47265625 0.697265625 0.1025390625 0.06640625
1 0.4443359375 0.78125 0.068359375 0.0693359375
1 0.56640625 0.4931640625 0.08984375 0.08984375
1 0.595703125 0.4287109375 0.0751953125 0.123046875
1 0.662109375 0.4384765625 0.0751953125 0.0810546875
1 0.69921875 0.6103515625 0.095703125 0.07421875
1 0.896484375 0.947265625 0.0625 0.076171875
1 0.5458984375 0.982421875 0.0927734375 0.0341796875
1 0.8173828125 0.5498046875 0.0673828125 0.0625
1 0.8916015625 0.5146484375 0.087890625 0.05859375
1 0.95703125 0.5625 0.083984375 0.072265625
1 0.8935546875 0.4140625 0.0859375 0.0859375
1 0.7998046875 0.16796875 0.0595703125 0.0576171875
1 0.857421875 0.0595703125 0.0546875 0.064453125
1 0.9345703125 0.0859375 0.06640625 0.068359375
1 0.8955078125 0.125 0.068359375 0.0625
1 0.1943359375 0.0166015625 0.0888671875 0.0341796875
1 0.6279296875 0.0146484375 0.052734375 0.029296875
