1 0.0283203125 0.6669921875 0.0576171875 0.091796875
1 0.07421875 0.81640625 0.060546875 0.0546875
1 0.142578125 0.826171875 0.07421875 0.0654296875
1 0.126953125 0.884765625 0.0556640625 0.0546875
1 0.0556640625 0.88671875 0.0595703125 0.056640625
1 0.234375 0.8349609375 0.1103515625 0.0732421875
1 0.3623046875 0.677734375 0.0771484375 0.08203125
1 0.4912109375 0.8388671875 0.080078125 0.0712890625
1 0.0302734375 0.326171875 0.060546875 0.0771484375
1 0.044921875 0.251953125 0.0849609375 0.072265625
1 0.193359375 0.353515625 0.0703125 0.068359375
1 0.1318359375 0.2880859375 0.0654296875 0.12109375
1 0.201171875 0.265625 0.0751953125 0.0732421875
1 0.255859375 0.2197265625 0.0732421875 0.103515625
1 0.3095703125 0.2333984375 0.0712890625 0.076171875
1 0.3798828125 0.2373046875 0.080078125 0.0830078125
1 0.3056640625 0.142578125 0.064453125 0.0966796875
1 0.296875 0.091796875 0.06640625 0.0654296875
1 0.173828125 0.4599609375 0.076171875 0.0732421875
1 0.34375 0.4619140625 0.080078125 0.0712890625
1 0.55078125 0.3369140625 0.078125 0.064453125
1 0.8203125 0.8544921875 0.0732421875 0.0927734375
1 0.791015625 0.9462890625 0.064453125 0.0712890625
1 0.6611328125 0.890625 0.0859375 0.0537109375
1 0.66015625 0.9580078125 0.0712890625 0.05859375
1 0.7412109375 0.794921875 0.0732421875 0.0546875
1 0.91796875 0.79296875 0.0615234375 0.064453125
1 0.64453125 0.5654296875 0.0908203125 0.0751953125
1 0.736328125 0.4677734375 0.0859375 0.0732421875
1 0.876953125 0.4052734375 0.103515625 0.0693359375
1 0.9755859375 0.3818359375 0.0478515625 0.07421875
1 0.9306640625 0.35546875 0.08203125 0.0654296875
1 0.9541015625 0.4609375 0.06640625 0.0732421875
1 0.978515625 0.2578125 0.0419921875 0.0712890625
1 0.7646484375 0.2890625 0.0751953125 0.0966796875
1 0.8408203125 0.263671875 0.0703125 0.0810546875
1 0.837890625 0.1455078125 0.076171875 0.0869140625
1 0.66796875 0.20703125 0.060546875 0.095703125
1 0.7548828125 0.2021484375 0.0869140625 0.0625
1 0.9306640625 0.03125 0.09765625 0.056640625
1 0.7763671875 0.1630859375 0.04296875 0.06640625
1 0.142578125 0.2158203125 0.0888671875 0.080078125
1 0.8671875 0.8984375 0.0732421875 0.078125
1 0.7412109375 0.8544921875 0.07421875 0.078125
1 0.07421875 0.318359375 0.0615234375 0.076171875
1 0.7275390625 0.5283203125 0.0732421875 0.06640625
1 0.6376953125 0.181640625 0.0595703125 0.0625
1 0.7939453125 0.017578125 0.0888671875 0.0361328125
1 0.869140625 0.015625 0.0576171875 0.0322265625
