1 0.259765625 0.869140625 0.16015625 0.0849609375
1 0.03125 0.8271484375 0.0625 0.099609375
1 0.560546875 0.677734375 0.1025390625 0.0478515625
1 0.1845703125 0.73828125 0.095703125 0.107421875
1 0.783203125 0.5439453125 0.1474609375 0.0556640625
1 0.6201171875 0.8125 0.0927734375 0.0673828125
1 0.6728515625 0.92578125 0.1181640625 0.0625
1 0.11328125 0.869140625 0.08203125 0.0654296875
1 0.1142578125 0.41796875 0.125 0.072265625
1 0.306640625 0.2353515625 0.1357421875 0.0732421875
1 0.8408203125 0.841796875 0.171875 0.080078125
1 0.3447265625 0.6416015625 0.185546875 0.0751953125
1 0.8994140625 0.2353515625 0.2001953125 0.0673828125
1 0.30078125 0.42578125 0.091796875 0.052734375
1 0.64453125 0.7392578125 0.0703125 0.0595703125
1 0.6591796875 0.50390625 0.080078125 0.0693359375
1 0.720703125 0.234375 0.0625 0.099609375
1 0.7626953125 0.4541015625 0.0771484375 0.0498046875
1 0.322265625 0.35546875 0.224609375 0.0576171875
1 0.9140625 0.623046875 0.1708984375 0.072265625
1 0.64453125 0.1328125 0.0546875 0.0576171875
1 0.3720703125 0.322265625 0.119140625 0.0546875
1 0.2734375 0.2958984375 0.1328125 0.046875
1 0.87109375 0.2021484375 0.1171875 0.044921875
1 0.6669921875 0.359375 0.08984375 0.060546875
1 0.0595703125 0.9580078125 0.119140625 0.0830078125
1 0.9248046875 0.357421875 0.150390625 0.0673828125
1 0.07421875 0.556640625 0.0595703125 0.1494140625
1 0.7392578125 0.3837890625 0.1552734375 0.0751953125
1 0.2666015625 0.10546875 0.0908203125 0.1669921875
1 0.203125 0.8232421875 0.0673828125 0.056640625
1 0.9130859375 0.68359375 0.16796875 0.09765625
1 0.2001953125 0.1103515625 0.1318359375 0.1572265625
1 0.37109375 0.1533203125 0.15234375 0.0625
1 0.107421875 0.6708984375 0.1025390625 0.09765625
1 0.3017578125 0.5458984375 0.1845703125 0.126953125
1 0.0302734375 0.6787109375 0.0517578125 0.0498046875
1 0.0244140625 0.599609375 0.0498046875 0.080078125
1 0.3291015625 0.119140625 0.1748046875 0.0556640625
1 0.935546875 0.1064453125 0.1279296875 0.1044921875
1 0.474609375 0.033203125 0.115234375 0.0625
1 0.3740234375 0.0341796875 0.1005859375 0.0654296875
1 0.095703125 0.7080078125 0.0625 0.0478515625
1 0.0751953125 0.587890625 0.0771484375 0.1025390625
1 0.1376953125 0.6337890625 0.1826171875 0.0400390625
1 0.962890625 0.044921875 0.07421875 0.0830078125
1 0.833984375 0.34765625 0.0751953125 0.0419921875
1 0.203125 0.7890625 0.08203125 0.0341796875
1 0.29296875 0.6162109375 0.0830078125 0.0400390625
1 0.189453125 0.0380859375 0.064453125 0.072265625
1 0.935546875 0.35546875 0.1220703125 0.1669921875
1 0.8994140625 0.580078125 0.0849609375 0.0419921875
1 0.982421875 0.5126953125 0.03515625 0.0673828125
1 0.9619140625 0.71484375 0.0751953125 0.044921875
1 0.9658203125 0.8037109375 0.068359375 0.0302734375
1 0.96484375 0.7822265625 0.0703125 0.03515625
1 0.908203125 0.916015625 0.1826171875 0.1171875
1 0.9033203125 0.1171875 0.193359375 0.10546875
1 0.984375 0.3046875 0.0302734375 0.044921875
