1 0.822265625 0.4384765625 0.1181640625 0.1806640625
1 0.5732421875 0.4521484375 0.1455078125 0.154296875
1 0.2822265625 0.17578125 0.3349609375 0.3388671875
1 0.7216796875 0.1923828125 0.1376953125 0.0966796875
1 0.4921875 0.3232421875 0.1435546875 0.0966796875
1 0.0791015625 0.171875 0.1591796875 0.095703125
1 0.228515625 0.2685546875 0.2021484375 0.111328125
1 0.5126953125 0.1142578125 0.140625 0.2294921875
1 0.3310546875 0.90234375 0.072265625 0.09375
1 0.4130859375 0.8896484375 0.1220703125 0.220703125
1 0.869140625 0.03125 0.0908203125 0.0634765625
1 0.6396484375 0.8623046875 0.1103515625 0.2451171875
1 0.712890625 0.30078125 0.1435546875 0.0888671875
1 0.04296875 0.0439453125 0.0859375 0.087890625
1 0.51171875 0.931640625 0.1123046875 0.0849609375
