1 0.6689453125 0.30078125 0.1396484375 0.1357421875
1 0.9375 0.1513671875 0.1083984375 0.126953125
1 0.9375 0.63671875 0.125 0.1015625
1 0.818359375 0.8232421875 0.2080078125 0.083984375
1 0.63671875 0.8076171875 0.10546875 0.1533203125
1 0.5556640625 0.69140625 0.123046875 0.1376953125
1 0.1611328125 0.802734375 0.1982421875 0.1181640625
1 0.9501953125 0.7744140625 0.099609375 0.072265625
1 0.7529296875 0.5986328125 0.1318359375 0.0771484375
1 0.685546875 0.4521484375 0.125 0.0751953125
1 0.955078125 0.3740234375 0.0888671875 0.1572265625
1 0.2421875 0.22265625 0.14453125 0.087890625
1 0.0927734375 0.37109375 0.1015625 0.1171875
1 0.328125 0.173828125 0.1171875 0.0830078125
1 0.4326171875 0.2998046875 0.0732421875 0.0869140625
1 0.447265625 0.287109375 0.0712890625 0.072265625
1 0.24609375 0.388671875 0.1044921875 0.080078125
1 0.2783203125 0.693359375 0.060546875 0.0732421875
1 0.1943359375 0.6435546875 0.1015625 0.072265625
1 0.0458984375 0.2216796875 0.091796875 0.08203125
1 0.357421875 0.5078125 0.080078125 0.0849609375
1 0.28125 0.5576171875 0.083984375 0.0849609375
1 0.021484375 0.431640625 0.04296875 0.0458984375
1 0.1376953125 0.5224609375 0.1455078125 0.1103515625
1 0.0947265625 0.5048828125 0.1455078125 0.095703125
1 0.845703125 0.107421875 0.1611328125 0.1396484375
1 0.9423828125 0.021484375 0.09765625 0.0439453125
1 0.8212890625 0.4873046875 0.1005859375 0.068359375
1 0.8154296875 0.396484375 0.0830078125 0.0595703125
1 0.86328125 0.3359375 0.0712890625 0.0732421875
1 0.80859375 0.3310546875 0.05859375 0.064453125
1 0.5771484375 0.494140625 0.0888671875 0.091796875
1 0.76953125 0.71875 0.0927734375 0.0810546875
1 0.990234375 0.76953125 0.01953125 0.0546875
1 0.9248046875 0.86328125 0.091796875 0.046875
1 0.90234375 0.9150390625 0.134765625 0.0673828125
1 0.982421875 0.951171875 0.0341796875 0.08984375
1 0.6123046875 0.9775390625 0.09765625 0.0439453125
1 0.51953125 0.984375 0.0771484375 0.03125
1 0.47265625 0.77734375 0.0908203125 0.1162109375
1 0.3662109375 0.7099609375 0.1005859375 0.0966796875
1 0.517578125 0.8720703125 0.099609375 0.1025390625
1 0.439453125 0.8740234375 0.0703125 0.123046875
1 0.67578125 0.0126953125 0.0625 0.025390625
1 0.857421875 0.4345703125 0.0810546875 0.064453125
