1 0.6015625 0.6083984375 0.0859375 0.1552734375
1 0.662109375 0.6904296875 0.0537109375 0.05859375
1 0.7939453125 0.6845703125 0.087890625 0.0693359375
1 0.8115234375 0.75390625 0.0751953125 0.080078125
1 0.8115234375 0.830078125 0.1064453125 0.0732421875
1 0.9619140625 0.9423828125 0.076171875 0.0927734375
1 0.8134765625 0.2119140625 0.0859375 0.0947265625
1 0.9453125 0.15234375 0.109375 0.0751953125
1 0.9033203125 0.033203125 0.0869140625 0.06640625
1 0.9833984375 0.03515625 0.0302734375 0.0625
1 0.671875 0.2197265625 0.0849609375 0.099609375
1 0.5537109375 0.2900390625 0.0791015625 0.0986328125
1 0.42578125 0.142578125 0.06640625 0.1171875
1 0.1123046875 0.9375 0.0908203125 0.0673828125
1 0.236328125 0.1142578125 0.0947265625 0.0751953125
1 0.1513671875 0.1123046875 0.0693359375 0.0732421875
1 0.0703125 0.107421875 0.0771484375 0.11328125
1 0.14453125 0.265625 0.1181640625 0.0517578125
1 0.04296875 0.3037109375 0.0751953125 0.0849609375
1 0.232421875 0.400390625 0.072265625 0.07421875
1 0.2158203125 0.337890625 0.083984375 0.0517578125
1 0.0673828125 0.716796875 0.0732421875 0.078125
1 0.3115234375 0.859375 0.0029296875 0.001953125
1 0.255859375 0.7861328125 0.0771484375 0.0859375
1 0.431640625 0.73828125 0.1123046875 0.08203125
1 0.2109375 0.880859375 0.072265625 0.064453125
1 0.2099609375 0.931640625 0.0654296875 0.0498046875
1 0.0537109375 0.943359375 0.0673828125 0.09765625
1 0.71484375 0.9140625 0.0791015625 0.091796875
1 0.876953125 0.9404296875 0.0751953125 0.0966796875
1 0.4443359375 0.275390625 0.0810546875 0.0732421875
1 0.5615234375 0.458984375 0.056640625 0.0517578125
1 0.634765625 0.703125 0.04296875 0.0439453125
1 0.5693359375 0.5791015625 0.037109375 0.0791015625
1 0.5615234375 0.134765625 0.0712890625 0.0712890625
