1 0.70703125 0.087890625 0.125 0.0771484375
1 0.4189453125 0.4296875 0.10546875 0.09765625
1 0.5263671875 0.71484375 0.0751953125 0.0703125
1 0.6044921875 0.33203125 0.08984375 0.0703125
1 0.755859375 0.65625 0.087890625 0.0751953125
1 0.259765625 0.580078125 0.150390625 0.1025390625
1 0.7421875 0.564453125 0.10546875 0.07421875
1 0.2236328125 0.85546875 0.060546875 0.0673828125
1 0.57421875 0.501953125 0.1015625 0.0732421875
1 0.068359375 0.2109375 0.078125 0.09765625
1 0.3720703125 0.9423828125 0.080078125 0.08984375
1 0.814453125 0.86328125 0.109375 0.158203125
1 0.802734375 0.443359375 0.0732421875 0.072265625
1 0.2607421875 0.1689453125 0.0771484375 0.0849609375
1 0.5263671875 0.06640625 0.1103515625 0.1298828125
1 0.45703125 0.958984375 0.0673828125 0.0703125
1 0.962890625 0.373046875 0.0732421875 0.08203125
1 0.9326171875 0.083984375 0.1279296875 0.1689453125
1 0.0908203125 0.8095703125 0.11328125 0.080078125
1 0.943359375 0.20703125 0.087890625 0.109375
1 0.255859375 0.0869140625 0.091796875 0.060546875
1 0.552734375 0.439453125 0.0771484375 0.0546875
1 0.828125 0.3759765625 0.15234375 0.08203125
1 0.208984375 0.216796875 0.0625 0.0615234375
1 0.3583984375 0.2197265625 0.0703125 0.080078125
1 0.974609375 0.1552734375 0.05078125 0.1376953125
1 0.1806640625 0.96484375 0.0576171875 0.0546875
1 0.640625 0.7333984375 0.0927734375 0.078125
1 0.1435546875 0.8544921875 0.087890625 0.060546875
1 0.904296875 0.7421875 0.08984375 0.16015625
1 0.392578125 0.712890625 0.0830078125 0.1123046875
1 0.626953125 0.78515625 0.0703125 0.0576171875
1 0.6142578125 0.556640625 0.0654296875 0.0556640625
1 0.447265625 0.759765625 0.150390625 0.080078125
1 0.5458984375 0.146484375 0.0625 0.0751953125
1 0.421875 0.283203125 0.078125 0.1640625
1 0.912109375 0.337890625 0.0703125 0.0830078125
1 0.939453125 0.845703125 0.1201171875 0.078125
1 0.232421875 0.0302734375 0.080078125 0.0576171875
1 0.9697265625 0.681640625 0.0546875 0.0693359375
1 0.21484375 0.52734375 0.0703125 0.0703125
1 0.3603515625 0.0322265625 0.1162109375 0.0634765625
1 0.0380859375 0.9658203125 0.072265625 0.068359375
1 0.0380859375 0.0390625 0.0751953125 0.0791015625
1 0.029296875 0.681640625 0.0546875 0.0556640625
1 0.91796875 0.85546875 0.0771484375 0.0673828125
1 0.0390625 0.404296875 0.0751953125 0.080078125
1 0.48046875 0.2001953125 0.07421875 0.0849609375
1 0.8740234375 0.4365234375 0.0751953125 0.0556640625
1 0.017578125 0.806640625 0.0361328125 0.0771484375
1 0.021484375 0.1455078125 0.0400390625 0.0673828125
1 0.388671875 0.361328125 0.0546875 0.0498046875
1 0.4423828125 0.4453125 0.0419921875 0.03515625
1 0.685546875 0.7646484375 0.0771484375 0.080078125
1 0.9208984375 0.693359375 0.0625 0.08203125
