1 0.9384765625 0.341796875 0.123046875 0.0849609375
1 0.5693359375 0.310546875 0.0947265625 0.087890625
1 0.5224609375 0.05078125 0.1025390625 0.1015625
1 0.599609375 0.5078125 0.099609375 0.0732421875
1 0.814453125 0.1845703125 0.115234375 0.0703125
1 0.3984375 0.7548828125 0.08203125 0.080078125
1 0.6767578125 0.3837890625 0.115234375 0.0654296875
1 0.951171875 0.2021484375 0.09765625 0.0703125
1 0.810546875 0.947265625 0.1376953125 0.080078125
1 0.6064453125 0.73046875 0.1201171875 0.072265625
1 0.9423828125 0.6708984375 0.115234375 0.078125
1 0.7431640625 0.7900390625 0.1474609375 0.0771484375
1 0.498046875 0.5126953125 0.08203125 0.0732421875
1 0.5380859375 0.919921875 0.10546875 0.078125
1 0.76171875 0.4521484375 0.125 0.060546875
1 0.814453125 0.28125 0.134765625 0.0498046875
1 0.7041015625 0.0166015625 0.1298828125 0.0341796875
1 0.4482421875 0.61328125 0.1171875 0.068359375
1 0.7001953125 0.9658203125 0.1025390625 0.068359375
1 0.5693359375 0.65234375 0.099609375 0.080078125
1 0.83984375 0.033203125 0.16015625 0.0673828125
1 0.466796875 0.19921875 0.0595703125 0.080078125
1 0.384765625 0.65625 0.056640625 0.0546875
1 0.712890625 0.5517578125 0.1220703125 0.080078125
1 0.736328125 0.6572265625 0.1396484375 0.080078125
1 0.85546875 0.6845703125 0.1376953125 0.080078125
1 0.884765625 0.6015625 0.115234375 0.0595703125
1 0.3505859375 0.1396484375 0.087890625 0.080078125
1 0.876953125 0.7265625 0.1298828125 0.0654296875
1 0.78125 0.0283203125 0.1240234375 0.056640625
1 0.55078125 0.1796875 0.087890625 0.080078125
1 0.775390625 0.240234375 0.0771484375 0.0478515625
1 0.8095703125 0.552734375 0.130859375 0.0732421875
1 0.779296875 0.494140625 0.150390625 0.0595703125
1 0.8173828125 0.796875 0.125 0.0751953125
1 0.4990234375 0.681640625 0.0751953125 0.0654296875
1 0.34375 0.9765625 0.1728515625 0.046875
1 0.4716796875 0.982421875 0.0751953125 0.03515625
1 0.5771484375 0.96875 0.1044921875 0.0595703125
