1 0.0771484375 0.0283203125 0.068359375 0.0576171875
1 0.142578125 0.01953125 0.060546875 0.0390625
1 0.5732421875 0.0263671875 0.0537109375 0.0537109375
1 0.60546875 0.0791015625 0.0712890625 0.0654296875
1 0.6650390625 0.0849609375 0.064453125 0.05859375
1 0.81640625 0.0771484375 0.056640625 0.0546875
1 0.0283203125 0.3818359375 0.0517578125 0.07421875
1 0.1904296875 0.32421875 0.064453125 0.0751953125
1 0.2763671875 0.333984375 0.0751953125 0.0888671875
1 0.4443359375 0.3212890625 0.06640625 0.0625
1 0.3662109375 0.384765625 0.05859375 0.0693359375
1 0.1064453125 0.5029296875 0.0625 0.0625
1 0.1220703125 0.5625 0.080078125 0.08203125
1 0.029296875 0.587890625 0.05859375 0.0830078125
1 0.306640625 0.5009765625 0.0654296875 0.0791015625
1 0.400390625 0.4833984375 0.0625 0.08203125
1 0.3623046875 0.5185546875 0.0869140625 0.1162109375
1 0.47265625 0.51953125 0.0576171875 0.06640625
1 0.642578125 0.4462890625 0.05078125 0.060546875
1 0.5576171875 0.453125 0.0625 0.05078125
1 0.7216796875 0.41015625 0.0810546875 0.0712890625
1 0.7197265625 0.5419921875 0.0947265625 0.0693359375
1 0.7119140625 0.640625 0.083984375 0.056640625
1 0.87109375 0.3759765625 0.125 0.109375
1 0.8779296875 0.509765625 0.0859375 0.1064453125
1 0.8623046875 0.58984375 0.06640625 0.0595703125
1 0.9384765625 0.5986328125 0.0595703125 0.0703125
1 0.94921875 0.755859375 0.1005859375 0.0771484375
1 0.5390625 0.82421875 0.0771484375 0.0751953125
1 0.6455078125 0.8505859375 0.138671875 0.0810546875
1 0.767578125 0.83984375 0.0810546875 0.0751953125
1 0.33203125 0.806640625 0.06640625 0.0751953125
1 0.271484375 0.83984375 0.0849609375 0.0615234375
1 0.16015625 0.8037109375 0.076171875 0.0625
1 0.0283203125 0.943359375 0.0517578125 0.0654296875
1 0.435546875 0.9765625 0.072265625 0.0458984375
1 0.6484375 0.9765625 0.1103515625 0.0458984375
1 0.83984375 0.9423828125 0.064453125 0.0556640625
1 0.4599609375 0.0556640625 0.0498046875 0.0361328125
1 0.8642578125 0.990234375 0.0380859375 0.01953125
