1 0.9521484375 0.47265625 0.08984375 0.0771484375
1 0.435546875 0.5185546875 0.0771484375 0.087890625
1 0.6318359375 0.146484375 0.08984375 0.0751953125
1 0.4912109375 0.1572265625 0.0751953125 0.0703125
1 0.69921875 0.9453125 0.08203125 0.1064453125
1 0.05078125 0.060546875 0.072265625 0.0771484375
1 0.30078125 0.14453125 0.08203125 0.080078125
1 0.76953125 0.87109375 0.0859375 0.09765625
1 0.4775390625 0.318359375 0.1123046875 0.091796875
1 0.8994140625 0.4013671875 0.08984375 0.0751953125
1 0.7080078125 0.2158203125 0.087890625 0.0625
1 0.7607421875 0.1533203125 0.087890625 0.068359375
1 0.623046875 0.51171875 0.09765625 0.080078125
1 0.9599609375 0.146484375 0.080078125 0.0751953125
1 0.8740234375 0.931640625 0.0849609375 0.080078125
1 0.5615234375 0.9111328125 0.0791015625 0.0849609375
1 0.2978515625 0.4560546875 0.0673828125 0.1328125
1 0.1552734375 0.19140625 0.1279296875 0.0947265625
1 0.318359375 0.7626953125 0.072265625 0.1123046875
1 0.9560546875 0.8203125 0.087890625 0.0771484375
1 0.5693359375 0.068359375 0.0751953125 0.072265625
1 0.2490234375 0.32421875 0.0693359375 0.0751953125
1 0.681640625 0.337890625 0.080078125 0.0830078125
1 0.71484375 0.755859375 0.08984375 0.091796875
1 0.7353515625 0.630859375 0.0673828125 0.107421875
1 0.1884765625 0.025390625 0.072265625 0.0517578125
1 0.744140625 0.0390625 0.08984375 0.0693359375
1 0.6171875 0.755859375 0.0712890625 0.0830078125
1 0.9609375 0.2373046875 0.078125 0.0703125
1 0.390625 0.0185546875 0.076171875 0.0380859375
1 0.5439453125 0.67578125 0.0751953125 0.09765625
1 0.0576171875 0.576171875 0.0869140625 0.0849609375
1 0.8056640625 0.0009765625 0.158203125 0.001953125
1 0.8212890625 0.64453125 0.0849609375 0.07421875
1 0.177734375 0.4287109375 0.0732421875 0.0751953125
1 0.3798828125 0.1201171875 0.0673828125 0.0576171875
1 0.3740234375 0.4541015625 0.0751953125 0.0849609375
1 0.853515625 0.01953125 0.072265625 0.0390625
1 0.7880859375 0.3388671875 0.123046875 0.0751953125
1 0.2568359375 0.783203125 0.060546875 0.11328125
1 0.591796875 0.265625 0.080078125 0.078125
1 0.8955078125 0.771484375 0.09765625 0.0908203125
1 0.751953125 0.37890625 0.080078125 0.0693359375
1 0.0458984375 0.259765625 0.087890625 0.08984375
1 0.0341796875 0.4375 0.0654296875 0.0927734375
1 0.595703125 0.8017578125 0.0517578125 0.0693359375
1 0.6630859375 0.6044921875 0.0556640625 0.08203125
