1 0.83984375 0.509765625 0.08984375 0.115234375
1 0.6669921875 0.923828125 0.07421875 0.0654296875
1 0.0478515625 0.697265625 0.06640625 0.0654296875
1 0.8388671875 0.8720703125 0.08203125 0.0703125
1 0.7880859375 0.9580078125 0.08203125 0.072265625
1 0.9072265625 0.7587890625 0.0830078125 0.1015625
1 0.5849609375 0.8828125 0.0732421875 0.0615234375
1 0.9345703125 0.3974609375 0.068359375 0.1474609375
1 0.8671875 0.4072265625 0.0517578125 0.0732421875
1 0.8232421875 0.7666015625 0.0712890625 0.07421875
1 0.91015625 0.6708984375 0.1123046875 0.076171875
1 0.7919921875 0.63671875 0.0751953125 0.080078125
1 0.8046875 0.435546875 0.060546875 0.0927734375
1 0.728515625 0.8798828125 0.09765625 0.080078125
1 0.763671875 0.5078125 0.0693359375 0.080078125
1 0.904296875 0.8203125 0.1318359375 0.0537109375
