1 0.6005859375 0.5439453125 0.1328125 0.1396484375
1 0.828125 0.8447265625 0.1025390625 0.123046875
1 0.57421875 0.3720703125 0.080078125 0.169921875
1 0.9326171875 0.3203125 0.099609375 0.109375
1 0.521484375 0.140625 0.1044921875 0.203125
1 0.271484375 0.884765625 0.1650390625 0.125
1 0.0693359375 0.54296875 0.134765625 0.072265625
1 0.486328125 0.3974609375 0.1376953125 0.1298828125
1 0.275390625 0.681640625 0.142578125 0.0849609375
1 0.7158203125 0.8671875 0.068359375 0.099609375
1 0.3076171875 0.48046875 0.1630859375 0.107421875
1 0.6669921875 0.9208984375 0.07421875 0.158203125
1 0.8447265625 0.2060546875 0.205078125 0.1025390625
1 0.9560546875 0.142578125 0.087890625 0.146484375
1 0.068359375 0.39453125 0.1328125 0.07421875
1 0.8486328125 0.6064453125 0.15234375 0.0595703125
1 0.5732421875 0.8095703125 0.072265625 0.330078125
1 0.4638671875 0.255859375 0.1494140625 0.09765625
1 0.14453125 0.8447265625 0.080078125 0.310546875
1 0.951171875 0.04296875 0.09765625 0.0830078125
1 0.8388671875 0.689453125 0.0947265625 0.150390625
1 0.5068359375 0.921875 0.0654296875 0.125
1 0.12890625 0.06640625 0.1943359375 0.1201171875
1 0.8828125 0.0703125 0.0771484375 0.0869140625
1 0.330078125 0.5810546875 0.1279296875 0.1171875
1 0.06640625 0.1904296875 0.1298828125 0.0927734375
1 0.37109375 0.3203125 0.072265625 0.1767578125
1 0.2978515625 0.08203125 0.0673828125 0.16015625
1 0.755859375 0.619140625 0.072265625 0.0595703125
1 0.140625 0.107421875 0.27734375 0.08984375
1 0.625 0.806640625 0.2021484375 0.1201171875
1 0.169921875 0.0146484375 0.1552734375 0.0302734375
1 0.8369140625 0.2314453125 0.0927734375 0.2001953125
1 0.6904296875 0.9716796875 0.1318359375 0.0556640625
1 0.501953125 0.037109375 0.294921875 0.0703125
1 0.87890625 0.0517578125 0.2294921875 0.0849609375
1 0.4140625 0.376953125 0.0908203125 0.14453125
1 0.7607421875 0.232421875 0.0654296875 0.205078125
1 0.40625 0.1845703125 0.0625 0.0546875
1 0.599609375 0.3671875 0.095703125 0.080078125
1 0.3193359375 0.64453125 0.0947265625 0.099609375
1 0.048828125 0.8818359375 0.0947265625 0.099609375
1 0.0537109375 0.9658203125 0.1044921875 0.06640625
1 0.09765625 0.8427734375 0.0576171875 0.1572265625
1 0.51171875 0.7802734375 0.0849609375 0.1728515625
1 0.6083984375 0.873046875 0.0625 0.052734375
1 0.734375 0.3349609375 0.0537109375 0.1552734375
