1 0.4111328125 0.0859375 0.0732421875 0.0849609375
1 0.234375 0.17578125 0.111328125 0.064453125
1 0.1953125 0.2529296875 0.07421875 0.076171875
1 0.0966796875 0.1708984375 0.0556640625 0.0751953125
1 0.341796875 0.248046875 0.060546875 0.0732421875
1 0.265625 0.2490234375 0.091796875 0.0849609375
1 0.4716796875 0.2109375 0.0849609375 0.080078125
1 0.3857421875 0.380859375 0.142578125 0.0791015625
1 0.64453125 0.3173828125 0.0908203125 0.087890625
1 0.4658203125 0.4873046875 0.0654296875 0.0810546875
1 0.4072265625 0.4853515625 0.0771484375 0.0859375
1 0.1171875 0.5791015625 0.08203125 0.134765625
1 0.19140625 0.7236328125 0.119140625 0.068359375
1 0.0986328125 0.7568359375 0.09765625 0.06640625
1 0.0302734375 0.697265625 0.056640625 0.0625
1 0.033203125 0.75390625 0.0615234375 0.0634765625
1 0.0703125 0.8818359375 0.078125 0.0712890625
1 0.3359375 0.8798828125 0.1044921875 0.06640625
1 0.494140625 0.728515625 0.080078125 0.0751953125
1 0.5556640625 0.5986328125 0.072265625 0.076171875
1 0.427734375 0.6103515625 0.0810546875 0.076171875
1 0.44921875 0.654296875 0.0673828125 0.0703125
1 0.28515625 0.939453125 0.0771484375 0.083984375
1 0.353515625 0.9677734375 0.0576171875 0.064453125
1 0.0556640625 0.9775390625 0.068359375 0.044921875
1 0.7998046875 0.8818359375 0.099609375 0.0888671875
1 0.8642578125 0.822265625 0.0654296875 0.0693359375
1 0.5537109375 0.8671875 0.0595703125 0.0654296875
1 0.658203125 0.7099609375 0.072265625 0.0625
1 0.7021484375 0.6611328125 0.0966796875 0.0693359375
1 0.7900390625 0.6845703125 0.072265625 0.05859375
1 0.7919921875 0.63671875 0.0771484375 0.0546875
1 0.8955078125 0.560546875 0.08203125 0.064453125
1 0.8642578125 0.5224609375 0.0771484375 0.068359375
1 0.78515625 0.423828125 0.0693359375 0.0810546875
1 0.7578125 0.490234375 0.0537109375 0.0576171875
1 0.7333984375 0.2548828125 0.09765625 0.0654296875
1 0.7412109375 0.1806640625 0.07421875 0.060546875
1 0.8642578125 0.263671875 0.08203125 0.0908203125
1 0.9619140625 0.2890625 0.0712890625 0.05859375
1 0.9365234375 0.212890625 0.099609375 0.076171875
1 0.8896484375 0.16015625 0.0654296875 0.068359375
1 0.5908203125 0.025390625 0.08203125 0.05078125
1 0.9375 0.0546875 0.125 0.0869140625
1 0.9755859375 0.626953125 0.048828125 0.0625
1 0.9775390625 0.8603515625 0.044921875 0.0791015625
1 0.9697265625 0.80078125 0.060546875 0.0595703125
1 0.1484375 0.8642578125 0.06640625 0.0576171875
1 0.2763671875 0.8310546875 0.0859375 0.0830078125
1 0.5029296875 0.853515625 0.056640625 0.0859375
1 0.646484375 0.7880859375 0.064453125 0.0712890625
1 0.361328125 0.677734375 0.064453125 0.0546875
1 0.0283203125 0.19921875 0.0517578125 0.0791015625
1 0.697265625 0.4599609375 0.0673828125 0.0634765625
1 0.3984375 0.9208984375 0.072265625 0.0947265625
1 0.708984375 0.5439453125 0.0888671875 0.0498046875
1 0.0849609375 0.1240234375 0.0849609375 0.0498046875
1 0.0224609375 0.2861328125 0.0458984375 0.06640625
