1 0.2060546875 0.0791015625 0.091796875 0.064453125
1 0.3125 0.0966796875 0.064453125 0.0458984375
1 0.0595703125 0.373046875 0.06640625 0.05859375
1 0.0966796875 0.4208984375 0.138671875 0.0615234375
1 0.0908203125 0.5283203125 0.0625 0.0634765625
1 0.046875 0.4814453125 0.0517578125 0.052734375
1 0.0556640625 0.564453125 0.064453125 0.0712890625
1 0.314453125 0.5859375 0.099609375 0.099609375
1 0.3974609375 0.6572265625 0.0498046875 0.046875
1 0.46875 0.767578125 0.0732421875 0.0830078125
1 0.48828125 0.80078125 0.0634765625 0.0654296875
1 0.4111328125 0.8857421875 0.0517578125 0.060546875
1 0.466796875 0.875 0.08203125 0.0859375
1 0.029296875 0.89453125 0.0595703125 0.0830078125
1 0.6796875 0.9501953125 0.0947265625 0.0966796875
1 0.578125 0.9423828125 0.1103515625 0.08203125
1 0.591796875 0.8466796875 0.0712890625 0.0712890625
1 0.658203125 0.8544921875 0.0615234375 0.044921875
1 0.6181640625 0.8955078125 0.0625 0.0615234375
1 0.7646484375 0.6591796875 0.08203125 0.083984375
1 0.515625 0.58984375 0.0673828125 0.0615234375
1 0.80078125 0.607421875 0.0771484375 0.0595703125
1 0.74609375 0.580078125 0.08203125 0.0751953125
1 0.8095703125 0.5546875 0.0791015625 0.0693359375
1 0.65625 0.5693359375 0.09765625 0.09375
1 0.53125 0.5048828125 0.091796875 0.0595703125
1 0.4775390625 0.447265625 0.0908203125 0.0732421875
1 0.5244140625 0.34765625 0.0732421875 0.087890625
1 0.6474609375 0.3076171875 0.0625 0.08203125
1 0.7421875 0.373046875 0.1025390625 0.091796875
1 0.8212890625 0.37890625 0.0849609375 0.0625
1 0.9013671875 0.1171875 0.09375 0.07421875
1 0.875 0.052734375 0.0859375 0.078125
1 0.509765625 0.0322265625 0.0712890625 0.048828125
1 0.5830078125 0.0693359375 0.07421875 0.068359375
1 0.69921875 0.087890625 0.0732421875 0.064453125
1 0.7392578125 0.0380859375 0.0966796875 0.076171875
1 0.6884765625 0.6689453125 0.0595703125 0.0556640625
1 0.0322265625 0.0703125 0.0654296875 0.0732421875
1 0.0283203125 0.611328125 0.056640625 0.0615234375
1 0.0126953125 0.12109375 0.0263671875 0.0537109375
1 0.0166015625 0.79296875 0.0341796875 0.0615234375
1 0.2119140625 0.98828125 0.05859375 0.0224609375
1 0.318359375 0.9873046875 0.0791015625 0.025390625
1 0.5029296875 0.9423828125 0.0703125 0.0595703125
1 0.5068359375 0.0078125 0.03125 0.015625
1 0.150390625 0.0068359375 0.029296875 0.0146484375
