1 0.65234375 0.380859375 0.169921875 0.087890625
1 0.119140625 0.3115234375 0.0947265625 0.0693359375
1 0.681640625 0.158203125 0.125 0.0625
1 0.2607421875 0.66796875 0.107421875 0.107421875
1 0.84375 0.21875 0.2197265625 0.0751953125
1 0.0390625 0.6220703125 0.0771484375 0.142578125
1 0.1064453125 0.501953125 0.1044921875 0.05078125
1 0.1455078125 0.6943359375 0.087890625 0.099609375
1 0.0361328125 0.814453125 0.072265625 0.0869140625
1 0.203125 0.04296875 0.078125 0.0625
1 0.162109375 0.16796875 0.07421875 0.0927734375
1 0.34765625 0.7548828125 0.1025390625 0.115234375
1 0.4638671875 0.3837890625 0.1455078125 0.0595703125
1 0.341796875 0.14453125 0.125 0.0546875
1 0.7451171875 0.810546875 0.1376953125 0.1376953125
1 0.3505859375 0.583984375 0.1474609375 0.2158203125
1 0.4755859375 0.5205078125 0.1328125 0.0830078125
1 0.396484375 0.41796875 0.1328125 0.072265625
1 0.900390625 0.4326171875 0.1982421875 0.0771484375
1 0.0361328125 0.45703125 0.072265625 0.0703125
1 0.900390625 0.5322265625 0.15234375 0.125
1 0.884765625 0.609375 0.16015625 0.060546875
1 0.7109375 0.9375 0.1875 0.1025390625
1 0.2724609375 0.77734375 0.169921875 0.1796875
1 0.63671875 0.212890625 0.0498046875 0.0673828125
1 0.1171875 0.9150390625 0.14453125 0.126953125
1 0.416015625 0.203125 0.052734375 0.0673828125
1 0.4375 0.3115234375 0.0478515625 0.0849609375
1 0.2685546875 0.869140625 0.142578125 0.1103515625
1 0.8046875 0.626953125 0.125 0.0849609375
1 0.6455078125 0.59765625 0.0625 0.0771484375
1 0.7470703125 0.5166015625 0.0703125 0.125
1 0.76171875 0.0966796875 0.08984375 0.0693359375
1 0.0556640625 0.076171875 0.052734375 0.0751953125
1 0.6787109375 0.0595703125 0.0849609375 0.0703125
1 0.6689453125 0.6650390625 0.0498046875 0.0576171875
1 0.3291015625 0.220703125 0.09765625 0.162109375
1 0.8935546875 0.3857421875 0.1572265625 0.052734375
1 0.86328125 0.333984375 0.16796875 0.0595703125
1 0.0283203125 0.4287109375 0.0517578125 0.044921875
1 0.4384765625 0.5673828125 0.1328125 0.0673828125
1 0.0537109375 0.7197265625 0.0498046875 0.0703125
1 0.8603515625 0.7236328125 0.1376953125 0.072265625
1 0.8984375 0.0732421875 0.087890625 0.078125
1 0.142578125 0.78515625 0.0478515625 0.0576171875
1 0.88671875 0.30078125 0.08984375 0.087890625
1 0.673828125 0.4873046875 0.0595703125 0.0703125
1 0.1953125 0.1279296875 0.0927734375 0.0478515625
1 0.1572265625 0.8798828125 0.0634765625 0.0576171875
1 0.9619140625 0.0283203125 0.0751953125 0.0576171875
1 0.529296875 0.53515625 0.0498046875 0.1025390625
1 0.6064453125 0.52734375 0.0556640625 0.0546875
1 0.72265625 0.5966796875 0.0869140625 0.1806640625
1 0.822265625 0.740234375 0.080078125 0.1982421875
1 0.2314453125 0.853515625 0.0498046875 0.0625
1 0.33203125 0.7890625 0.07421875 0.0908203125
1 0.966796875 0.287109375 0.0654296875 0.064453125
1 0.1982421875 0.9638671875 0.1025390625 0.072265625
1 0.931640625 0.08984375 0.1357421875 0.044921875
1 0.970703125 0.3779296875 0.0576171875 0.083984375
1 0.7646484375 0.0087890625 0.1796875 0.0185546875
