1 0.9013671875 0.6103515625 0.0859375 0.0888671875
1 0.8369140625 0.6806640625 0.0673828125 0.0625
1 0.8857421875 0.7587890625 0.06640625 0.060546875
1 0.80078125 0.765625 0.068359375 0.0732421875
1 0.7060546875 0.744140625 0.09765625 0.103515625
1 0.7255859375 0.6650390625 0.0712890625 0.0478515625
1 0.6220703125 0.537109375 0.078125 0.0751953125
1 0.7216796875 0.482421875 0.0732421875 0.0908203125
1 0.7080078125 0.3505859375 0.103515625 0.1015625
1 0.892578125 0.2490234375 0.080078125 0.0712890625
1 0.833984375 0.150390625 0.083984375 0.099609375
1 0.5322265625 0.548828125 0.0869140625 0.0849609375
1 0.4853515625 0.44921875 0.0810546875 0.0908203125
1 0.525390625 0.40234375 0.07421875 0.0556640625
1 0.2451171875 0.49609375 0.1923828125 0.078125
1 0.349609375 0.6328125 0.140625 0.0810546875
1 0.443359375 0.599609375 0.091796875 0.056640625
1 0.189453125 0.65234375 0.140625 0.1025390625
1 0.099609375 0.568359375 0.068359375 0.0634765625
1 0.0654296875 0.5126953125 0.05859375 0.078125
1 0.04296875 0.25 0.0869140625 0.0888671875
1 0.04296875 0.138671875 0.0869140625 0.1162109375
1 0.1015625 0.0595703125 0.1318359375 0.099609375
1 0.166015625 0.02734375 0.0986328125 0.0546875
1 0.248046875 0.0302734375 0.05859375 0.0615234375
1 0.1748046875 0.1328125 0.0654296875 0.0830078125
1 0.3818359375 0.2216796875 0.091796875 0.0712890625
1 0.443359375 0.32421875 0.119140625 0.0732421875
1 0.583984375 0.1513671875 0.080078125 0.0693359375
1 0.5517578125 0.06640625 0.0849609375 0.0927734375
1 0.65625 0.2353515625 0.12890625 0.1044921875
1 0.4453125 0.1220703125 0.080078125 0.0693359375
1 0.3330078125 0.0517578125 0.0791015625 0.1044921875
1 0.2783203125 0.0908203125 0.0712890625 0.140625
1 0.5419921875 0.94921875 0.0869140625 0.0986328125
1 0.849609375 0.96875 0.0732421875 0.0625
1 0.1962890625 0.2353515625 0.05078125 0.0625
1 0.109375 0.44140625 0.078125 0.0576171875
1 0.3828125 0.603515625 0.0673828125 0.0625
1 0.6337890625 0.693359375 0.076171875 0.0576171875
1 0.6767578125 0.5703125 0.0625 0.056640625
1 0.9296875 0.2578125 0.0537109375 0.0576171875
1 0.9013671875 0.32421875 0.072265625 0.0625
