1 0.099609375 0.078125 0.0625 0.0732421875
1 0.029296875 0.1669921875 0.0595703125 0.0673828125
1 0.1376953125 0.4248046875 0.0869140625 0.1396484375
1 0.1572265625 0.732421875 0.072265625 0.068359375
1 0.2255859375 0.96875 0.0546875 0.0625
1 0.12109375 0.8544921875 0.0556640625 0.0673828125
1 0.0751953125 0.9697265625 0.060546875 0.060546875
1 0.2802734375 0.53125 0.05859375 0.0888671875
1 0.08203125 0.626953125 0.0849609375 0.0615234375
1 0.3837890625 0.9375 0.0810546875 0.06640625
1 0.4140625 0.90625 0.1005859375 0.0791015625
1 0.5703125 0.8076171875 0.09765625 0.1357421875
1 0.625 0.51953125 0.087890625 0.1103515625
1 0.958984375 0.4638671875 0.0810546875 0.0986328125
1 0.759765625 0.9541015625 0.0751953125 0.091796875
1 0.841796875 0.9423828125 0.0751953125 0.1025390625
1 0.8359375 0.7470703125 0.0771484375 0.08984375
1 0.97265625 0.9501953125 0.0537109375 0.06640625
1 0.662109375 0.8916015625 0.0458984375 0.0712890625
1 0.607421875 0.4130859375 0.197265625 0.0595703125
1 0.6630859375 0.349609375 0.2314453125 0.068359375
1 0.3427734375 0.5400390625 0.044921875 0.0791015625
1 0.8798828125 0.6044921875 0.0478515625 0.091796875
1 0.9794921875 0.640625 0.041015625 0.056640625
1 0.9033203125 0.3515625 0.0751953125 0.08984375
1 0.3466796875 0.3203125 0.068359375 0.03125
1 0.2431640625 0.2822265625 0.05078125 0.048828125
1 0.3681640625 0.0732421875 0.078125 0.0498046875
1 0.978515625 0.0859375 0.04296875 0.095703125
1 0.8037109375 0.83984375 0.033203125 0.0810546875
1 0.2802734375 0.1083984375 0.03125 0.0244140625
