1 0.978515625 0.28515625 0.04296875 0.0830078125
1 0.125 0.8349609375 0.1376953125 0.0927734375
1 0.7470703125 0.9658203125 0.1796875 0.068359375
1 0.681640625 0.478515625 0.1171875 0.107421875
1 0.7099609375 0.302734375 0.080078125 0.0771484375
1 0.8408203125 0.5703125 0.123046875 0.1728515625
1 0.7890625 0.8720703125 0.0791015625 0.134765625
1 0.7412109375 0.3876953125 0.1005859375 0.0703125
1 0.9443359375 0.5400390625 0.1103515625 0.1279296875
1 0.2041015625 0.4267578125 0.1953125 0.150390625
1 0.408203125 0.14453125 0.08203125 0.095703125
1 0.51953125 0.625 0.08984375 0.1376953125
1 0.1416015625 0.9599609375 0.0654296875 0.080078125
1 0.66796875 0.900390625 0.0576171875 0.0830078125
1 0.7548828125 0.060546875 0.125 0.1044921875
1 0.447265625 0.7236328125 0.0546875 0.052734375
1 0.478515625 0.5068359375 0.087890625 0.0751953125
1 0.546875 0.1787109375 0.064453125 0.1201171875
1 0.5546875 0.556640625 0.109375 0.0595703125
1 0.5712890625 0.759765625 0.1103515625 0.080078125
1 0.716796875 0.150390625 0.0947265625 0.0927734375
1 0.6845703125 0.59765625 0.064453125 0.1025390625
1 0.474609375 0.353515625 0.080078125 0.142578125
1 0.392578125 0.412109375 0.0927734375 0.044921875
1 0.052734375 0.365234375 0.0966796875 0.0771484375
1 0.9326171875 0.3642578125 0.0478515625 0.0400390625
1 0.2197265625 0.234375 0.0703125 0.0751953125
1 0.66796875 0.734375 0.0625 0.044921875
1 0.341796875 0.033203125 0.080078125 0.0576171875
1 0.62109375 0.841796875 0.0849609375 0.0654296875
1 0.4384765625 0.2724609375 0.2578125 0.080078125
1 0.4365234375 0.19921875 0.0693359375 0.0703125
1 0.3125 0.1376953125 0.1123046875 0.1025390625
1 0.26171875 0.1640625 0.134765625 0.0751953125
1 0.552734375 0.8154296875 0.0927734375 0.142578125
1 0.033203125 0.9541015625 0.0625 0.0654296875
1 0.79296875 0.2412109375 0.052734375 0.0498046875
1 0.90625 0.58203125 0.0625 0.0703125
1 0.10546875 0.0732421875 0.0625 0.068359375
1 0.12890625 0.6806640625 0.0556640625 0.0625
1 0.0419921875 0.0546875 0.064453125 0.10546875
1 0.65625 0.3583984375 0.0625 0.04296875
1 0.650390625 0.7802734375 0.0517578125 0.0673828125
1 0.0263671875 0.8564453125 0.0498046875 0.0947265625
1 0.115234375 0.021484375 0.1123046875 0.0400390625
1 0.0341796875 0.2783203125 0.0654296875 0.11328125
1 0.1875 0.1201171875 0.0673828125 0.0830078125
1 0.0234375 0.5029296875 0.04296875 0.0771484375
1 0.1328125 0.3408203125 0.0625 0.091796875
1 0.8291015625 0.017578125 0.0556640625 0.0322265625
1 0.740234375 0.03515625 0.052734375 0.052734375
1 0.5048828125 0.2177734375 0.0576171875 0.0576171875
1 0.380859375 0.34375 0.052734375 0.0751953125
1 0.4580078125 0.4794921875 0.0673828125 0.14453125
1 0.728515625 0.5615234375 0.052734375 0.0556640625
1 0.73828125 0.5234375 0.04296875 0.0625
1 0.677734375 0.69921875 0.0576171875 0.0546875
1 0.1572265625 0.9306640625 0.064453125 0.0576171875
1 0.123046875 0.5693359375 0.1103515625 0.068359375
1 0.0791015625 0.4853515625 0.0751953125 0.0966796875
1 0.1484375 0.0703125 0.046875 0.0771484375
1 0.6708984375 0.44921875 0.04296875 0.16796875
