1 0.9111328125 0.5068359375 0.1201171875 0.08984375
1 0.646484375 0.2158203125 0.0947265625 0.068359375
1 0.693359375 0.5703125 0.046875 0.0927734375
1 0.8046875 0.412109375 0.0703125 0.060546875
1 0.6650390625 0.396484375 0.0771484375 0.0849609375
1 0.6943359375 0.9345703125 0.125 0.0703125
1 0.845703125 0.6640625 0.087890625 0.1142578125
1 0.7451171875 0.8505859375 0.0830078125 0.1123046875
1 0.8369140625 0.033203125 0.064453125 0.0673828125
1 0.62890625 0.783203125 0.072265625 0.0888671875
1 0.8388671875 0.162109375 0.0751953125 0.060546875
1 0.8076171875 0.0732421875 0.0673828125 0.052734375
1 0.8681640625 0.134765625 0.078125 0.0703125
1 0.7041015625 0.296875 0.0693359375 0.080078125
1 0.6650390625 0.51953125 0.0673828125 0.095703125
1 0.9609375 0.5146484375 0.078125 0.060546875
1 0.7783203125 0.5419921875 0.04296875 0.064453125
1 0.7919921875 0.662109375 0.0703125 0.080078125
1 0.736328125 0.796875 0.0751953125 0.064453125
1 0.5322265625 0.8330078125 0.0703125 0.0625
1 0.8447265625 0.947265625 0.10546875 0.08984375
1 0.765625 0.9365234375 0.0576171875 0.0751953125
1 0.9736328125 0.939453125 0.052734375 0.07421875
1 0.9345703125 0.8232421875 0.064453125 0.08203125
1 0.94140625 0.6796875 0.1015625 0.091796875
1 0.92578125 0.017578125 0.0625 0.033203125
