1 0.3681640625 0.46484375 0.1171875 0.08984375
1 0.337890625 0.1640625 0.09765625 0.125
1 0.033203125 0.7783203125 0.0673828125 0.072265625
1 0.345703125 0.388671875 0.08203125 0.0625
1 0.2578125 0.3408203125 0.0771484375 0.052734375
1 0.443359375 0.640625 0.20703125 0.1376953125
1 0.01953125 0.91796875 0.0390625 0.0869140625
1 0.541015625 0.02734375 0.177734375 0.0556640625
1 0.2744140625 0.4990234375 0.2001953125 0.0751953125
1 0.109375 0.771484375 0.10546875 0.0654296875
1 0.341796875 0.91796875 0.1796875 0.1630859375
1 0.05078125 0.2685546875 0.1015625 0.09765625
1 0.671875 0.8818359375 0.19921875 0.1650390625
1 0.73046875 0.7919921875 0.0673828125 0.099609375
1 0.837890625 0.0322265625 0.27734375 0.064453125
1 0.9130859375 0.802734375 0.1728515625 0.0732421875
1 0.7333984375 0.2841796875 0.123046875 0.2705078125
1 0.052734375 0.4189453125 0.044921875 0.0703125
1 0.0947265625 0.6455078125 0.189453125 0.1494140625
1 0.6328125 0.421875 0.2021484375 0.14453125
1 0.1943359375 0.9619140625 0.0888671875 0.07421875
1 0.0810546875 0.1611328125 0.162109375 0.107421875
1 0.8818359375 0.5810546875 0.0849609375 0.2578125
1 0.578125 0.314453125 0.1123046875 0.189453125
1 0.140625 0.111328125 0.185546875 0.2236328125
1 0.69140625 0.0673828125 0.130859375 0.076171875
1 0.462890625 0.73828125 0.0625 0.1015625
1 0.6611328125 0.6162109375 0.072265625 0.232421875
1 0.5341796875 0.9384765625 0.0693359375 0.1171875
1 0.521484375 0.5888671875 0.0693359375 0.1103515625
1 0.6806640625 0.64453125 0.09765625 0.095703125
1 0.111328125 0.0390625 0.0751953125 0.0791015625
1 0.69140625 0.9658203125 0.09765625 0.0673828125
1 0.85546875 0.9443359375 0.220703125 0.1103515625
1 0.91796875 0.8759765625 0.1640625 0.060546875
1 0.0625 0.5859375 0.125 0.072265625
1 0.9599609375 0.13671875 0.0576171875 0.0625
1 0.767578125 0.326171875 0.3076171875 0.0751953125
1 0.8466796875 0.2822265625 0.1904296875 0.060546875
1 0.345703125 0.865234375 0.1923828125 0.1220703125
1 0.2578125 0.54296875 0.2021484375 0.0673828125
1 0.40625 0.4189453125 0.0625 0.1005859375
1 0.59765625 0.3955078125 0.2822265625 0.0576171875
1 0.05859375 0.2431640625 0.1171875 0.0625
1 0.19921875 0.0634765625 0.080078125 0.052734375
1 0.7109375 0.0986328125 0.2548828125 0.0625
1 0.607421875 0.0556640625 0.109375 0.1123046875
1 0.865234375 0.37890625 0.2626953125 0.0849609375
1 0.7646484375 0.5283203125 0.0546875 0.08203125
1 0.9658203125 0.6806640625 0.068359375 0.072265625
1 0.96484375 0.7470703125 0.0703125 0.0703125
