1 0.2939453125 0.037109375 0.0654296875 0.07421875
1 0.150390625 0.0625 0.0849609375 0.087890625
1 0.787109375 0.1015625 0.08203125 0.0947265625
1 0.2880859375 0.3095703125 0.0625 0.115234375
1 0.078125 0.3720703125 0.08203125 0.08984375
1 0.5966796875 0.294921875 0.0654296875 0.125
1 0.6630859375 0.4697265625 0.0771484375 0.10546875
1 0.4970703125 0.10546875 0.064453125 0.0830078125
1 0.8017578125 0.0009765625 0.0546875 0.001953125
1 0.0498046875 0.0986328125 0.0693359375 0.0693359375
1 0.5244140625 0.4189453125 0.0546875 0.1298828125
1 0.1376953125 0.380859375 0.0673828125 0.126953125
1 0.640625 0.1142578125 0.08203125 0.08203125
1 0.1904296875 0.2470703125 0.052734375 0.099609375
1 0.8134765625 0.25390625 0.052734375 0.1123046875
1 0.591796875 0.033203125 0.080078125 0.0673828125
1 0.1015625 0.546875 0.0458984375 0.1201171875
1 0.671875 0.681640625 0.0703125 0.16015625
1 0.0234375 0.515625 0.046875 0.0927734375
1 0.2392578125 0.4365234375 0.0546875 0.1201171875
1 0.1083984375 0.185546875 0.08203125 0.0927734375
1 0.58203125 0.5 0.08984375 0.1376953125
1 0.23828125 0.10546875 0.04296875 0.0576171875
1 0.0205078125 0.255859375 0.0419921875 0.087890625
1 0.1533203125 0.2890625 0.1171875 0.0400390625
1 0.2353515625 0.251953125 0.0869140625 0.1201171875
1 0.197265625 0.373046875 0.0703125 0.0927734375
1 0.208984375 0.494140625 0.0556640625 0.080078125
1 0.1337890625 0.5751953125 0.0498046875 0.1025390625
1 0.154296875 0.48828125 0.0546875 0.09765625
1 0.056640625 0.34765625 0.0693359375 0.08203125
1 0.11328125 0.2509765625 0.09765625 0.052734375
1 0.05078125 0.291015625 0.056640625 0.052734375
1 0.0283203125 0.0576171875 0.056640625 0.0419921875
1 0.1982421875 0.0908203125 0.0654296875 0.1025390625
1 0.369140625 0.23046875 0.060546875 0.064453125
1 0.560546875 0.3798828125 0.1025390625 0.080078125
1 0.623046875 0.54296875 0.0625 0.1376953125
1 0.76953125 0.5498046875 0.060546875 0.099609375
1 0.6796875 0.5712890625 0.0546875 0.1298828125
1 0.66015625 0.3251953125 0.0673828125 0.1123046875
1 0.7314453125 0.369140625 0.1171875 0.0625
1 0.7333984375 0.3310546875 0.0791015625 0.060546875
1 0.75 0.4228515625 0.0576171875 0.0771484375
1 0.83203125 0.3505859375 0.068359375 0.0869140625
1 0.8447265625 0.27734375 0.0419921875 0.0771484375
1 0.7314453125 0.2265625 0.0556640625 0.0693359375
1 0.5546875 0.07421875 0.060546875 0.0595703125
