1 0.17578125 0.0244140625 0.154296875 0.0498046875
1 0.2734375 0.7587890625 0.095703125 0.1162109375
1 0.123046875 0.71484375 0.15234375 0.08984375
1 0.287109375 0.587890625 0.0986328125 0.064453125
1 0.3056640625 0.3720703125 0.111328125 0.0927734375
1 0.43359375 0.4091796875 0.11328125 0.0986328125
1 0.2080078125 0.2197265625 0.12109375 0.0517578125
1 0.33984375 0.2255859375 0.046875 0.0595703125
1 0.3662109375 0.146484375 0.0830078125 0.0654296875
1 0.2734375 0.189453125 0.07421875 0.1044921875
1 0.1982421875 0.130859375 0.1796875 0.12109375
1 0.4169921875 0.0380859375 0.05859375 0.0576171875
1 0.3359375 0.0556640625 0.1064453125 0.072265625
1 0.837890625 0.52734375 0.0751953125 0.056640625
1 0.970703125 0.892578125 0.0576171875 0.05859375
1 0.1015625 0.3330078125 0.0869140625 0.064453125
1 0.048828125 0.291015625 0.0966796875 0.0634765625
1 0.1904296875 0.76171875 0.0986328125 0.12890625
1 0.111328125 0.1572265625 0.1455078125 0.0634765625
1 0.1572265625 0.6015625 0.193359375 0.0869140625
1 0.9541015625 0.4658203125 0.0908203125 0.09375
1 0.73828125 0.6494140625 0.1142578125 0.0712890625
1 0.228515625 0.4931640625 0.068359375 0.0244140625
