1 0.0419921875 0.1982421875 0.0849609375 0.08203125
1 0.3505859375 0.6376953125 0.1474609375 0.0673828125
1 0.2001953125 0.115234375 0.1025390625 0.0771484375
1 0.48828125 0.2431640625 0.15234375 0.087890625
1 0.078125 0.283203125 0.1328125 0.072265625
1 0.4443359375 0.701171875 0.125 0.0849609375
1 0.396484375 0.4912109375 0.1357421875 0.0751953125
1 0.2001953125 0.7021484375 0.1376953125 0.08984375
1 0.169921875 0.435546875 0.1025390625 0.087890625
1 0.4169921875 0.1572265625 0.169921875 0.0703125
1 0.025390625 0.6884765625 0.0517578125 0.072265625
1 0.0927734375 0.94921875 0.1025390625 0.0751953125
1 0.4755859375 0.419921875 0.197265625 0.0751953125
1 0.0517578125 0.998046875 0.1044921875 0.0029296875
1 0.3076171875 0.251953125 0.1376953125 0.10546875
1 0.05078125 0.5712890625 0.1015625 0.0751953125
1 0.44140625 0.0322265625 0.11328125 0.0654296875
1 0.1904296875 0.8232421875 0.1630859375 0.072265625
1 0.4111328125 0.35546875 0.1474609375 0.0751953125
1 0.0498046875 0.0986328125 0.099609375 0.0849609375
1 0.259765625 0.8818359375 0.205078125 0.0703125
1 0.04296875 0.3662109375 0.0771484375 0.0751953125
1 0.083984375 0.853515625 0.0498046875 0.0576171875
1 0.0703125 0.4208984375 0.0771484375 0.087890625
1 0.130859375 0.0302734375 0.11328125 0.0576171875
1 0.1630859375 0.646484375 0.107421875 0.0654296875
1 0.2890625 0.203125 0.1943359375 0.0625
1 0.5078125 0.1201171875 0.1826171875 0.0771484375
1 0.298828125 0.03515625 0.1650390625 0.0673828125
