1 0.6875 0.94921875 0.1318359375 0.1005859375
1 0.474609375 0.1865234375 0.1005859375 0.125
1 0.642578125 0.0791015625 0.1025390625 0.1552734375
1 0.650390625 0.7978515625 0.1181640625 0.0966796875
1 0.1181640625 0.703125 0.099609375 0.11328125
1 0.89453125 0.8701171875 0.1806640625 0.126953125
1 0.923828125 0.2509765625 0.1494140625 0.138671875
1 0.7294921875 0.5869140625 0.150390625 0.1640625
1 0.9091796875 0.447265625 0.1376953125 0.0791015625
1 0.84375 0.494140625 0.1201171875 0.0751953125
1 0.8486328125 0.0693359375 0.12890625 0.1396484375
1 0.9453125 0.7587890625 0.1083984375 0.1103515625
1 0.9609375 0.646484375 0.078125 0.0947265625
1 0.03125 0.1728515625 0.0634765625 0.0732421875
1 0.583984375 0.1572265625 0.0810546875 0.080078125
1 0.392578125 0.0400390625 0.12109375 0.0771484375
1 0.923828125 0.083984375 0.1396484375 0.1455078125
1 0.5576171875 0.0283203125 0.0673828125 0.052734375
1 0.6826171875 0.556640625 0.0830078125 0.1142578125
1 0.783203125 0.03125 0.095703125 0.0625
1 0.7216796875 0.791015625 0.076171875 0.087890625
1 0.9765625 0.427734375 0.0439453125 0.1005859375
1 0.16796875 0.0244140625 0.0732421875 0.044921875
