1 0.7919921875 0.8994140625 0.16015625 0.08984375
1 0.10546875 0.55859375 0.109375 0.0947265625
1 0.080078125 0.4228515625 0.1025390625 0.0830078125
1 0.2119140625 0.7392578125 0.1298828125 0.099609375
1 0.1103515625 0.1376953125 0.107421875 0.1279296875
1 0.5205078125 0.2451171875 0.072265625 0.0673828125
1 0.583984375 0.369140625 0.1044921875 0.080078125
1 0.587890625 0.79296875 0.09765625 0.0830078125
1 0.7158203125 0.4638671875 0.09765625 0.0751953125
1 0.6591796875 0.8544921875 0.115234375 0.08984375
1 0.693359375 0.619140625 0.142578125 0.1044921875
1 0.7119140625 0.1162109375 0.1748046875 0.0947265625
1 0.5927734375 0.0615234375 0.1630859375 0.1103515625
1 0.541015625 0.57421875 0.15234375 0.1005859375
1 0.5732421875 0.177734375 0.107421875 0.1123046875
1 0.0791015625 0.3046875 0.0751953125 0.0771484375
1 0.548828125 0.3154296875 0.0751953125 0.0478515625
1 0.9228515625 0.6484375 0.1474609375 0.126953125
