1 0.9345703125 0.8798828125 0.060546875 0.07421875
1 0.751953125 0.9140625 0.07421875 0.060546875
1 0.5400390625 0.984375 0.064453125 0.0302734375
1 0.541015625 0.9267578125 0.1005859375 0.0654296875
1 0.6064453125 0.8466796875 0.10546875 0.0869140625
1 0.431640625 0.7958984375 0.072265625 0.0703125
1 0.3974609375 0.8603515625 0.060546875 0.0595703125
1 0.4189453125 0.96484375 0.0859375 0.0625
1 0.2236328125 0.96875 0.08203125 0.0625
1 0.138671875 0.95703125 0.0693359375 0.0693359375
1 0.2431640625 0.833984375 0.0869140625 0.0625
1 0.3076171875 0.775390625 0.10546875 0.1162109375
1 0.228515625 0.6689453125 0.083984375 0.0830078125
1 0.3525390625 0.638671875 0.0556640625 0.0771484375
1 0.5048828125 0.6279296875 0.0712890625 0.0615234375
1 0.6708984375 0.650390625 0.078125 0.0634765625
1 0.861328125 0.658203125 0.05859375 0.0625
1 0.919921875 0.6640625 0.0693359375 0.05859375
1 0.8046875 0.51171875 0.0810546875 0.08984375
1 0.912109375 0.4853515625 0.0576171875 0.08203125
1 0.9365234375 0.5390625 0.0712890625 0.0576171875
1 0.8466796875 0.5927734375 0.130859375 0.0478515625
1 0.951171875 0.279296875 0.076171875 0.0693359375
1 0.8544921875 0.2509765625 0.0771484375 0.0712890625
1 0.763671875 0.345703125 0.0703125 0.072265625
1 0.96875 0.466796875 0.0615234375 0.08203125
1 0.7822265625 0.0185546875 0.08203125 0.037109375
1 0.490234375 0.07421875 0.0703125 0.064453125
1 0.4814453125 0.14453125 0.0859375 0.083984375
1 0.5810546875 0.3271484375 0.0849609375 0.0546875
1 0.5986328125 0.396484375 0.07421875 0.0673828125
1 0.66796875 0.5185546875 0.1123046875 0.0927734375
1 0.2587890625 0.462890625 0.1376953125 0.08984375
1 0.10546875 0.7490234375 0.0791015625 0.0712890625
1 0.029296875 0.7060546875 0.05859375 0.08203125
1 0.025390625 0.6337890625 0.0517578125 0.06640625
1 0.0732421875 0.2900390625 0.0615234375 0.0625
1 0.2265625 0.24609375 0.130859375 0.107421875
1 0.1845703125 0.3056640625 0.091796875 0.072265625
1 0.048828125 0.08203125 0.0771484375 0.076171875
1 0.189453125 0.05859375 0.0888671875 0.1064453125
1 0.6181640625 0.0400390625 0.06640625 0.06640625
1 0.58203125 0.240234375 0.076171875 0.0654296875
1 0.09765625 0.103515625 0.0791015625 0.0439453125
