1 0.0107421875 0.1298828125 0.0224609375 0.076171875
1 0.166015625 0.4765625 0.080078125 0.06640625
1 0.76171875 0.1298828125 0.0791015625 0.0771484375
1 0.5810546875 0.0517578125 0.0458984375 0.0791015625
1 0.23046875 0.962890625 0.11328125 0.0546875
1 0.1943359375 0.2939453125 0.0458984375 0.083984375
1 0.46875 0.880859375 0.05078125 0.09375
1 0.189453125 0.0732421875 0.08984375 0.0498046875
1 0.408203125 0.4892578125 0.091796875 0.12890625
1 0.5517578125 0.5888671875 0.06640625 0.0888671875
1 0.154296875 0.5830078125 0.04296875 0.1142578125
1 0.798828125 0.3349609375 0.048828125 0.0703125
1 0.640625 0.2607421875 0.05859375 0.0810546875
1 0.7880859375 0.611328125 0.0439453125 0.07421875
1 0.27734375 0.2373046875 0.0693359375 0.068359375
1 0.2607421875 0.5537109375 0.1240234375 0.0751953125
1 0.3310546875 0.5234375 0.0390625 0.087890625
1 0.9677734375 0.478515625 0.0458984375 0.1767578125
1 0.1435546875 0.2724609375 0.060546875 0.0634765625
1 0.2802734375 0.6181640625 0.0751953125 0.0693359375
1 0.9169921875 0.3056640625 0.02734375 0.0751953125
1 0.8564453125 0.6748046875 0.0419921875 0.078125
1 0.244140625 0.6884765625 0.0908203125 0.0458984375
1 0.1142578125 0.189453125 0.0654296875 0.0546875
1 0.169921875 0.580078125 0.033203125 0.099609375
1 0.935546875 0.89453125 0.0380859375 0.083984375
1 0.365234375 0.65234375 0.06640625 0.0537109375
1 0.6357421875 0.7216796875 0.0673828125 0.0458984375
1 0.2919921875 0.4033203125 0.0556640625 0.1064453125
1 0.158203125 0.0244140625 0.0439453125 0.048828125
1 0.53125 0.03125 0.0419921875 0.0595703125
1 0.767578125 0.70703125 0.09375 0.0302734375
1 0.955078125 0.3984375 0.064453125 0.052734375
1 0.8134765625 0.49609375 0.060546875 0.0615234375
1 0.9345703125 0.0927734375 0.0869140625 0.0400390625
1 0.8427734375 0.609375 0.041015625 0.0771484375
1 0.4970703125 0.9462890625 0.05859375 0.029296875
1 0.427734375 0.982421875 0.0380859375 0.03515625
1 0.416015625 0.134765625 0.08984375 0.0849609375
1 0.05078125 0.48828125 0.046875 0.0556640625
1 0.16796875 0.0224609375 0.033203125 0.0439453125
1 0.68359375 0.7734375 0.0478515625 0.0390625
1 0.4150390625 0.6435546875 0.0537109375 0.0576171875
1 0.6962890625 0.5927734375 0.056640625 0.037109375
1 0.7109375 0.1865234375 0.0537109375 0.037109375
1 0.28125 0.013671875 0.033203125 0.02734375
1 0.416015625 0.8515625 0.0546875 0.0390625
1 0.8642578125 0.9912109375 0.0908203125 0.013671875
1 0.6728515625 0.5390625 0.05078125 0.0673828125
1 0.26171875 0.6728515625 0.060546875 0.0283203125
1 0.919921875 0.7490234375 0.0400390625 0.052734375
1 0.8408203125 0.5224609375 0.0302734375 0.0625
1 0.724609375 0.71484375 0.0400390625 0.0537109375
1 0.052734375 0.6083984375 0.05078125 0.05859375
1 0.0947265625 0.603515625 0.076171875 0.0859375
1 0.8623046875 0.0166015625 0.0224609375 0.0341796875
1 0.8203125 0.0205078125 0.0390625 0.0419921875
1 0.8505859375 0.0390625 0.041015625 0.078125
1 0.3046875 0.8916015625 0.0654296875 0.060546875
1 0.134765625 0.9404296875 0.0888671875 0.0458984375
1 0.12890625 0.986328125 0.078125 0.02734375
1 0.7490234375 0.896484375 0.0693359375 0.046875
1 0.98828125 0.181640625 0.0224609375 0.0888671875
