1 0.57421875 0.2421875 0.0771484375 0.115234375
1 0.7158203125 0.2392578125 0.05859375 0.0576171875
1 0.80078125 0.228515625 0.046875 0.0419921875
1 0.7744140625 0.27734375 0.0537109375 0.0556640625
1 0.9462890625 0.1416015625 0.052734375 0.087890625
1 0.8857421875 0.42578125 0.0966796875 0.0439453125
1 0.9306640625 0.5341796875 0.0615234375 0.08984375
1 0.9814453125 0.529296875 0.037109375 0.0732421875
1 0.6826171875 0.3564453125 0.0615234375 0.0595703125
1 0.5615234375 0.4267578125 0.06640625 0.06640625
1 0.6396484375 0.4658203125 0.083984375 0.0654296875
1 0.775390625 0.4755859375 0.0615234375 0.0556640625
1 0.759765625 0.4150390625 0.0927734375 0.0517578125
1 0.7802734375 0.3681640625 0.0673828125 0.0576171875
1 0.8935546875 0.361328125 0.0732421875 0.080078125
1 0.5576171875 0.5234375 0.056640625 0.060546875
1 0.373046875 0.4560546875 0.068359375 0.064453125
1 0.2978515625 0.4169921875 0.0869140625 0.091796875
1 0.3486328125 0.2841796875 0.0947265625 0.0732421875
1 0.3310546875 0.1923828125 0.1044921875 0.109375
1 0.185546875 0.2373046875 0.08203125 0.06640625
1 0.0927734375 0.27734375 0.068359375 0.052734375
1 0.0673828125 0.3544921875 0.08984375 0.0615234375
1 0.1064453125 0.4453125 0.1171875 0.0732421875
1 0.033203125 0.279296875 0.06640625 0.078125
1 0.5908203125 0.0556640625 0.07421875 0.083984375
1 0.9296875 0.7490234375 0.087890625 0.076171875
1 0.767578125 0.640625 0.0693359375 0.12890625
1 0.83203125 0.7783203125 0.0859375 0.083984375
1 0.931640625 0.84375 0.12109375 0.10546875
1 0.88671875 0.94921875 0.080078125 0.1015625
1 0.724609375 0.9775390625 0.0810546875 0.044921875
1 0.6328125 0.96484375 0.068359375 0.0703125
1 0.515625 0.8828125 0.083984375 0.0888671875
1 0.453125 0.908203125 0.080078125 0.060546875
1 0.458984375 0.970703125 0.0751953125 0.0576171875
1 0.6416015625 0.845703125 0.080078125 0.080078125
1 0.70703125 0.76953125 0.0732421875 0.0810546875
1 0.6435546875 0.6796875 0.0830078125 0.068359375
1 0.505859375 0.640625 0.083984375 0.1025390625
1 0.4638671875 0.71875 0.0556640625 0.05859375
1 0.47265625 0.7998046875 0.0810546875 0.0634765625
1 0.5517578125 0.759765625 0.0634765625 0.0703125
1 0.3349609375 0.7587890625 0.080078125 0.072265625
1 0.2109375 0.7744140625 0.1162109375 0.0751953125
1 0.0859375 0.6455078125 0.109375 0.0654296875
1 0.126953125 0.7099609375 0.0732421875 0.048828125
1 0.181640625 0.9013671875 0.0654296875 0.0732421875
1 0.2421875 0.931640625 0.140625 0.1357421875
1 0.0341796875 0.8486328125 0.068359375 0.068359375
1 0.6103515625 0.732421875 0.048828125 0.044921875
1 0.9697265625 0.421875 0.0595703125 0.076171875
1 0.32421875 0.92578125 0.068359375 0.056640625
1 0.0517578125 0.21875 0.1015625 0.0439453125
