1 0.81640625 0.7099609375 0.125 0.0830078125
1 0.5048828125 0.814453125 0.0966796875 0.0517578125
1 0.0380859375 0.3642578125 0.0771484375 0.115234375
1 0.681640625 0.9228515625 0.1552734375 0.0849609375
1 0.060546875 0.892578125 0.0703125 0.099609375
1 0.5693359375 0.64453125 0.1298828125 0.130859375
1 0.05859375 0.064453125 0.0576171875 0.0556640625
1 0.0859375 0.2578125 0.072265625 0.0576171875
1 0.482421875 0.96484375 0.1123046875 0.0693359375
1 0.0859375 0.2568359375 0.078125 0.060546875
1 0.0341796875 0.177734375 0.0498046875 0.0869140625
1 0.0341796875 0.5400390625 0.0693359375 0.1025390625
1 0.5751953125 0.0869140625 0.0927734375 0.095703125
1 0.65234375 0.677734375 0.0888671875 0.0654296875
1 0.5703125 0.0322265625 0.1123046875 0.060546875
1 0.984375 0.0654296875 0.0302734375 0.1025390625
1 0.029296875 0.0361328125 0.052734375 0.0625
