1 0.8115234375 0.66015625 0.064453125 0.150390625
1 0.9140625 0.3896484375 0.171875 0.0712890625
1 0.892578125 0.4306640625 0.21484375 0.0615234375
1 0.3232421875 0.1201171875 0.1220703125 0.0703125
1 0.44921875 0.0908203125 0.140625 0.0654296875
1 0.2392578125 0.0693359375 0.076171875 0.115234375
1 0.0400390625 0.4755859375 0.056640625 0.1220703125
1 0.015625 0.2177734375 0.03125 0.0615234375
1 0.4501953125 0.1494140625 0.0673828125 0.0869140625
1 0.7880859375 0.201171875 0.205078125 0.060546875
1 0.2763671875 0.314453125 0.126953125 0.1826171875
1 0.447265625 0.63671875 0.1201171875 0.1240234375
1 0.7216796875 0.0263671875 0.1298828125 0.0537109375
1 0.9296875 0.583984375 0.13671875 0.0849609375
1 0.0830078125 0.9775390625 0.1015625 0.0439453125
1 0.353515625 0.712890625 0.1298828125 0.09765625
1 0.8603515625 0.001953125 0.1171875 0.0048828125
1 0.228515625 0.5107421875 0.1767578125 0.12109375
1 0.8984375 0.51171875 0.140625 0.0712890625
1 0.4384765625 0.9814453125 0.083984375 0.0361328125
1 0.61328125 0.9814453125 0.0625 0.037109375
1 0.7177734375 0.7177734375 0.1083984375 0.1044921875
1 0.5732421875 0.5439453125 0.05859375 0.0458984375
1 0.5166015625 0.5458984375 0.064453125 0.0693359375
1 0.1533203125 0.3125 0.0625 0.056640625
1 0.59375 0.2724609375 0.0791015625 0.0986328125
1 0.5712890625 0.357421875 0.1728515625 0.0849609375
1 0.66796875 0.3818359375 0.0791015625 0.080078125
1 0.736328125 0.365234375 0.1484375 0.05859375
1 0.8271484375 0.154296875 0.158203125 0.060546875
1 0.4365234375 0.3447265625 0.0517578125 0.1259765625
1 0.4482421875 0.3056640625 0.10546875 0.0830078125
1 0.35546875 0.27734375 0.05859375 0.12109375
1 0.4267578125 0.271484375 0.1103515625 0.0859375
1 0.423828125 0.2099609375 0.08203125 0.0751953125
1 0.3759765625 0.220703125 0.08984375 0.0966796875
1 0.0146484375 0.4228515625 0.0302734375 0.1083984375
1 0.978515625 0.05078125 0.0419921875 0.0712890625
1 0.0166015625 0.5791015625 0.033203125 0.0498046875
