1 0.1484375 0.9482421875 0.0634765625 0.060546875
1 0.0869140625 0.8720703125 0.1240234375 0.1044921875
1 0.0703125 0.7265625 0.068359375 0.07421875
1 0.1787109375 0.671875 0.099609375 0.0595703125
1 0.1005859375 0.6298828125 0.1015625 0.0390625
1 0.095703125 0.58203125 0.056640625 0.0517578125
1 0.2021484375 0.4814453125 0.0693359375 0.0693359375
1 0.099609375 0.3818359375 0.0712890625 0.0751953125
1 0.2119140625 0.2685546875 0.1162109375 0.1279296875
1 0.04296875 0.0556640625 0.078125 0.0693359375
1 0.1943359375 0.04296875 0.0810546875 0.0859375
1 0.5224609375 0.0751953125 0.083984375 0.07421875
1 0.62109375 0.1630859375 0.0830078125 0.1064453125
1 0.50390625 0.1689453125 0.08203125 0.05859375
1 0.3134765625 0.234375 0.0693359375 0.080078125
1 0.3623046875 0.2958984375 0.06640625 0.0869140625
1 0.5234375 0.259765625 0.115234375 0.12109375
1 0.6376953125 0.2421875 0.0751953125 0.0634765625
1 0.431640625 0.443359375 0.072265625 0.107421875
1 0.359375 0.5361328125 0.0810546875 0.0830078125
1 0.59765625 0.4287109375 0.0546875 0.0546875
1 0.51953125 0.4912109375 0.083984375 0.0634765625
1 0.548828125 0.57421875 0.091796875 0.0830078125
1 0.6708984375 0.4814453125 0.091796875 0.0791015625
1 0.4833984375 0.6279296875 0.0654296875 0.07421875
1 0.5517578125 0.64453125 0.072265625 0.072265625
1 0.689453125 0.6240234375 0.0654296875 0.0751953125
1 0.7392578125 0.671875 0.0654296875 0.080078125
1 0.359375 0.7138671875 0.0654296875 0.0869140625
1 0.275390625 0.76171875 0.11328125 0.0625
1 0.376953125 0.7783203125 0.0888671875 0.0712890625
1 0.2978515625 0.8740234375 0.0498046875 0.158203125
1 0.453125 0.908203125 0.087890625 0.068359375
1 0.3857421875 0.87109375 0.0771484375 0.0693359375
1 0.6494140625 0.9599609375 0.1005859375 0.0791015625
1 0.810546875 0.9765625 0.078125 0.046875
1 0.9755859375 0.1611328125 0.048828125 0.0947265625
1 0.845703125 0.373046875 0.078125 0.068359375
1 0.900390625 0.388671875 0.072265625 0.068359375
1 0.8271484375 0.5361328125 0.0712890625 0.080078125
1 0.8232421875 0.2685546875 0.060546875 0.09765625
1 0.943359375 0.2255859375 0.09375 0.080078125
1 0.7734375 0.0517578125 0.1044921875 0.103515625
1 0.8154296875 0.0595703125 0.056640625 0.0625
1 0.744140625 0.2724609375 0.068359375 0.087890625
1 0.3486328125 0.8359375 0.0703125 0.0703125
1 0.076171875 0.45703125 0.0732421875 0.07421875
1 0.1357421875 0.548828125 0.0703125 0.05859375
1 0.5185546875 0.40625 0.0615234375 0.0810546875
1 0.3603515625 0.9189453125 0.0849609375 0.087890625
1 0.5947265625 0.6240234375 0.0673828125 0.06640625
1 0.7861328125 0.158203125 0.0419921875 0.0625
1 0.853515625 0.1982421875 0.046875 0.0712890625
1 0.771484375 0.9609375 0.0625 0.0712890625
