1 0.818359375 0.775390625 0.05859375 0.087890625
1 0.5009765625 0.7421875 0.05859375 0.087890625
1 0.6494140625 0.4296875 0.076171875 0.091796875
1 0.94921875 0.0869140625 0.0517578125 0.0986328125
1 0.1015625 0.521484375 0.0625 0.08203125
1 0.548828125 0.4365234375 0.0517578125 0.095703125
1 0.763671875 0.4736328125 0.0791015625 0.0693359375
1 0.7177734375 0.15625 0.0703125 0.099609375
1 0.1044921875 0.224609375 0.0849609375 0.0673828125
1 0.9755859375 0.2861328125 0.048828125 0.060546875
1 0.2158203125 0.564453125 0.0673828125 0.0625
1 0.5751953125 0.06640625 0.0771484375 0.103515625
1 0.388671875 0.119140625 0.1064453125 0.1279296875
1 0.427734375 0.236328125 0.1171875 0.0751953125
1 0.0361328125 0.400390625 0.0625 0.0712890625
1 0.8798828125 0.544921875 0.0732421875 0.072265625
1 0.703125 0.8125 0.0771484375 0.0830078125
1 0.02734375 0.03515625 0.0556640625 0.0712890625
1 0.8759765625 0.4150390625 0.0546875 0.0771484375
1 0.11328125 0.078125 0.0791015625 0.0888671875
1 0.3125 0.7763671875 0.1123046875 0.1064453125
1 0.3525390625 0.2314453125 0.0927734375 0.06640625
1 0.59765625 0.1513671875 0.09765625 0.0986328125
1 0.431640625 0.5546875 0.0791015625 0.068359375
1 0.7939453125 0.5771484375 0.0400390625 0.0712890625
1 0.4990234375 0.466796875 0.0703125 0.08203125
1 0.7001953125 0.5556640625 0.0625 0.0595703125
1 0.9462890625 0.5556640625 0.0751953125 0.0517578125
1 0.486328125 0.0703125 0.1005859375 0.1025390625
1 0.1494140625 0.703125 0.1162109375 0.091796875
1 0.4970703125 0.54296875 0.04296875 0.1005859375
1 0.1171875 0.134765625 0.0576171875 0.076171875
1 0.6044921875 0.876953125 0.0927734375 0.076171875
1 0.8642578125 0.6298828125 0.0830078125 0.0556640625
1 0.85546875 0.576171875 0.06640625 0.056640625
1 0.306640625 0.5439453125 0.109375 0.0830078125
1 0.265625 0.884765625 0.1044921875 0.080078125
1 0.662109375 0.3505859375 0.087890625 0.0673828125
1 0.8349609375 0.2001953125 0.0771484375 0.0673828125
1 0.3359375 0.9521484375 0.0703125 0.0615234375
1 0.3310546875 0.4541015625 0.060546875 0.0576171875
1 0.498046875 0.92578125 0.0654296875 0.0625
1 0.576171875 0.55859375 0.0712890625 0.0595703125
1 0.12109375 0.9541015625 0.0966796875 0.056640625
1 0.59375 0.5400390625 0.0625 0.060546875
1 0.7578125 0.1005859375 0.0419921875 0.09375
1 0.6484375 0.849609375 0.0615234375 0.0615234375
1 0.2880859375 0.0205078125 0.072265625 0.041015625
1 0.2802734375 0.7998046875 0.115234375 0.06640625
1 0.7177734375 0.77734375 0.0771484375 0.0517578125
1 0.5048828125 0.0166015625 0.083984375 0.0341796875
1 0.1240234375 0.4091796875 0.0654296875 0.046875
1 0.8193359375 0.88671875 0.0810546875 0.0615234375
1 0.6728515625 0.7158203125 0.1083984375 0.091796875
1 0.12890625 0.6162109375 0.0673828125 0.0458984375
1 0.06640625 0.6201171875 0.1025390625 0.0380859375
1 0.6865234375 0.255859375 0.10546875 0.0517578125
1 0.77734375 0.9404296875 0.0927734375 0.07421875
1 0.8212890625 0.6484375 0.0595703125 0.0263671875
1 0.458984375 0.935546875 0.060546875 0.037109375
1 0.359375 0.517578125 0.056640625 0.060546875
1 0.63671875 0.9384765625 0.103515625 0.083984375
1 0.5068359375 0.81640625 0.0849609375 0.03515625
1 0.9521484375 0.8916015625 0.046875 0.0419921875
1 0.447265625 0.5986328125 0.068359375 0.0380859375
1 0.76953125 0.0283203125 0.060546875 0.0478515625
1 0.6552734375 0.6474609375 0.0556640625 0.0517578125
1 0.4453125 0.7177734375 0.048828125 0.0322265625
1 0.806640625 0.181640625 0.064453125 0.09375
1 0.580078125 0.46484375 0.08203125 0.0302734375
1 0.2666015625 0.9169921875 0.0791015625 0.0439453125
1 0.5556640625 0.6923828125 0.08203125 0.078125
1 0.587890625 0.943359375 0.0859375 0.0361328125
