1 0.447265625 0.830078125 0.1142578125 0.0888671875
1 0.3037109375 0.1689453125 0.130859375 0.095703125
1 0.357421875 0.6494140625 0.1025390625 0.060546875
1 0.4677734375 0.1513671875 0.087890625 0.052734375
1 0.98046875 0.80859375 0.0390625 0.0732421875
1 0.5595703125 0.4912109375 0.107421875 0.0556640625
1 0.4375 0.4423828125 0.0703125 0.0791015625
1 0.08984375 0.3642578125 0.0693359375 0.0703125
1 0.8349609375 0.181640625 0.068359375 0.078125
1 0.9931640625 0.7578125 0.0126953125 0.0625
1 0.7919921875 0.9677734375 0.1435546875 0.0625
1 0.1865234375 0.2978515625 0.1025390625 0.046875
1 0.2490234375 0.6357421875 0.1376953125 0.03515625
1 0.9189453125 0.4873046875 0.0712890625 0.044921875
1 0.1142578125 0.021484375 0.1015625 0.0439453125
1 0.6572265625 0.625 0.0947265625 0.0458984375
1 0.439453125 0.634765625 0.0869140625 0.076171875
1 0.0546875 0.072265625 0.1103515625 0.060546875
1 0.3447265625 0.2529296875 0.0810546875 0.0380859375
1 0.1171875 0.984375 0.0947265625 0.029296875
1 0.66015625 0.2265625 0.078125 0.05859375
1 0.6669921875 0.12109375 0.0419921875 0.06640625
1 0.103515625 0.57421875 0.109375 0.0517578125
1 0.41015625 0.546875 0.1337890625 0.0556640625
1 0.767578125 0.4072265625 0.08203125 0.033203125
1 0.0439453125 0.974609375 0.0888671875 0.048828125
1 0.8369140625 0.0166015625 0.07421875 0.0322265625
1 0.619140625 0.74609375 0.1171875 0.041015625
1 0.8671875 0.2490234375 0.1083984375 0.0419921875
1 0.45703125 0.068359375 0.1552734375 0.0419921875
1 0.373046875 0.0361328125 0.103515625 0.052734375
1 0.6435546875 0.5869140625 0.1201171875 0.0322265625
1 0.40234375 0.400390625 0.1083984375 0.0458984375
1 0.23828125 0.48046875 0.1552734375 0.0673828125
1 0.103515625 0.857421875 0.1123046875 0.080078125
1 0.712890625 0.2314453125 0.03125 0.07421875
1 0.9140625 0.685546875 0.05859375 0.0244140625
1 0.7099609375 0.904296875 0.16015625 0.0498046875
1 0.716796875 0.4853515625 0.064453125 0.0654296875
1 0.7509765625 0.6787109375 0.1240234375 0.0361328125
1 0.6611328125 0.8779296875 0.0810546875 0.025390625
1 0.5771484375 0.53125 0.072265625 0.044921875
1 0.2109375 0.900390625 0.09765625 0.044921875
1 0.68359375 0.333984375 0.078125 0.029296875
1 0.93359375 0.5693359375 0.0693359375 0.041015625
1 0.5517578125 0.8134765625 0.1318359375 0.03515625
1 0.8720703125 0.7919921875 0.1064453125 0.06640625
1 0.861328125 0.0546875 0.0546875 0.033203125
1 0.9462890625 0.341796875 0.052734375 0.0400390625
1 0.9892578125 0.3740234375 0.021484375 0.0234375
1 0.2724609375 0.015625 0.0654296875 0.0322265625
1 0.677734375 0.9453125 0.0849609375 0.0361328125
1 0.6884765625 0.294921875 0.1083984375 0.037109375
1 0.97265625 0.28515625 0.0546875 0.0654296875
1 0.3291015625 0.927734375 0.0654296875 0.0458984375
1 0.5849609375 0.9072265625 0.052734375 0.033203125
1 0.0703125 0.90234375 0.080078125 0.025390625
1 0.4794921875 0.9267578125 0.060546875 0.0400390625
1 0.2888671875 0.56025390625 0.10703124999999997 0.03994140624999998
1 0.0400390625 0.412109375 0.078125 0.0400390625
1 0.37890625 0.9208984375 0.1083984375 0.04296875
1 0.9873046875 0.98046875 0.025390625 0.0283203125
1 0.447265625 0.6591796875 0.087890625 0.06640625
1 0.9130859375 0.458984375 0.0751953125 0.0419921875
1 0.97265625 0.095703125 0.0537109375 0.0146484375
1 0.9755859375 0.013671875 0.037109375 0.0263671875
1 0.025390625 0.080078125 0.05078125 0.044921875
1 0.607421875 0.984375 0.1181640625 0.0302734375
1 0.5498046875 0.982421875 0.0537109375 0.0302734375
1 0.0283203125 0.796875 0.056640625 0.03515625
1 0.19921875 0.1162109375 0.05859375 0.0400390625
1 0.9912109375 0.775390625 0.0166015625 0.0654296875
1 0.9814453125 0.22265625 0.0361328125 0.041015625
1 0.5029296875 0.62890625 0.0849609375 0.0400390625
1 0.03125 0.6533203125 0.0625 0.044921875
1 0.1650390625 0.5869140625 0.0673828125 0.048828125
1 0.2236328125 0.9619140625 0.080078125 0.0390625
1 0.2109375 0.283203125 0.0615234375 0.064453125
1 0.69140625 0.6533203125 0.04296875 0.0498046875
