1 0.205078125 0.0126953125 0.095703125 0.0263671875
1 0.4404296875 0.0986328125 0.1201171875 0.095703125
1 0.0263671875 0.193359375 0.0537109375 0.1357421875
1 0.125 0.30859375 0.119140625 0.0869140625
1 0.1884765625 0.4111328125 0.1015625 0.076171875
1 0.162109375 0.5283203125 0.109375 0.0966796875
1 0.2294921875 0.5625 0.0791015625 0.0888671875
1 0.4775390625 0.615234375 0.09375 0.0830078125
1 0.037109375 0.9287109375 0.07421875 0.09375
1 0.1220703125 0.9560546875 0.076171875 0.087890625
1 0.162109375 0.7158203125 0.068359375 0.0859375
1 0.201171875 0.6748046875 0.09375 0.08203125
1 0.3603515625 0.7529296875 0.109375 0.0810546875
1 0.529296875 0.8681640625 0.087890625 0.0673828125
1 0.541015625 0.966796875 0.09765625 0.0654296875
1 0.7607421875 0.900390625 0.2138671875 0.095703125
1 0.9521484375 0.9521484375 0.095703125 0.06640625
1 0.8037109375 0.529296875 0.1171875 0.0947265625
1 0.9443359375 0.2431640625 0.0849609375 0.068359375
1 0.822265625 0.296875 0.06640625 0.087890625
1 0.9521484375 0.333984375 0.080078125 0.056640625
1 0.794921875 0.0810546875 0.0791015625 0.095703125
1 0.552734375 0.146484375 0.068359375 0.0927734375
1 0.4921875 0.2158203125 0.0751953125 0.0517578125
1 0.5830078125 0.2509765625 0.091796875 0.076171875
1 0.6240234375 0.4130859375 0.1123046875 0.0703125
1 0.794921875 0.1796875 0.1044921875 0.0986328125
1 0.9794921875 0.0537109375 0.0400390625 0.0693359375
