1 0.9189453125 0.3623046875 0.0751953125 0.080078125
1 0.6826171875 0.46875 0.0830078125 0.0751953125
1 0.828125 0.48828125 0.1123046875 0.087890625
1 0.55859375 0.2666015625 0.0810546875 0.115234375
1 0.7412109375 0.18359375 0.08203125 0.091796875
1 0.7841796875 0.822265625 0.07421875 0.0732421875
1 0.9521484375 0.806640625 0.095703125 0.080078125
1 0.9072265625 0.22265625 0.1201171875 0.080078125
1 0.767578125 0.3896484375 0.0576171875 0.08984375
1 0.8017578125 0.2724609375 0.08984375 0.080078125
1 0.6904296875 0.873046875 0.072265625 0.072265625
1 0.83203125 0.9443359375 0.0703125 0.064453125
1 0.5166015625 0.529296875 0.0654296875 0.0751953125
1 0.70703125 0.0400390625 0.07421875 0.0771484375
1 0.8291015625 0.060546875 0.0595703125 0.087890625
1 0.8291015625 0.09375 0.0498046875 0.0849609375
1 0.97265625 0.0419921875 0.052734375 0.080078125
1 0.9599609375 0.1689453125 0.0751953125 0.064453125
1 0.79296875 0.341796875 0.107421875 0.0546875
1 0.6025390625 0.4169921875 0.033203125 0.0634765625
1 0.5625 0.392578125 0.04296875 0.0556640625
1 0.806640625 0.546875 0.080078125 0.0498046875
1 0.904296875 0.95703125 0.0595703125 0.05078125
