1 0.1611328125 0.1865234375 0.0556640625 0.0849609375
1 0.212890625 0.126953125 0.0546875 0.0791015625
1 0.2392578125 0.2333984375 0.046875 0.0654296875
1 0.263671875 0.1513671875 0.078125 0.0908203125
1 0.0283203125 0.50390625 0.0576171875 0.0615234375
1 0.142578125 0.4609375 0.0751953125 0.056640625
1 0.126953125 0.529296875 0.05859375 0.044921875
1 0.2021484375 0.5947265625 0.0634765625 0.0517578125
1 0.138671875 0.96875 0.0771484375 0.0625
1 0.1494140625 0.8671875 0.0576171875 0.0517578125
1 0.2021484375 0.8515625 0.0546875 0.0625
1 0.125 0.7978515625 0.11328125 0.05859375
1 0.0400390625 0.8017578125 0.080078125 0.0576171875
1 0.060546875 0.8642578125 0.080078125 0.0458984375
1 0.3330078125 0.8154296875 0.0830078125 0.048828125
1 0.1865234375 0.72265625 0.076171875 0.0537109375
1 0.33203125 0.6494140625 0.06640625 0.056640625
1 0.3564453125 0.5693359375 0.0732421875 0.0556640625
1 0.4423828125 0.603515625 0.076171875 0.083984375
1 0.4873046875 0.5 0.068359375 0.05859375
1 0.4228515625 0.30078125 0.0517578125 0.0615234375
1 0.9677734375 0.3310546875 0.0625 0.072265625
1 0.3505859375 0.0283203125 0.06640625 0.056640625
1 0.3896484375 0.0859375 0.08203125 0.0810546875
1 0.4384765625 0.115234375 0.0771484375 0.0703125
1 0.466796875 0.1943359375 0.0517578125 0.0595703125
1 0.5234375 0.166015625 0.078125 0.0869140625
1 0.5146484375 0.2626953125 0.0830078125 0.0810546875
1 0.619140625 0.1318359375 0.080078125 0.05859375
1 0.6865234375 0.0703125 0.0771484375 0.0712890625
1 0.580078125 0.0166015625 0.0634765625 0.033203125
1 0.951171875 0.0205078125 0.0966796875 0.041015625
1 0.8388671875 0.109375 0.0966796875 0.0732421875
1 0.736328125 0.0908203125 0.0712890625 0.05859375
1 0.740234375 0.1513671875 0.0654296875 0.0654296875
1 0.6328125 0.2705078125 0.0703125 0.11328125
1 0.708984375 0.2421875 0.056640625 0.08984375
1 0.765625 0.275390625 0.072265625 0.0830078125
1 0.7783203125 0.193359375 0.076171875 0.080078125
1 0.8544921875 0.2998046875 0.1044921875 0.076171875
1 0.6640625 0.3505859375 0.1201171875 0.0556640625
1 0.7490234375 0.35546875 0.0693359375 0.048828125
1 0.8095703125 0.400390625 0.0947265625 0.1103515625
1 0.74609375 0.53125 0.060546875 0.0732421875
1 0.599609375 0.5419921875 0.060546875 0.0517578125
1 0.54296875 0.5888671875 0.0673828125 0.0556640625
1 0.54296875 0.6357421875 0.087890625 0.05859375
1 0.5107421875 0.6943359375 0.1015625 0.060546875
1 0.484375 0.7802734375 0.06640625 0.06640625
1 0.4365234375 0.8369140625 0.0732421875 0.056640625
1 0.455078125 0.8828125 0.095703125 0.048828125
1 0.6435546875 0.861328125 0.076171875 0.0654296875
1 0.736328125 0.74609375 0.1337890625 0.0625
1 0.7080078125 0.6982421875 0.05078125 0.0390625
1 0.7470703125 0.6640625 0.0712890625 0.04296875
1 0.8876953125 0.677734375 0.0966796875 0.0712890625
1 0.95703125 0.63671875 0.0849609375 0.0478515625
1 0.8740234375 0.765625 0.0810546875 0.0595703125
1 0.9658203125 0.7587890625 0.068359375 0.0654296875
1 0.83203125 0.849609375 0.087890625 0.05078125
1 0.79296875 0.880859375 0.078125 0.056640625
1 0.7939453125 0.958984375 0.046875 0.05078125
1 0.9560546875 0.8369140625 0.0771484375 0.056640625
1 0.95703125 0.91015625 0.060546875 0.0625
