1 0.6982421875 0.5 0.05859375 0.0908203125
1 0.0390625 0.595703125 0.0712890625 0.0712890625
1 0.24609375 0.314453125 0.064453125 0.080078125
1 0.0703125 0.693359375 0.0732421875 0.083984375
1 0.8125 0.689453125 0.0458984375 0.078125
1 0.0986328125 0.5078125 0.0693359375 0.0625
1 0.4072265625 0.0732421875 0.0478515625 0.080078125
1 0.6259765625 0.97265625 0.0439453125 0.0546875
1 0.8505859375 0.5625 0.052734375 0.1171875
1 0.2392578125 0.82421875 0.025390625 0.0859375
1 0.3583984375 0.0712890625 0.072265625 0.080078125
1 0.25390625 0.630859375 0.087890625 0.103515625
1 0.01171875 0.2216796875 0.0244140625 0.0537109375
1 0.4189453125 0.84765625 0.072265625 0.0380859375
1 0.373046875 0.9521484375 0.05859375 0.046875
1 0.6904296875 0.681640625 0.05859375 0.0458984375
1 0.08984375 0.2236328125 0.0615234375 0.05859375
1 0.1474609375 0.77734375 0.0673828125 0.0380859375
1 0.26953125 0.4921875 0.068359375 0.03515625
1 0.9111328125 0.3955078125 0.02734375 0.05078125
1 0.5498046875 0.677734375 0.0322265625 0.0751953125
1 0.76953125 0.8251953125 0.0634765625 0.041015625
1 0.880859375 0.40625 0.0498046875 0.0615234375
1 0.830078125 0.9814453125 0.0302734375 0.0361328125
1 0.341796875 0.5537109375 0.0615234375 0.0458984375
1 0.873046875 0.7490234375 0.0751953125 0.04296875
1 0.5732421875 0.5439453125 0.0498046875 0.0546875
1 0.103515625 0.6416015625 0.052734375 0.0419921875
1 0.0771484375 0.9013671875 0.029296875 0.0517578125
1 0.9814453125 0.3857421875 0.0322265625 0.0771484375
1 0.9755859375 0.8564453125 0.0439453125 0.068359375
1 0.791015625 0.0390625 0.0302734375 0.0615234375
1 0.6650390625 0.9013671875 0.0341796875 0.0615234375
1 0.1845703125 0.525390625 0.0693359375 0.0546875
1 0.537109375 0.8447265625 0.06640625 0.0361328125
1 0.5634765625 0.6796875 0.0283203125 0.072265625
1 0.388671875 0.892578125 0.080078125 0.041015625
1 0.91796875 0.7548828125 0.025390625 0.0634765625
1 0.7958984375 0.7275390625 0.0361328125 0.0732421875
1 0.67578125 0.603515625 0.0302734375 0.0595703125
1 0.9560546875 0.287109375 0.025390625 0.0546875
1 0.55859375 0.8046875 0.099609375 0.04296875
1 0.9833984375 0.650390625 0.0322265625 0.0361328125
1 0.232421875 0.7041015625 0.041015625 0.0478515625
1 0.984375 0.98828125 0.025390625 0.0234375
1 0.1650390625 0.912109375 0.07421875 0.0322265625
1 0.8125 0.4521484375 0.0361328125 0.0732421875
1 0.2958984375 0.751953125 0.0517578125 0.05078125
1 0.587890625 0.421875 0.064453125 0.080078125
1 0.6484375 0.447265625 0.05078125 0.0771484375
1 0.8212890625 0.5146484375 0.0732421875 0.0537109375
1 0.3984375 0.7734375 0.06640625 0.0439453125
1 0.9052734375 0.8818359375 0.0546875 0.0458984375
1 0.984375 0.708984375 0.0302734375 0.048828125
1 0.0234375 0.9140625 0.03515625 0.0439453125
1 0.8154296875 0.2109375 0.060546875 0.04296875
1 0.6435546875 0.826171875 0.0556640625 0.041015625
