1 0.658203125 0.7978515625 0.0888671875 0.091796875
1 0.0927734375 0.1328125 0.103515625 0.1884765625
1 0.2080078125 0.44140625 0.16015625 0.1123046875
1 0.3427734375 0.7109375 0.1728515625 0.177734375
1 0.830078125 0.9765625 0.1279296875 0.0458984375
1 0.193359375 0.16796875 0.115234375 0.1005859375
1 0.12890625 0.6728515625 0.1044921875 0.1123046875
1 0.7802734375 0.8740234375 0.1279296875 0.1650390625
1 0.6650390625 0.4248046875 0.109375 0.1953125
1 0.8466796875 0.380859375 0.1455078125 0.1552734375
1 0.755859375 0.220703125 0.08203125 0.16796875
1 0.3525390625 0.4951171875 0.0810546875 0.087890625
1 0.716796875 0.5283203125 0.0849609375 0.13671875
1 0.9541015625 0.1005859375 0.0908203125 0.1025390625
1 0.7021484375 0.2294921875 0.0703125 0.109375
1 0.9140625 0.89453125 0.1142578125 0.0859375
1 0.810546875 0.2587890625 0.087890625 0.1201171875
1 0.8076171875 0.5302734375 0.1220703125 0.1533203125
1 0.291015625 0.50390625 0.0625 0.1552734375
1 0.9375 0.9619140625 0.125 0.0703125
