1 0.08203125 0.1640625 0.0478515625 0.1240234375
1 0.26171875 0.14453125 0.0341796875 0.080078125
1 0.146484375 0.0419921875 0.0478515625 0.0517578125
1 0.1943359375 0.0205078125 0.0712890625 0.0419921875
1 0.3154296875 0.05859375 0.0556640625 0.0546875
1 0.4716796875 0.1162109375 0.046875 0.052734375
1 0.6142578125 0.10546875 0.056640625 0.1171875
1 0.65625 0.18359375 0.0498046875 0.1005859375
1 0.705078125 0.14453125 0.05859375 0.0576171875
1 0.8759765625 0.1767578125 0.072265625 0.0478515625
1 0.8115234375 0.048828125 0.0703125 0.046875
1 0.880859375 0.0126953125 0.0859375 0.0263671875
1 0.8974609375 0.2705078125 0.1015625 0.0693359375
1 0.384765625 0.2890625 0.119140625 0.0478515625
1 0.0126953125 0.318359375 0.0263671875 0.0830078125
1 0.0205078125 0.490234375 0.0419921875 0.056640625
1 0.150390625 0.5107421875 0.0693359375 0.072265625
1 0.2392578125 0.4873046875 0.0537109375 0.048828125
1 0.212890625 0.4189453125 0.0615234375 0.0673828125
1 0.283203125 0.380859375 0.0517578125 0.052734375
1 0.3310546875 0.3828125 0.06640625 0.056640625
1 0.4248046875 0.337890625 0.076171875 0.0439453125
1 0.71484375 0.3828125 0.0517578125 0.0498046875
1 0.9375 0.46484375 0.064453125 0.0625
1 0.6728515625 0.4736328125 0.064453125 0.0732421875
1 0.72265625 0.48828125 0.05859375 0.044921875
1 0.2119140625 0.298828125 0.076171875 0.0654296875
1 0.1611328125 0.3623046875 0.0537109375 0.0888671875
1 0.216796875 0.333984375 0.0615234375 0.041015625
1 0.498046875 0.4921875 0.0478515625 0.048828125
1 0.541015625 0.5390625 0.0673828125 0.0654296875
1 0.5595703125 0.587890625 0.0771484375 0.0546875
1 0.638671875 0.5419921875 0.0615234375 0.041015625
1 0.7294921875 0.58203125 0.06640625 0.0478515625
1 0.8046875 0.6357421875 0.068359375 0.119140625
1 0.966796875 0.6591796875 0.0654296875 0.0517578125
1 0.8583984375 0.744140625 0.1005859375 0.0693359375
1 0.806640625 0.77734375 0.123046875 0.0732421875
1 0.7158203125 0.7412109375 0.0546875 0.046875
1 0.6494140625 0.7294921875 0.0517578125 0.056640625
1 0.083984375 0.6220703125 0.04296875 0.08203125
1 0.2451171875 0.69140625 0.076171875 0.1064453125
1 0.1923828125 0.70703125 0.0546875 0.0595703125
1 0.1328125 0.7177734375 0.041015625 0.0419921875
1 0.15234375 0.78515625 0.056640625 0.0615234375
1 0.28125 0.8369140625 0.0693359375 0.052734375
1 0.380859375 0.5595703125 0.0908203125 0.0625
1 0.4951171875 0.7392578125 0.072265625 0.046875
1 0.4384765625 0.751953125 0.10546875 0.037109375
1 0.3525390625 0.763671875 0.0810546875 0.046875
1 0.3828125 0.7236328125 0.056640625 0.0390625
1 0.7119140625 0.806640625 0.0751953125 0.03515625
1 0.884765625 0.8896484375 0.078125 0.052734375
1 0.9677734375 0.8505859375 0.0634765625 0.05078125
1 0.9677734375 0.966796875 0.0546875 0.0654296875
1 0.830078125 0.96484375 0.068359375 0.0703125
1 0.69140625 0.853515625 0.046875 0.05859375
1 0.4638671875 0.8681640625 0.076171875 0.05078125
1 0.3984375 0.916015625 0.0400390625 0.0478515625
1 0.3310546875 0.91015625 0.0341796875 0.076171875
1 0.259765625 0.96484375 0.1005859375 0.0546875
1 0.564453125 0.1044921875 0.0615234375 0.0234375
1 0.373046875 0.7939453125 0.1005859375 0.0517578125
1 0.08984375 0.90625 0.0693359375 0.05859375
1 0.3046875 0.59765625 0.052734375 0.05859375
