1 0.39453125 0.3515625 0.134765625 0.0947265625
1 0.3984375 0.533203125 0.09765625 0.078125
1 0.8349609375 0.6474609375 0.083984375 0.064453125
1 0.51171875 0.4833984375 0.08984375 0.072265625
1 0.3955078125 0.1259765625 0.087890625 0.072265625
1 0.3349609375 0.171875 0.080078125 0.0751953125
1 0.6171875 0.0693359375 0.140625 0.0751953125
1 0.578125 0.9130859375 0.1171875 0.1064453125
1 0.5966796875 0.376953125 0.1396484375 0.109375
1 0.2255859375 0.869140625 0.1123046875 0.1298828125
1 0.546875 0.115234375 0.10546875 0.0830078125
1 0.39453125 0.650390625 0.10546875 0.1181640625
1 0.2265625 0.748046875 0.0947265625 0.08203125
1 0.0380859375 0.4990234375 0.072265625 0.1103515625
1 0.8955078125 0.5751953125 0.0927734375 0.0771484375
1 0.46484375 0.84765625 0.115234375 0.1279296875
1 0.4931640625 0.755859375 0.140625 0.130859375
1 0.4111328125 0.279296875 0.0625 0.044921875
1 0.4296875 0.896484375 0.080078125 0.1142578125
1 0.8505859375 0.98046875 0.236328125 0.0380859375
1 0.8662109375 0.6953125 0.052734375 0.0546875
