1 0.3818359375 0.353515625 0.0732421875 0.09375
1 0.455078125 0.30078125 0.0498046875 0.060546875
1 0.529296875 0.2880859375 0.044921875 0.0595703125
1 0.3271484375 0.1962890625 0.0947265625 0.0634765625
1 0.24609375 0.10546875 0.08203125 0.0693359375
1 0.34765625 0.05859375 0.0595703125 0.095703125
1 0.47265625 0.12890625 0.078125 0.0693359375
1 0.5048828125 0.0302734375 0.0771484375 0.0615234375
1 0.572265625 0.1015625 0.080078125 0.087890625
1 0.916015625 0.138671875 0.138671875 0.072265625
1 0.859375 0.2421875 0.091796875 0.0615234375
1 0.9326171875 0.2109375 0.091796875 0.07421875
1 0.111328125 0.228515625 0.138671875 0.0712890625
1 0.0556640625 0.3271484375 0.0615234375 0.05859375
1 0.1337890625 0.4306640625 0.095703125 0.0859375
1 0.1689453125 0.59765625 0.08203125 0.1083984375
1 0.201171875 0.6220703125 0.080078125 0.068359375
1 0.337890625 0.5546875 0.0625 0.115234375
1 0.390625 0.57421875 0.0439453125 0.12109375
1 0.498046875 0.5224609375 0.0703125 0.0830078125
1 0.6298828125 0.5087890625 0.0546875 0.0693359375
1 0.720703125 0.3447265625 0.09765625 0.083984375
1 0.79296875 0.4111328125 0.0673828125 0.05859375
1 0.9072265625 0.3896484375 0.083984375 0.0595703125
1 0.75 0.53515625 0.0810546875 0.0673828125
1 0.9404296875 0.5810546875 0.1005859375 0.076171875
1 0.8818359375 0.701171875 0.0791015625 0.1064453125
1 0.5771484375 0.7001953125 0.0849609375 0.1181640625
1 0.568359375 0.83984375 0.072265625 0.076171875
1 0.4208984375 0.75390625 0.078125 0.0654296875
1 0.4716796875 0.9130859375 0.091796875 0.068359375
1 0.755859375 0.943359375 0.11328125 0.0771484375
1 0.2705078125 0.9638671875 0.0986328125 0.072265625
1 0.03515625 0.9541015625 0.0712890625 0.0849609375
1 0.095703125 0.732421875 0.09765625 0.05078125
1 0.0263671875 0.708984375 0.0419921875 0.107421875
1 0.05078125 0.0390625 0.0859375 0.0791015625
1 0.966796875 0.7392578125 0.0654296875 0.080078125
1 0.9609375 0.6708984375 0.0693359375 0.07421875
1 0.876953125 0.5986328125 0.056640625 0.0732421875
1 0.5048828125 0.703125 0.0791015625 0.0546875
1 0.271484375 0.71875 0.0654296875 0.0498046875
1 0.6181640625 0.6904296875 0.05859375 0.0693359375
1 0.9404296875 0.537109375 0.0771484375 0.0576171875
