1 0.234375 0.974609375 0.1279296875 0.046875
1 0.71875 0.9423828125 0.1298828125 0.115234375
1 0.1552734375 0.6796875 0.0927734375 0.07421875
1 0.61328125 0.84765625 0.107421875 0.0869140625
1 0.9560546875 0.962890625 0.0869140625 0.0712890625
1 0.310546875 0.3544921875 0.072265625 0.109375
1 0.4658203125 0.892578125 0.09765625 0.1103515625
1 0.484375 0.69921875 0.0810546875 0.0966796875
1 0.251953125 0.1240234375 0.08984375 0.1044921875
1 0.638671875 0.1494140625 0.0751953125 0.1298828125
1 0.42578125 0.1318359375 0.091796875 0.1396484375
1 0.439453125 0.3603515625 0.095703125 0.1015625
1 0.87890625 0.580078125 0.1201171875 0.0673828125
1 0.0283203125 0.611328125 0.056640625 0.0849609375
1 0.869140625 0.4853515625 0.0947265625 0.0927734375
1 0.7060546875 0.6689453125 0.0771484375 0.08203125
1 0.3779296875 0.796875 0.09765625 0.2099609375
1 0.845703125 0.2158203125 0.087890625 0.087890625
1 0.1142578125 0.34765625 0.1201171875 0.0830078125
1 0.0361328125 0.3759765625 0.072265625 0.142578125
1 0.51953125 0.154296875 0.109375 0.0849609375
1 0.1962890625 0.4482421875 0.09375 0.11328125
1 0.6865234375 0.29296875 0.1357421875 0.1728515625
1 0.8916015625 0.353515625 0.216796875 0.1982421875
1 0.5693359375 0.2958984375 0.0703125 0.091796875
1 0.490234375 0.2431640625 0.0830078125 0.087890625
1 0.025390625 0.271484375 0.05078125 0.1396484375
1 0.5126953125 0.556640625 0.1669921875 0.08984375
1 0.037109375 0.1572265625 0.0693359375 0.080078125
1 0.103515625 0.0419921875 0.107421875 0.080078125
1 0.9482421875 0.6669921875 0.1025390625 0.07421875
1 0.560546875 0.033203125 0.1123046875 0.06640625
1 0.1142578125 0.54296875 0.0595703125 0.072265625
1 0.9453125 0.44140625 0.109375 0.0810546875
1 0.9658203125 0.7626953125 0.068359375 0.0771484375
1 0.8798828125 0.9716796875 0.1318359375 0.0556640625
1 0.53515625 0.6943359375 0.0966796875 0.095703125
1 0.759765625 0.2080078125 0.0546875 0.1474609375
1 0.44921875 0.033203125 0.109375 0.0625
