1 0.767578125 0.896484375 0.138671875 0.07421875
1 0.6484375 0.71484375 0.1025390625 0.0625
1 0.48828125 0.6630859375 0.109375 0.0947265625
1 0.193359375 0.595703125 0.08203125 0.078125
1 0.3720703125 0.85546875 0.08203125 0.087890625
1 0.5361328125 0.9423828125 0.099609375 0.1005859375
1 0.14453125 0.7236328125 0.08984375 0.0849609375
1 0.1708984375 0.853515625 0.091796875 0.09765625
1 0.375 0.541015625 0.107421875 0.0810546875
1 0.341796875 0.9296875 0.080078125 0.115234375
1 0.4833984375 0.869140625 0.1025390625 0.095703125
1 0.4140625 0.9736328125 0.0693359375 0.052734375
1 0.7216796875 0.6982421875 0.134765625 0.064453125
