1 0.427734375 0.6220703125 0.06640625 0.0732421875
1 0.607421875 0.0322265625 0.05078125 0.064453125
1 0.2919921875 0.0654296875 0.078125 0.060546875
1 0.158203125 0.1455078125 0.064453125 0.0908203125
1 0.7333984375 0.482421875 0.0986328125 0.0595703125
1 0.23828125 0.533203125 0.0439453125 0.080078125
1 0.0205078125 0.32421875 0.041015625 0.0537109375
1 0.7294921875 0.9658203125 0.0751953125 0.068359375
1 0.31640625 0.234375 0.109375 0.06640625
1 0.822265625 0.1787109375 0.0419921875 0.0732421875
1 0.6171875 0.484375 0.0625 0.046875
1 0.1201171875 0.6640625 0.119140625 0.0673828125
1 0.8193359375 0.2744140625 0.064453125 0.109375
1 0.560546875 0.1484375 0.0556640625 0.12890625
1 0.357421875 0.177734375 0.02734375 0.1044921875
1 0.4619140625 0.283203125 0.087890625 0.0830078125
1 0.7041015625 0.4248046875 0.0625 0.06640625
1 0.9228515625 0.541015625 0.07421875 0.0595703125
1 0.955078125 0.0625 0.0849609375 0.1005859375
1 0.28515625 0.01953125 0.125 0.02734375
1 0.0546875 0.271484375 0.0947265625 0.0869140625
1 0.2421875 0.1416015625 0.0302734375 0.115234375
1 0.419921875 0.78515625 0.1005859375 0.0458984375
1 0.9296875 0.58203125 0.0615234375 0.05078125
1 0.0166015625 0.5556640625 0.033203125 0.0625
1 0.6943359375 0.6669921875 0.064453125 0.0537109375
1 0.103515625 0.8828125 0.064453125 0.0546875
1 0.2255859375 0.2646484375 0.1083984375 0.0517578125
1 0.125 0.861328125 0.0673828125 0.0439453125
1 0.9697265625 0.6376953125 0.0537109375 0.0244140625
1 0.5068359375 0.875 0.1318359375 0.0625
1 0.4697265625 0.0947265625 0.060546875 0.0361328125
1 0.65625 0.041015625 0.060546875 0.05078125
1 0.1748046875 0.5390625 0.0537109375 0.046875
1 0.1044921875 0.14453125 0.05859375 0.0634765625
1 0.962890625 0.9814453125 0.0693359375 0.033203125
1 0.0263671875 0.7275390625 0.052734375 0.0390625
1 0.126953125 0.068359375 0.060546875 0.0380859375
1 0.890625 0.388671875 0.1103515625 0.0498046875
1 0.478515625 0.5556640625 0.05859375 0.06640625
1 0.474609375 0.421875 0.0625 0.0849609375
1 0.8125 0.705078125 0.0869140625 0.03515625
1 0.009765625 0.6357421875 0.0205078125 0.029296875
1 0.716796875 0.029296875 0.0419921875 0.056640625
1 0.603515625 0.88671875 0.02734375 0.060546875
1 0.7255859375 0.08984375 0.0791015625 0.0458984375
1 0.7373046875 0.611328125 0.0625 0.0390625
1 0.755859375 0.8388671875 0.041015625 0.0634765625
1 0.7685546875 0.57421875 0.029296875 0.0654296875
1 0.09375 0.9814453125 0.0986328125 0.03515625
1 0.5810546875 0.603515625 0.0517578125 0.0595703125
1 0.2275390625 0.5888671875 0.0380859375 0.037109375
1 0.2783203125 0.900390625 0.0517578125 0.046875
1 0.7802734375 0.734375 0.0556640625 0.029296875
1 0.6552734375 0.9208984375 0.0322265625 0.037109375
1 0.048828125 0.5927734375 0.0751953125 0.0498046875
1 0.884765625 0.73828125 0.04296875 0.0419921875
1 0.7705078125 0.37109375 0.0673828125 0.05859375
1 0.859375 0.4091796875 0.076171875 0.06640625
1 0.5341796875 0.2958984375 0.0498046875 0.0556640625
1 0.89453125 0.244140625 0.0869140625 0.0595703125
1 0.326171875 0.7177734375 0.0498046875 0.0380859375
1 0.193359375 0.033203125 0.0517578125 0.0556640625
1 0.9560546875 0.8193359375 0.048828125 0.046875
1 0.53515625 0.5146484375 0.05859375 0.056640625
