1 0.013671875 0.26953125 0.0283203125 0.103515625
1 0.08984375 0.3427734375 0.0810546875 0.080078125
1 0.0654296875 0.4443359375 0.0517578125 0.052734375
1 0.1572265625 0.48828125 0.078125 0.0703125
1 0.2490234375 0.4541015625 0.068359375 0.060546875
1 0.376953125 0.3720703125 0.0830078125 0.0908203125
1 0.4482421875 0.2431640625 0.0732421875 0.091796875
1 0.5703125 0.2734375 0.08203125 0.08203125
1 0.568359375 0.3759765625 0.0517578125 0.087890625
1 0.744140625 0.4072265625 0.0576171875 0.0625
1 0.8798828125 0.3935546875 0.0625 0.0654296875
1 0.9228515625 0.3876953125 0.0595703125 0.060546875
1 0.54296875 0.0888671875 0.0888671875 0.0751953125
1 0.3701171875 0.01953125 0.068359375 0.0400390625
1 0.6259765625 0.013671875 0.0771484375 0.0283203125
1 0.033203125 0.025390625 0.06640625 0.05078125
1 0.2734375 0.18359375 0.0693359375 0.0830078125
1 0.6884765625 0.625 0.0751953125 0.0595703125
1 0.67578125 0.71484375 0.080078125 0.064453125
1 0.7646484375 0.755859375 0.0654296875 0.072265625
1 0.8388671875 0.7578125 0.09375 0.1005859375
1 0.927734375 0.806640625 0.0830078125 0.0556640625
1 0.9013671875 0.6982421875 0.0732421875 0.068359375
1 0.8623046875 0.587890625 0.0849609375 0.06640625
1 0.8759765625 0.5224609375 0.0654296875 0.068359375
1 0.7861328125 0.9248046875 0.068359375 0.0703125
1 0.697265625 0.9755859375 0.10546875 0.0478515625
1 0.958984375 0.9609375 0.0810546875 0.0771484375
1 0.462890625 0.8681640625 0.08203125 0.08984375
1 0.384765625 0.978515625 0.0771484375 0.04296875
1 0.298828125 0.953125 0.056640625 0.068359375
1 0.1591796875 0.990234375 0.072265625 0.01953125
1 0.0830078125 0.9921875 0.0751953125 0.015625
1 0.0986328125 0.84765625 0.0546875 0.060546875
1 0.01953125 0.7666015625 0.0390625 0.0693359375
1 0.0634765625 0.76953125 0.060546875 0.078125
1 0.080078125 0.6982421875 0.1015625 0.0712890625
1 0.2822265625 0.283203125 0.0556640625 0.080078125
1 0.3271484375 0.7431640625 0.0869140625 0.083984375
1 0.3564453125 0.6416015625 0.09375 0.1005859375
1 0.2783203125 0.849609375 0.06640625 0.0517578125
1 0.3779296875 0.8115234375 0.0693359375 0.05859375
1 0.5380859375 0.01953125 0.0732421875 0.0390625
1 0.5146484375 0.89453125 0.0263671875 0.02734375
1 0.5732421875 0.9599609375 0.0595703125 0.052734375
1 0.9560546875 0.9892578125 0.080078125 0.0205078125
1 0.7978515625 0.1748046875 0.0498046875 0.03125
1 0.23828125 0.966796875 0.0634765625 0.048828125
