1 0.9482421875 0.333984375 0.0712890625 0.0712890625
1 0.8779296875 0.587890625 0.078125 0.0810546875
1 0.5361328125 0.5166015625 0.05078125 0.0712890625
1 0.494140625 0.6279296875 0.068359375 0.0615234375
1 0.4140625 0.54296875 0.1318359375 0.0830078125
1 0.4169921875 0.0869140625 0.111328125 0.16796875
1 0.5576171875 0.201171875 0.123046875 0.1015625
1 0.2060546875 0.763671875 0.1630859375 0.080078125
1 0.6298828125 0.349609375 0.1005859375 0.1708984375
1 0.0615234375 0.7587890625 0.123046875 0.111328125
1 0.4462890625 0.3564453125 0.0859375 0.087890625
1 0.337890625 0.330078125 0.1015625 0.1103515625
1 0.341796875 0.39453125 0.1484375 0.1064453125
1 0.43359375 0.451171875 0.0283203125 0.0556640625
