1 0.9091796875 0.798828125 0.1455078125 0.0498046875
1 0.623046875 0.619140625 0.107421875 0.0693359375
1 0.470703125 0.7822265625 0.123046875 0.060546875
1 0.71875 0.9453125 0.1611328125 0.0703125
1 0.3154296875 0.8876953125 0.072265625 0.091796875
1 0.4296875 0.7236328125 0.125 0.0625
1 0.658203125 0.8671875 0.078125 0.0703125
1 0.6005859375 0.7626953125 0.09765625 0.0732421875
1 0.1259765625 0.96875 0.087890625 0.0625
1 0.0517578125 0.9560546875 0.0966796875 0.0625
1 0.623046875 0.384765625 0.1376953125 0.0546875
1 0.775390625 0.4931640625 0.08984375 0.052734375
1 0.76953125 0.9248046875 0.140625 0.0634765625
1 0.9404296875 0.884765625 0.1181640625 0.0546875
1 0.642578125 0.982421875 0.0498046875 0.03515625
