1 0.7509765625 0.966796875 0.123046875 0.0654296875
1 0.1181640625 0.78515625 0.091796875 0.1005859375
1 0.845703125 0.900390625 0.197265625 0.0771484375
1 0.7998046875 0.7548828125 0.087890625 0.1005859375
1 0.2255859375 0.5927734375 0.0869140625 0.0830078125
1 0.2548828125 0.8525390625 0.1826171875 0.23046875
1 0.5810546875 0.4931640625 0.1171875 0.1923828125
1 0.97265625 0.8525390625 0.0546875 0.080078125
1 0.96875 0.6171875 0.0625 0.150390625
1 0.720703125 0.8515625 0.216796875 0.1142578125
1 0.7509765625 0.599609375 0.142578125 0.19921875
1 0.1650390625 0.12109375 0.107421875 0.1201171875
1 0.8896484375 0.9765625 0.08984375 0.0458984375
1 0.4375 0.4931640625 0.087890625 0.109375
1 0.556640625 0.8193359375 0.0947265625 0.3603515625
1 0.7509765625 0.3359375 0.181640625 0.138671875
1 0.830078125 0.626953125 0.1171875 0.115234375
1 0.1728515625 0.333984375 0.1123046875 0.3642578125
1 0.88828125 0.28818359375 0.0517578125 0.08496093750000003
1 0.181640625 0.046875 0.0947265625 0.08984375
1 0.31640625 0.5380859375 0.1376953125 0.3623046875
1 0.041015625 0.2060546875 0.0810546875 0.328125
1 0.0615234375 0.41015625 0.099609375 0.1728515625
1 0.4365234375 0.2236328125 0.3115234375 0.2099609375
1 0.658203125 0.349609375 0.1708984375 0.1943359375
1 0.2783203125 0.0244140625 0.1015625 0.048828125
1 0.4892578125 0.4541015625 0.0654296875 0.1142578125
1 0.9384765625 0.328125 0.099609375 0.4052734375
1 0.623046875 0.1552734375 0.23828125 0.2490234375
1 0.208984375 0.64453125 0.0771484375 0.0732421875
1 0.5341796875 0.24609375 0.275390625 0.134765625
1 0.1181640625 0.03125 0.09375 0.0595703125
1 0.06640625 0.2919921875 0.1337890625 0.130859375
