1 0.484375 0.0693359375 0.0546875 0.11328125
1 0.2578125 0.0439453125 0.0673828125 0.0888671875
1 0.0615234375 0.5517578125 0.1240234375 0.072265625
1 0.03125 0.4423828125 0.0625 0.103515625
1 0.150390625 0.8798828125 0.1015625 0.109375
1 0.33984375 0.4921875 0.076171875 0.091796875
1 0.755859375 0.8642578125 0.0673828125 0.0673828125
1 0.8349609375 0.0693359375 0.0546875 0.099609375
1 0.689453125 0.3369140625 0.083984375 0.0517578125
1 0.0908203125 0.279296875 0.064453125 0.0771484375
1 0.7294921875 0.1904296875 0.0615234375 0.0751953125
1 0.3798828125 0.685546875 0.068359375 0.068359375
1 0.9169921875 0.4287109375 0.044921875 0.087890625
1 0.3515625 0.046875 0.0712890625 0.0927734375
1 0.5224609375 0.7509765625 0.072265625 0.0537109375
1 0.5322265625 0.02734375 0.0390625 0.0556640625
1 0.0791015625 0.076171875 0.072265625 0.0712890625
1 0.96484375 0.482421875 0.0576171875 0.0791015625
1 0.8701171875 0.3916015625 0.0595703125 0.1015625
1 0.083984375 0.1474609375 0.078125 0.0595703125
1 0.6044921875 0.3623046875 0.0478515625 0.111328125
1 0.8115234375 0.8427734375 0.0712890625 0.052734375
1 0.5517578125 0.0859375 0.05078125 0.0830078125
1 0.57421875 0.2001953125 0.044921875 0.0634765625
1 0.5380859375 0.4775390625 0.03125 0.0859375
1 0.462890625 0.1767578125 0.0908203125 0.0859375
1 0.1435546875 0.380859375 0.05859375 0.1279296875
1 0.3251953125 0.65625 0.0576171875 0.08203125
1 0.837890625 0.75390625 0.05078125 0.0771484375
1 0.4951171875 0.5068359375 0.0556640625 0.06640625
1 0.962890625 0.2880859375 0.0703125 0.1494140625
1 0.83203125 0.4189453125 0.0517578125 0.0849609375
1 0.984375 0.6708984375 0.0302734375 0.091796875
1 0.3837890625 0.44921875 0.05078125 0.0791015625
1 0.0380859375 0.048828125 0.0517578125 0.0732421875
1 0.5556640625 0.392578125 0.087890625 0.1123046875
1 0.5888671875 0.75390625 0.05078125 0.0830078125
1 0.404296875 0.802734375 0.0537109375 0.0771484375
1 0.970703125 0.17578125 0.0517578125 0.0498046875
1 0.3935546875 0.1220703125 0.0625 0.05078125
1 0.5048828125 0.9365234375 0.064453125 0.0322265625
1 0.1484375 0.4052734375 0.09375 0.099609375
1 0.02734375 0.8544921875 0.0556640625 0.0341796875
1 0.60546875 0.41015625 0.0556640625 0.080078125
1 0.46455078125 0.7533203125 0.07666015625000006 0.06103515625
1 0.703125 0.7236328125 0.0908203125 0.0927734375
1 0.0625 0.802734375 0.0576171875 0.0498046875
1 0.78125 0.7119140625 0.0400390625 0.05859375
1 0.146484375 0.30078125 0.037109375 0.0400390625
1 0.3056640625 0.0224609375 0.03125 0.044921875
1 0.193359375 0.181640625 0.0595703125 0.0458984375
1 0.568359375 0.8310546875 0.0859375 0.0390625
1 0.8212890625 0.34765625 0.0576171875 0.0654296875
1 0.3564453125 0.75390625 0.046875 0.0439453125
1 0.880859375 0.7822265625 0.05078125 0.0498046875
1 0.6376953125 0.900390625 0.0634765625 0.0517578125
1 0.3349609375 0.962890625 0.1025390625 0.07421875
1 0.2255859375 0.1884765625 0.076171875 0.07421875
1 0.2294921875 0.1708984375 0.107421875 0.109375
