1 0.0244140625 0.8505859375 0.0498046875 0.1064453125
1 0.0654296875 0.9501953125 0.06640625 0.0986328125
1 0.15234375 0.943359375 0.072265625 0.0810546875
1 0.271484375 0.9775390625 0.0654296875 0.044921875
1 0.0302734375 0.548828125 0.060546875 0.1123046875
1 0.1767578125 0.6689453125 0.0654296875 0.1435546875
1 0.24609375 0.6953125 0.0830078125 0.095703125
1 0.3203125 0.5478515625 0.056640625 0.1123046875
1 0.2509765625 0.517578125 0.087890625 0.080078125
1 0.400390625 0.5634765625 0.0712890625 0.068359375
1 0.521484375 0.66015625 0.07421875 0.1298828125
1 0.033203125 0.3505859375 0.06640625 0.0986328125
1 0.091796875 0.248046875 0.0712890625 0.1201171875
1 0.0166015625 0.1884765625 0.033203125 0.05859375
1 0.03515625 0.0458984375 0.0712890625 0.091796875
1 0.091796875 0.1396484375 0.083984375 0.099609375
1 0.21484375 0.14453125 0.0693359375 0.072265625
1 0.28515625 0.1044921875 0.0712890625 0.1181640625
1 0.3974609375 0.173828125 0.0517578125 0.1240234375
1 0.3583984375 0.2255859375 0.0693359375 0.1005859375
1 0.328125 0.4140625 0.087890625 0.08984375
1 0.2216796875 0.3154296875 0.07421875 0.068359375
1 0.48828125 0.4365234375 0.0869140625 0.1181640625
1 0.5654296875 0.4775390625 0.08203125 0.09375
1 0.5361328125 0.943359375 0.0986328125 0.1123046875
1 0.9208984375 0.9677734375 0.068359375 0.0634765625
1 0.912109375 0.6611328125 0.0693359375 0.12109375
1 0.8408203125 0.5888671875 0.083984375 0.0986328125
1 0.7568359375 0.4931640625 0.126953125 0.0625
1 0.830078125 0.419921875 0.1142578125 0.0849609375
1 0.7958984375 0.2763671875 0.1728515625 0.0654296875
1 0.857421875 0.1787109375 0.140625 0.0615234375
1 0.669921875 0.154296875 0.076171875 0.0859375
1 0.685546875 0.0341796875 0.09375 0.0478515625
1 0.5888671875 0.046875 0.0693359375 0.0947265625
1 0.658203125 0.912109375 0.091796875 0.05859375
1 0.517578125 0.162109375 0.0654296875 0.10546875
1 0.3759765625 0.052734375 0.1279296875 0.0390625
1 0.591796875 0.626953125 0.0625 0.0654296875
1 0.1005859375 0.6875 0.0654296875 0.0830078125
1 0.1923828125 0.744140625 0.0439453125 0.0654296875
1 0.4990234375 0.7529296875 0.0498046875 0.109375
1 0.267578125 0.2666015625 0.046875 0.04296875
1 0.380859375 0.37109375 0.0634765625 0.044921875
1 0.3349609375 0.3994140625 0.0625 0.064453125
1 0.5546875 0.1005859375 0.0693359375 0.0654296875
1 0.78515625 0.8330078125 0.0419921875 0.0869140625
