1 0.0146484375 0.1630859375 0.0302734375 0.0849609375
1 0.1298828125 0.12890625 0.0556640625 0.0595703125
1 0.208984375 0.1337890625 0.0556640625 0.0498046875
1 0.0888671875 0.1884765625 0.0595703125 0.0771484375
1 0.1376953125 0.3427734375 0.064453125 0.0927734375
1 0.0517578125 0.365234375 0.0888671875 0.0634765625
1 0.05859375 0.296875 0.0654296875 0.0654296875
1 0.251953125 0.314453125 0.0986328125 0.099609375
1 0.365234375 0.3564453125 0.056640625 0.06640625
1 0.2880859375 0.3955078125 0.0712890625 0.0546875
1 0.0439453125 0.4345703125 0.087890625 0.0751953125
1 0.0107421875 0.5107421875 0.0224609375 0.07421875
1 0.01171875 0.708984375 0.0244140625 0.0625
1 0.017578125 0.6708984375 0.03515625 0.0498046875
1 0.3544921875 0.7236328125 0.0693359375 0.072265625
1 0.2119140625 0.8271484375 0.1142578125 0.0810546875
1 0.3603515625 0.1689453125 0.078125 0.06640625
1 0.275390625 0.01953125 0.0673828125 0.0390625
1 0.396484375 0.232421875 0.072265625 0.07421875
1 0.03125 0.98828125 0.0634765625 0.0234375
1 0.1953125 0.974609375 0.1171875 0.0498046875
1 0.0185546875 0.9375 0.0380859375 0.1240234375
1 0.560546875 0.9794921875 0.068359375 0.0400390625
1 0.6328125 0.9599609375 0.052734375 0.044921875
1 0.7119140625 0.9560546875 0.05859375 0.0615234375
1 0.9814453125 0.875 0.0361328125 0.0576171875
1 0.6142578125 0.8515625 0.064453125 0.052734375
1 0.5517578125 0.583984375 0.07421875 0.0927734375
1 0.7041015625 0.421875 0.0556640625 0.0546875
1 0.939453125 0.3798828125 0.0517578125 0.05078125
1 0.9716796875 0.1767578125 0.0556640625 0.1455078125
1 0.4326171875 0.333984375 0.072265625 0.0517578125
1 0.400390625 0.1064453125 0.0751953125 0.0498046875
