1 0.9375 0.5703125 0.0966796875 0.15625
1 0.232421875 0.609375 0.1376953125 0.126953125
1 0.9189453125 0.2373046875 0.1044921875 0.1474609375
1 0.806640625 0.216796875 0.107421875 0.1396484375
1 0.2763671875 0.4765625 0.1318359375 0.1103515625
1 0.615234375 0.3076171875 0.103515625 0.103515625
1 0.26171875 0.0859375 0.1064453125 0.1279296875
1 0.8994140625 0.1015625 0.0830078125 0.1103515625
1 0.1474609375 0.51171875 0.0986328125 0.1142578125
1 0.833984375 0.5693359375 0.1103515625 0.1103515625
1 0.345703125 0.794921875 0.1220703125 0.083984375
1 0.6650390625 0.419921875 0.091796875 0.076171875
1 0.7939453125 0.4833984375 0.07421875 0.0703125
1 0.857421875 0.4892578125 0.080078125 0.099609375
1 0.0458984375 0.0595703125 0.087890625 0.115234375
1 0.16796875 0.41796875 0.095703125 0.07421875
1 0.03515625 0.177734375 0.0576171875 0.0712890625
1 0.2275390625 0.05078125 0.0810546875 0.091796875
1 0.951171875 0.9716796875 0.083984375 0.0517578125
1 0.9384765625 0.056640625 0.0986328125 0.1044921875
