1 0.1787109375 0.0380859375 0.08203125 0.076171875
1 0.275390625 0.181640625 0.05859375 0.056640625
1 0.35546875 0.2587890625 0.0673828125 0.0615234375
1 0.3076171875 0.337890625 0.0966796875 0.126953125
1 0.26171875 0.4814453125 0.076171875 0.072265625
1 0.0654296875 0.5263671875 0.12890625 0.060546875
1 0.1640625 0.625 0.0927734375 0.1005859375
1 0.044921875 0.6669921875 0.0908203125 0.076171875
1 0.091796875 0.8271484375 0.056640625 0.0888671875
1 0.177734375 0.830078125 0.060546875 0.0517578125
1 0.240234375 0.775390625 0.046875 0.052734375
1 0.3154296875 0.560546875 0.05078125 0.0537109375
1 0.4189453125 0.5107421875 0.091796875 0.0859375
1 0.4326171875 0.615234375 0.08984375 0.060546875
1 0.3779296875 0.583984375 0.0908203125 0.0537109375
1 0.5322265625 0.6552734375 0.0654296875 0.060546875
1 0.4033203125 0.9150390625 0.0673828125 0.0625
1 0.4951171875 0.923828125 0.0791015625 0.056640625
1 0.2060546875 0.9794921875 0.103515625 0.0400390625
1 0.6796875 0.7060546875 0.0830078125 0.0615234375
1 0.609375 0.5830078125 0.0712890625 0.12890625
1 0.6611328125 0.59375 0.0625 0.0859375
1 0.794921875 0.5244140625 0.0830078125 0.103515625
1 0.783203125 0.6767578125 0.0654296875 0.0693359375
1 0.857421875 0.525390625 0.0693359375 0.05859375
1 0.9228515625 0.5576171875 0.083984375 0.08984375
1 0.712890625 0.3212890625 0.1640625 0.1142578125
1 0.6142578125 0.2001953125 0.109375 0.1015625
1 0.58984375 0.1279296875 0.0947265625 0.064453125
1 0.783203125 0.2060546875 0.0654296875 0.1533203125
1 0.6865234375 0.1005859375 0.14453125 0.1708984375
1 0.5283203125 0.0341796875 0.05078125 0.068359375
1 0.58203125 0.0390625 0.0654296875 0.0791015625
1 0.474609375 0.080078125 0.052734375 0.0595703125
1 0.96484375 0.37109375 0.0693359375 0.125
1 0.98046875 0.82421875 0.0390625 0.056640625
1 0.8994140625 0.966796875 0.08984375 0.0654296875
1 0.0771484375 0.2236328125 0.1083984375 0.052734375
1 0.0126953125 0.03125 0.0263671875 0.0625
1 0.30859375 0.015625 0.0869140625 0.03125
1 0.0146484375 0.560546875 0.02734375 0.0390625
1 0.275390625 0.7607421875 0.0390625 0.0390625
1 0.076171875 0.564453125 0.06640625 0.044921875
1 0.4091796875 0.7490234375 0.0703125 0.083984375
