1 0.34375 0.54296875 0.04296875 0.0908203125
1 0.130859375 0.5673828125 0.07421875 0.0771484375
1 0.6298828125 0.3955078125 0.0615234375 0.08203125
1 0.3056640625 0.736328125 0.111328125 0.0966796875
1 0.34765625 0.1025390625 0.08203125 0.091796875
1 0.5595703125 0.037109375 0.1015625 0.0751953125
1 0.9345703125 0.4130859375 0.076171875 0.0966796875
1 0.072265625 0.6953125 0.0537109375 0.06640625
1 0.15234375 0.4404296875 0.0703125 0.068359375
1 0.2119140625 0.06640625 0.0439453125 0.0966796875
1 0.431640625 0.1201171875 0.052734375 0.0859375
1 0.6494140625 0.119140625 0.0439453125 0.083984375
1 0.7685546875 0.474609375 0.04296875 0.0810546875
1 0.3369140625 0.189453125 0.037109375 0.0771484375
1 0.6474609375 0.28125 0.0400390625 0.0625
1 0.0498046875 0.3779296875 0.099609375 0.1201171875
1 0.390625 0.5087890625 0.08984375 0.0439453125
1 0.6943359375 0.75 0.044921875 0.0732421875
1 0.791015625 0.6953125 0.083984375 0.05859375
1 0.083984375 0.048828125 0.1162109375 0.08984375
1 0.3681640625 0.0361328125 0.044921875 0.0732421875
1 0.4189453125 0.8447265625 0.046875 0.0732421875
1 0.3798828125 0.7021484375 0.0498046875 0.07421875
1 0.2509765625 0.4560546875 0.0341796875 0.0693359375
1 0.173828125 0.828125 0.0625 0.0732421875
1 0.8212890625 0.052734375 0.06640625 0.1064453125
1 0.2529296875 0.78515625 0.060546875 0.0654296875
1 0.826171875 0.4990234375 0.0556640625 0.076171875
1 0.841796875 0.09765625 0.0556640625 0.0947265625
1 0.62890625 0.72265625 0.0869140625 0.0986328125
1 0.1611328125 0.029296875 0.0498046875 0.05859375
1 0.08984375 0.095703125 0.0751953125 0.0751953125
1 0.7568359375 0.2705078125 0.04296875 0.0927734375
1 0.728515625 0.1630859375 0.0625 0.0625
1 0.5361328125 0.625 0.09765625 0.048828125
1 0.9111328125 0.9638671875 0.0380859375 0.072265625
1 0.0341796875 0.0859375 0.068359375 0.1015625
1 0.1494140625 0.650390625 0.052734375 0.0498046875
1 0.375 0.927734375 0.0458984375 0.06640625
1 0.974609375 0.4130859375 0.0498046875 0.0595703125
1 0.9490234375 0.8595703125 0.06562500000000004 0.043749999999999956
1 0.1923828125 0.5048828125 0.111328125 0.0478515625
1 0.9248046875 0.755859375 0.037109375 0.0625
1 0.283203125 0.984375 0.0556640625 0.0302734375
1 0.5087890625 0.919921875 0.0556640625 0.0908203125
1 0.337890625 0.0458984375 0.06640625 0.072265625
1 0.501953125 0.974609375 0.0380859375 0.05078125
1 0.509765625 0.5791015625 0.0771484375 0.0517578125
1 0.4453125 0.7158203125 0.0693359375 0.130859375
1 0.083984375 0.9169921875 0.05859375 0.0341796875
1 0.9814453125 0.0673828125 0.0361328125 0.0517578125
1 0.98046875 0.255859375 0.0390625 0.041015625
1 0.244140625 0.3466796875 0.0810546875 0.09375
1 0.0166015625 0.408203125 0.033203125 0.111328125
1 0.2080078125 0.4921875 0.0439453125 0.0927734375
1 0.3701171875 0.8701171875 0.0703125 0.056640625
1 0.5224609375 0.796875 0.0546875 0.0517578125
1 0.4931640625 0.8408203125 0.04296875 0.0712890625
