1 0.6982421875 0.8916015625 0.107421875 0.0693359375
1 0.7470703125 0.671875 0.095703125 0.08984375
1 0.9716796875 0.513671875 0.0556640625 0.091796875
1 0.8759765625 0.197265625 0.0673828125 0.0791015625
1 0.931640625 0.630859375 0.0693359375 0.0869140625
1 0.869140625 0.80078125 0.0693359375 0.068359375
1 0.802734375 0.490234375 0.0673828125 0.0830078125
1 0.8193359375 0.7177734375 0.064453125 0.0771484375
1 0.740234375 0.4755859375 0.087890625 0.1357421875
1 0.5361328125 0.1279296875 0.0673828125 0.0927734375
1 0.75 0.3212890625 0.046875 0.12109375
1 0.8193359375 0.248046875 0.0595703125 0.123046875
