1 0.396484375 0.01171875 0.0673828125 0.0244140625
1 0.4619140625 0.021484375 0.119140625 0.0439453125
1 0.712890625 0.0234375 0.091796875 0.046875
1 0.81640625 0.0126953125 0.1005859375 0.0263671875
1 0.994140625 0.0283203125 0.01171875 0.0576171875
1 0.76953125 0.072265625 0.0908203125 0.08984375
1 0.7080078125 0.111328125 0.0576171875 0.126953125
1 0.494140625 0.0703125 0.12890625 0.06640625
1 0.02734375 0.08984375 0.0546875 0.06640625
1 0.2529296875 0.279296875 0.109375 0.056640625
1 0.5546875 0.177734375 0.1083984375 0.1298828125
1 0.6298828125 0.24609375 0.064453125 0.1025390625
1 0.6875 0.3095703125 0.0712890625 0.0654296875
1 0.392578125 0.484375 0.0556640625 0.0478515625
1 0.2568359375 0.541015625 0.1025390625 0.060546875
1 0.0693359375 0.494140625 0.138671875 0.0634765625
1 0.0830078125 0.4091796875 0.0732421875 0.0693359375
1 0.1103515625 0.564453125 0.1357421875 0.1083984375
1 0.0185546875 0.619140625 0.037109375 0.0390625
1 0.130859375 0.71484375 0.1201171875 0.046875
1 0.0263671875 0.7138671875 0.0537109375 0.109375
1 0.3349609375 0.69921875 0.08203125 0.0625
1 0.37890625 0.630859375 0.1328125 0.0703125
1 0.4833984375 0.583984375 0.0849609375 0.0615234375
1 0.5380859375 0.6123046875 0.0615234375 0.107421875
1 0.595703125 0.6259765625 0.0576171875 0.08984375
1 0.8056640625 0.431640625 0.0654296875 0.06640625
1 0.87109375 0.4169921875 0.107421875 0.0751953125
1 0.97265625 0.5185546875 0.0546875 0.109375
1 0.9638671875 0.6064453125 0.0517578125 0.103515625
1 0.6884765625 0.6728515625 0.09765625 0.111328125
1 0.8193359375 0.7294921875 0.111328125 0.12109375
1 0.8896484375 0.689453125 0.087890625 0.072265625
1 0.55078125 0.841796875 0.0712890625 0.0791015625
1 0.5205078125 0.9111328125 0.0791015625 0.0654296875
1 0.40625 0.94921875 0.0615234375 0.0634765625
1 0.1796875 0.869140625 0.12109375 0.06640625
1 0.0283203125 0.8984375 0.0576171875 0.099609375
1 0.078125 0.9755859375 0.064453125 0.0478515625
1 0.642578125 0.9697265625 0.0859375 0.0595703125
1 0.509765625 0.9755859375 0.0791015625 0.0478515625
1 0.7412109375 0.919921875 0.080078125 0.0888671875
1 0.7255859375 0.97265625 0.0498046875 0.0537109375
1 0.8115234375 0.8837890625 0.0712890625 0.048828125
1 0.9169921875 0.927734375 0.138671875 0.07421875
1 0.9111328125 0.818359375 0.0703125 0.1142578125
1 0.89453125 0.1826171875 0.0849609375 0.1044921875
1 0.2119140625 0.7216796875 0.1015625 0.0634765625
1 0.6171875 0.7998046875 0.09375 0.0634765625
1 0.1484375 0.6357421875 0.099609375 0.0634765625
1 0.708984375 0.6865234375 0.134765625 0.134765625
