1 0.1689453125 0.3193359375 0.1787109375 0.0869140625
1 0.26953125 0.2783203125 0.1005859375 0.0712890625
1 0.4111328125 0.01953125 0.1005859375 0.0400390625
1 0.5478515625 0.0595703125 0.142578125 0.0751953125
1 0.435546875 0.0947265625 0.08984375 0.0810546875
1 0.607421875 0.2998046875 0.08203125 0.0673828125
1 0.759765625 0.2587890625 0.080078125 0.05859375
1 0.9091796875 0.267578125 0.1044921875 0.08984375
1 0.849609375 0.3388671875 0.115234375 0.060546875
1 0.90234375 0.416015625 0.0849609375 0.0732421875
1 0.6904296875 0.3798828125 0.0712890625 0.0625
1 0.6689453125 0.5009765625 0.0927734375 0.078125
1 0.8720703125 0.5458984375 0.0732421875 0.0654296875
1 0.9638671875 0.4912109375 0.0712890625 0.0517578125
1 0.11328125 0.5078125 0.1142578125 0.0771484375
1 0.3232421875 0.5400390625 0.091796875 0.064453125
1 0.5341796875 0.7333984375 0.115234375 0.166015625
1 0.3876953125 0.7607421875 0.083984375 0.12890625
1 0.15625 0.67578125 0.0595703125 0.05078125
1 0.0224609375 0.630859375 0.0458984375 0.0654296875
1 0.1630859375 0.9267578125 0.123046875 0.0654296875
1 0.2509765625 0.7861328125 0.1044921875 0.08984375
1 0.4365234375 0.8837890625 0.1103515625 0.0751953125
1 0.7041015625 0.87890625 0.1103515625 0.072265625
1 0.716796875 0.9599609375 0.1123046875 0.0654296875
1 0.54296875 0.958984375 0.1015625 0.0634765625
1 0.8486328125 0.84375 0.11328125 0.0927734375
1 0.4609375 0.96875 0.078125 0.0625
1 0.0302734375 0.955078125 0.052734375 0.0595703125
1 0.0263671875 0.779296875 0.0537109375 0.0908203125
1 0.12890625 0.8310546875 0.0556640625 0.046875
1 0.0380859375 0.283203125 0.0390625 0.0419921875
1 0.2568359375 0.1787109375 0.0751953125 0.0615234375
1 0.1162109375 0.0234375 0.0673828125 0.0478515625
1 0.3828125 0.96875 0.0615234375 0.0625
1 0.396484375 0.2734375 0.0556640625 0.0576171875
1 0.4501953125 0.1533203125 0.083984375 0.078125
