1 0.359375 0.2666015625 0.0693359375 0.0986328125
1 0.611328125 0.51953125 0.0732421875 0.107421875
1 0.78515625 0.513671875 0.0625 0.1044921875
1 0.96875 0.5322265625 0.0615234375 0.0693359375
1 0.9912109375 0.595703125 0.017578125 0.064453125
1 0.91015625 0.548828125 0.0498046875 0.087890625
1 0.2744140625 0.65625 0.0966796875 0.0478515625
1 0.9765625 0.216796875 0.046875 0.064453125
1 0.4736328125 0.5068359375 0.076171875 0.076171875
1 0.818359375 0.615234375 0.099609375 0.0732421875
1 0.345703125 0.3525390625 0.1142578125 0.0517578125
1 0.2216796875 0.5498046875 0.1083984375 0.0830078125
1 0.0517578125 0.2783203125 0.1025390625 0.0654296875
1 0.791015625 0.3369140625 0.0712890625 0.1025390625
1 0.974609375 0.02734375 0.0498046875 0.052734375
1 0.123046875 0.283203125 0.10546875 0.0830078125
1 0.521484375 0.6123046875 0.0908203125 0.0791015625
1 0.5546875 0.9365234375 0.1064453125 0.1171875
1 0.8154296875 0.2900390625 0.1015625 0.0439453125
1 0.9609375 0.3759765625 0.056640625 0.060546875
1 0.82421875 0.6435546875 0.0615234375 0.078125
1 0.30859375 0.9189453125 0.1201171875 0.0537109375
1 0.2392578125 0.3544921875 0.0751953125 0.0517578125
1 0.2353515625 0.41796875 0.1025390625 0.068359375
1 0.40234375 0.86328125 0.09765625 0.0537109375
1 0.6748046875 0.5537109375 0.09765625 0.068359375
1 0.2890625 0.259765625 0.1015625 0.0546875
1 0.0986328125 0.228515625 0.076171875 0.0830078125
1 0.4716796875 0.61328125 0.09375 0.064453125
1 0.818359375 0.876953125 0.08984375 0.046875
1 0.9794921875 0.6064453125 0.0400390625 0.0732421875
1 0.13671875 0.154296875 0.1015625 0.0595703125
1 0.1279296875 0.529296875 0.087890625 0.05859375
1 0.7763671875 0.2119140625 0.0673828125 0.1162109375
1 0.02734375 0.474609375 0.0556640625 0.0595703125
1 0.2421875 0.0341796875 0.1201171875 0.0673828125
1 0.396484375 0.7763671875 0.134765625 0.091796875
1 0.1201171875 0.486328125 0.0703125 0.0634765625
1 0.1591796875 0.88671875 0.0810546875 0.0498046875
1 0.025390625 0.8818359375 0.0517578125 0.0478515625
1 0.20703125 0.708984375 0.1416015625 0.052734375
1 0.2548828125 0.6904296875 0.0849609375 0.0380859375
1 0.2587890625 0.1962890625 0.1044921875 0.078125
1 0.5712890625 0.6904296875 0.0908203125 0.064453125
1 0.65625 0.9755859375 0.0400390625 0.048828125
1 0.607421875 0.3369140625 0.0693359375 0.0498046875
1 0.9501953125 0.98046875 0.060546875 0.0390625
1 0.7509765625 0.3154296875 0.0908203125 0.0966796875
1 0.546875 0.1337890625 0.0927734375 0.0390625
1 0.1943359375 0.9501953125 0.095703125 0.0400390625
1 0.1923828125 0.2353515625 0.109375 0.0576171875
1 0.8330078125 0.2626953125 0.0703125 0.056640625
1 0.0400390625 0.18359375 0.076171875 0.0458984375
1 0.0322265625 0.984375 0.0654296875 0.0302734375
1 0.0263671875 0.8408203125 0.052734375 0.06640625
1 0.513671875 0.0986328125 0.0634765625 0.03515625
1 0.9521484375 0.33203125 0.068359375 0.0322265625
1 0.59765625 0.955078125 0.07421875 0.052734375
1 0.98046875 0.025390625 0.0380859375 0.048828125
1 0.3173828125 0.947265625 0.1123046875 0.044921875
1 0.4306640625 0.681640625 0.1435546875 0.08203125
1 0.7822265625 0.5458984375 0.0439453125 0.06640625
1 0.0703125 0.3544921875 0.1259765625 0.044921875
1 0.0732421875 0.6416015625 0.146484375 0.044921875
1 0.837890625 0.8525390625 0.0615234375 0.056640625
1 0.087890625 0.6494140625 0.13671875 0.052734375
1 0.794921875 0.974609375 0.185546875 0.0498046875
1 0.37109375 0.0595703125 0.1220703125 0.037109375
1 0.0283203125 0.599609375 0.0556640625 0.0380859375
1 0.0244140625 0.220703125 0.048828125 0.0732421875
1 0.3759765625 0.66796875 0.10546875 0.0390625
1 0.0732421875 0.8896484375 0.1171875 0.080078125
