1 0.0546875 0.4853515625 0.0830078125 0.09765625
1 0.1494140625 0.390625 0.08984375 0.072265625
1 0.818359375 0.1015625 0.1748046875 0.1005859375
1 0.4716796875 0.478515625 0.10546875 0.0947265625
1 0.1171875 0.66015625 0.0947265625 0.08203125
1 0.443359375 0.203125 0.087890625 0.078125
1 0.1982421875 0.7802734375 0.091796875 0.1083984375
1 0.5166015625 0.3232421875 0.0947265625 0.087890625
1 0.072265625 0.3779296875 0.0703125 0.0625
1 0.650390625 0.302734375 0.09765625 0.0927734375
1 0.2939453125 0.802734375 0.0849609375 0.0869140625
1 0.3916015625 0.6259765625 0.0849609375 0.087890625
1 0.80859375 0.5302734375 0.15234375 0.1083984375
1 0.4609375 0.759765625 0.06640625 0.0546875
1 0.5810546875 0.380859375 0.09765625 0.072265625
1 0.5751953125 0.6552734375 0.0830078125 0.0732421875
1 0.0634765625 0.1318359375 0.072265625 0.060546875
1 0.728515625 0.3310546875 0.09765625 0.0654296875
1 0.7041015625 0.859375 0.1591796875 0.0849609375
1 0.076171875 0.033203125 0.15234375 0.0673828125
1 0.53125 0.052734375 0.099609375 0.080078125
1 0.591796875 0.578125 0.107421875 0.0947265625
1 0.7607421875 0.763671875 0.091796875 0.0751953125
1 0.7822265625 0.712890625 0.115234375 0.0673828125
1 0.69921875 0.4228515625 0.1201171875 0.0517578125
1 0.517578125 0.955078125 0.140625 0.080078125
1 0.740234375 0.642578125 0.1318359375 0.0771484375
1 0.0908203125 0.8896484375 0.09765625 0.08984375
1 0.3720703125 0.1435546875 0.0703125 0.087890625
1 0.7744140625 0.451171875 0.0947265625 0.0654296875
1 0.2060546875 0.9287109375 0.134765625 0.142578125
1 0.4814453125 0.84765625 0.0947265625 0.0625
1 0.7099609375 0.9033203125 0.1572265625 0.087890625
1 0.6298828125 0.0556640625 0.080078125 0.052734375
1 0.615234375 0.1162109375 0.08984375 0.0625
1 0.0234375 0.0673828125 0.046875 0.0673828125
1 0.951171875 0.03515625 0.0947265625 0.0625
1 0.97265625 0.720703125 0.05078125 0.099609375
1 0.9736328125 0.9462890625 0.0498046875 0.068359375
1 0.8134765625 0.984375 0.15234375 0.0302734375
1 0.6240234375 0.951171875 0.1240234375 0.0927734375
1 0.439453125 0.48828125 0.0751953125 0.09765625
1 0.6455078125 0.6279296875 0.048828125 0.06640625
1 0.50390625 0.767578125 0.0556640625 0.052734375
