1 0.5947265625 0.830078125 0.21484375 0.0859375
1 0.6953125 0.6953125 0.1630859375 0.15234375
1 0.9208984375 0.439453125 0.158203125 0.091796875
1 0.9892578125 0.640625 0.0205078125 0.119140625
1 0.3857421875 0.517578125 0.158203125 0.0810546875
1 0.3974609375 0.337890625 0.1005859375 0.19140625
1 0.0732421875 0.1826171875 0.146484375 0.09765625
1 0.0205078125 0.6533203125 0.0419921875 0.1728515625
1 0.349609375 0.892578125 0.1083984375 0.1396484375
1 0.2177734375 0.7392578125 0.1484375 0.1669921875
1 0.974609375 0.7578125 0.0498046875 0.09375
1 0.578125 0.9892578125 0.0849609375 0.0205078125
1 0.4482421875 0.9169921875 0.0673828125 0.0966796875
1 0.4892578125 0.7421875 0.09375 0.0869140625
1 0.53515625 0.677734375 0.0615234375 0.05078125
1 0.5380859375 0.5166015625 0.056640625 0.13671875
1 0.6748046875 0.5390625 0.1005859375 0.064453125
1 0.666015625 0.4580078125 0.12890625 0.072265625
1 0.75 0.447265625 0.0673828125 0.1103515625
1 0.181640625 0.4580078125 0.0703125 0.0673828125
1 0.2568359375 0.482421875 0.0732421875 0.0576171875
1 0.2646484375 0.55859375 0.0712890625 0.05078125
1 0.2001953125 0.62109375 0.08984375 0.052734375
1 0.2060546875 0.3935546875 0.1181640625 0.0654296875
1 0.2822265625 0.3212890625 0.1181640625 0.11328125
1 0.048828125 0.2744140625 0.0986328125 0.0947265625
1 0.04296875 0.3427734375 0.0859375 0.06640625
1 0.119140625 0.0556640625 0.1142578125 0.060546875
1 0.6435546875 0.2236328125 0.20703125 0.099609375
1 0.8125 0.1884765625 0.0634765625 0.060546875
1 0.8212890625 0.076171875 0.083984375 0.044921875
1 0.6435546875 0.029296875 0.1796875 0.0576171875
1 0.4501953125 0.146484375 0.216796875 0.1484375
1 0.9609375 0.3564453125 0.078125 0.0556640625
1 0.8974609375 0.8935546875 0.1240234375 0.08984375
1 0.9140625 0.798828125 0.078125 0.064453125
1 0.9326171875 0.990234375 0.1220703125 0.0185546875
1 0.0576171875 0.8759765625 0.1162109375 0.1591796875
1 0.9130859375 0.0849609375 0.126953125 0.169921875
