1 0.498046875 0.318359375 0.1181640625 0.0595703125
1 0.94921875 0.9453125 0.1015625 0.0625
1 0.9404296875 0.7734375 0.119140625 0.06640625
1 0.123046875 0.197265625 0.1103515625 0.0947265625
1 0.796875 0.75 0.1064453125 0.1142578125
1 0.0869140625 0.748046875 0.1748046875 0.1044921875
1 0.9697265625 0.841796875 0.060546875 0.05859375
1 0.1162109375 0.6708984375 0.2333984375 0.08203125
1 0.12109375 0.88671875 0.216796875 0.1201171875
1 0.6240234375 0.158203125 0.123046875 0.0810546875
1 0.935546875 0.2001953125 0.083984375 0.0634765625
1 0.7998046875 0.8974609375 0.13671875 0.0966796875
1 0.4169921875 0.1669921875 0.169921875 0.1181640625
1 0.5703125 0.0595703125 0.1494140625 0.119140625
1 0.3125 0.8046875 0.1337890625 0.076171875
1 0.818359375 0.0009765625 0.13671875 0.001953125
1 0.1142578125 0.32421875 0.12109375 0.0908203125
1 0.7421875 0.166015625 0.1494140625 0.0546875
1 0.7978515625 0.0263671875 0.1435546875 0.0537109375
1 0.2705078125 0.732421875 0.0537109375 0.1318359375
1 0.302734375 0.7451171875 0.2001953125 0.0546875
1 0.0380859375 0.9697265625 0.0771484375 0.0439453125
1 0.5302734375 0.2734375 0.1318359375 0.1337890625
1 0.2265625 0.060546875 0.1279296875 0.0830078125
1 0.3193359375 0.123046875 0.138671875 0.0791015625
1 0.7265625 0.134765625 0.1328125 0.060546875
1 0.73828125 0.380859375 0.056640625 0.09765625
1 0.1787109375 0.626953125 0.16015625 0.064453125
1 0.0244140625 0.4931640625 0.048828125 0.068359375
1 0.9775390625 0.8955078125 0.044921875 0.0380859375
1 0.9755859375 0.9892578125 0.048828125 0.0185546875
