1 0.908203125 0.85546875 0.1328125 0.0830078125
1 0.2041015625 0.4287109375 0.1201171875 0.1201171875
1 0.7509765625 0.900390625 0.126953125 0.1318359375
1 0.4716796875 0.564453125 0.1396484375 0.07421875
1 0.4501953125 0.3896484375 0.0732421875 0.080078125
1 0.0458984375 0.552734375 0.091796875 0.1630859375
1 0.0146484375 0.3564453125 0.029296875 0.0947265625
1 0.57421875 0.4892578125 0.0849609375 0.125
1 0.373046875 0.212890625 0.087890625 0.0830078125
1 0.1826171875 0.3291015625 0.0673828125 0.0693359375
1 0.02734375 0.9208984375 0.0546875 0.087890625
1 0.630859375 0.880859375 0.087890625 0.072265625
1 0.771484375 0.4404296875 0.2353515625 0.142578125
1 0.24609375 0.9453125 0.2421875 0.1083984375
1 0.1357421875 0.6064453125 0.072265625 0.0654296875
1 0.29296875 0.244140625 0.0771484375 0.0751953125
1 0.9208984375 0.1552734375 0.0712890625 0.0439453125
1 0.052734375 0.98046875 0.0673828125 0.0380859375
1 0.5966796875 0.38671875 0.205078125 0.080078125
1 0.5029296875 0.806640625 0.09765625 0.0595703125
1 0.7451171875 0.810546875 0.1220703125 0.0576171875
1 0.55078125 0.9296875 0.142578125 0.140625
1 0.6259765625 0.5546875 0.1171875 0.0703125
1 0.583984375 0.828125 0.1044921875 0.0673828125
1 0.1083984375 0.3212890625 0.0625 0.0654296875
1 0.1865234375 0.2080078125 0.1103515625 0.072265625
1 0.333984375 0.8681640625 0.0849609375 0.072265625
1 0.09765625 0.0751953125 0.0927734375 0.1474609375
1 0.8623046875 0.154296875 0.1171875 0.1005859375
1 0.8798828125 0.6123046875 0.0576171875 0.0703125
1 0.1005859375 0.7255859375 0.08203125 0.1025390625
1 0.1220703125 0.2451171875 0.064453125 0.0673828125
1 0.6533203125 0.318359375 0.087890625 0.072265625
1 0.5146484375 0.7021484375 0.0546875 0.060546875
1 0.4658203125 0.32421875 0.068359375 0.0498046875
1 0.9306640625 0.439453125 0.1328125 0.0703125
1 0.78515625 0.16015625 0.1025390625 0.0771484375
1 0.873046875 0.03515625 0.1328125 0.0673828125
1 0.4931640625 0.0947265625 0.0625 0.060546875
1 0.1611328125 0.7470703125 0.072265625 0.064453125
1 0.041015625 0.7099609375 0.064453125 0.0927734375
1 0.3994140625 0.91015625 0.08984375 0.0830078125
1 0.9482421875 0.0458984375 0.09765625 0.087890625
1 0.943359375 0.3525390625 0.107421875 0.0927734375
1 0.7216796875 0.626953125 0.1201171875 0.060546875
1 0.6142578125 0.0263671875 0.0947265625 0.0498046875
1 0.9609375 0.638671875 0.0771484375 0.0595703125
1 0.95703125 0.2099609375 0.080078125 0.0927734375
1 0.0224609375 0.8017578125 0.044921875 0.0595703125
1 0.0166015625 0.69140625 0.0341796875 0.123046875
1 0.05859375 0.9091796875 0.0654296875 0.0771484375
1 0.1181640625 0.537109375 0.072265625 0.10546875
1 0.978515625 0.5380859375 0.04296875 0.0478515625
1 0.806640625 0.2734375 0.158203125 0.068359375
