1 0.193359375 0.224609375 0.15234375 0.0673828125
1 0.060546875 0.1494140625 0.1220703125 0.0849609375
1 0.025390625 0.4404296875 0.0517578125 0.0546875
1 0.240234375 0.119140625 0.1376953125 0.080078125
1 0.1064453125 0.0634765625 0.1650390625 0.08203125
1 0.8017578125 0.3486328125 0.1552734375 0.0625
1 0.814453125 0.2294921875 0.1201171875 0.05078125
1 0.97265625 0.2275390625 0.052734375 0.072265625
1 0.677734375 0.5166015625 0.1220703125 0.0556640625
1 0.8427734375 0.4052734375 0.1533203125 0.0732421875
1 0.7333984375 0.240234375 0.1171875 0.0732421875
1 0.9599609375 0.125 0.0791015625 0.052734375
1 0.2041015625 0.0478515625 0.1142578125 0.0771484375
1 0.91015625 0.0263671875 0.1552734375 0.046875
1 0.9599609375 0.283203125 0.080078125 0.052734375
1 0.84375 0.2919921875 0.1103515625 0.0546875
