1 0.3330078125 0.4326171875 0.1171875 0.0830078125
1 0.345703125 0.01953125 0.1474609375 0.0390625
1 0.1865234375 0.3369140625 0.1142578125 0.099609375
1 0.5654296875 0.009765625 0.142578125 0.01953125
1 0.404296875 0.669921875 0.0849609375 0.080078125
1 0.7060546875 0.0654296875 0.09765625 0.0927734375
1 0.181640625 0.68359375 0.0654296875 0.0625
1 0.9404296875 0.6650390625 0.107421875 0.0771484375
1 0.9248046875 0.0810546875 0.107421875 0.099609375
1 0.5380859375 0.6259765625 0.1376953125 0.142578125
1 0.3984375 0.5166015625 0.1318359375 0.072265625
1 0.1103515625 0.6259765625 0.0673828125 0.08203125
1 0.9716796875 0.5966796875 0.0556640625 0.0693359375
1 0.947265625 0.4990234375 0.10546875 0.0791015625
1 0.7890625 0.0703125 0.1298828125 0.1123046875
1 0.2314453125 0.1767578125 0.1103515625 0.0947265625
1 0.2080078125 0.9619140625 0.134765625 0.0751953125
1 0.107421875 0.873046875 0.1025390625 0.072265625
1 0.2529296875 0.9072265625 0.0927734375 0.0703125
1 0.5888671875 0.9755859375 0.0751953125 0.0478515625
1 0.435546875 0.49609375 0.12890625 0.0595703125
1 0.7705078125 0.984375 0.0830078125 0.0302734375
1 0.9150390625 0.9169921875 0.1435546875 0.0625
1 0.8564453125 0.7080078125 0.1396484375 0.0771484375
1 0.9287109375 0.4306640625 0.142578125 0.072265625
