1 0.041015625 0.87890625 0.08203125 0.10546875
1 0.0830078125 0.9453125 0.1171875 0.0771484375
1 0.263671875 0.9580078125 0.0712890625 0.0595703125
1 0.24609375 0.8251953125 0.0791015625 0.0712890625
1 0.3388671875 0.9775390625 0.09765625 0.044921875
1 0.70703125 0.96484375 0.177734375 0.0693359375
1 0.884765625 0.98046875 0.0673828125 0.0390625
1 0.87109375 0.8486328125 0.0908203125 0.0771484375
1 0.6396484375 0.7705078125 0.091796875 0.0693359375
1 0.6943359375 0.7939453125 0.1015625 0.0673828125
1 0.3955078125 0.748046875 0.0751953125 0.0869140625
1 0.41796875 0.84375 0.068359375 0.0771484375
1 0.8251953125 0.75390625 0.09375 0.0791015625
1 0.6728515625 0.69140625 0.0791015625 0.0625
1 0.0146484375 0.515625 0.0302734375 0.0859375
1 0.0126953125 0.369140625 0.0263671875 0.0830078125
1 0.119140625 0.4365234375 0.0751953125 0.1123046875
1 0.1015625 0.638671875 0.0908203125 0.0986328125
1 0.1669921875 0.6669921875 0.078125 0.0791015625
1 0.26953125 0.6923828125 0.07421875 0.0869140625
1 0.2998046875 0.5888671875 0.0986328125 0.1044921875
1 0.5087890625 0.505859375 0.095703125 0.0634765625
1 0.5888671875 0.4833984375 0.0615234375 0.0537109375
1 0.52734375 0.4228515625 0.0791015625 0.0673828125
1 0.7734375 0.4580078125 0.1728515625 0.10546875
1 0.69140625 0.5478515625 0.0888671875 0.0693359375
1 0.59765625 0.5908203125 0.08203125 0.080078125
1 0.2470703125 0.3681640625 0.1005859375 0.125
1 0.3662109375 0.3818359375 0.0888671875 0.103515625
1 0.279296875 0.1806640625 0.0751953125 0.0791015625
1 0.189453125 0.1572265625 0.0654296875 0.052734375
1 0.1796875 0.1103515625 0.0615234375 0.1044921875
1 0.513671875 0.1337890625 0.0556640625 0.0615234375
1 0.642578125 0.0576171875 0.11328125 0.0673828125
1 0.6826171875 0.103515625 0.12890625 0.095703125
1 0.490234375 0.0478515625 0.083984375 0.095703125
1 0.810546875 0.029296875 0.12890625 0.05859375
1 0.88671875 0.1181640625 0.12109375 0.0888671875
1 0.9345703125 0.185546875 0.0830078125 0.1005859375
1 0.5126953125 0.3935546875 0.0546875 0.099609375
1 0.0595703125 0.7626953125 0.083984375 0.0751953125
1 0.32421875 0.7587890625 0.046875 0.044921875
