1 0.11328125 0.458984375 0.1123046875 0.0791015625
1 0.0361328125 0.5791015625 0.072265625 0.080078125
1 0.9697265625 0.7041015625 0.060546875 0.0966796875
1 0.169921875 0.0361328125 0.087890625 0.0732421875
1 0.330078125 0.021484375 0.078125 0.04296875
1 0.501953125 0.1025390625 0.138671875 0.0751953125
1 0.4775390625 0.2431640625 0.095703125 0.0791015625
1 0.431640625 0.2998046875 0.060546875 0.0673828125
1 0.41796875 0.3935546875 0.0654296875 0.08984375
1 0.5078125 0.427734375 0.068359375 0.0888671875
1 0.5517578125 0.361328125 0.0771484375 0.0859375
1 0.7138671875 0.4267578125 0.0869140625 0.07421875
1 0.669921875 0.494140625 0.076171875 0.0625
1 0.6279296875 0.5419921875 0.087890625 0.0771484375
1 0.7646484375 0.62109375 0.0986328125 0.0908203125
1 0.572265625 0.70703125 0.1015625 0.0966796875
1 0.78125 0.794921875 0.1357421875 0.109375
1 0.873046875 0.9150390625 0.0986328125 0.0791015625
1 0.345703125 0.5234375 0.0810546875 0.0771484375
1 0.3134765625 0.447265625 0.08984375 0.0693359375
1 0.2138671875 0.142578125 0.0595703125 0.087890625
1 0.265625 0.8603515625 0.1025390625 0.06640625
1 0.4228515625 0.7529296875 0.0869140625 0.1064453125
1 0.4765625 0.8701171875 0.080078125 0.048828125
1 0.576171875 0.9091796875 0.06640625 0.0615234375
1 0.6669921875 0.90234375 0.0673828125 0.0615234375
1 0.7587890625 0.9794921875 0.0859375 0.041015625
1 0.828125 0.37109375 0.072265625 0.0654296875
1 0.8056640625 0.484375 0.05078125 0.0732421875
1 0.8857421875 0.59765625 0.07421875 0.1181640625
1 0.9482421875 0.533203125 0.0546875 0.0498046875
1 0.962890625 0.4013671875 0.0732421875 0.080078125
1 0.8916015625 0.46484375 0.1044921875 0.064453125
1 0.955078125 0.2861328125 0.0888671875 0.0908203125
1 0.9296875 0.146484375 0.0634765625 0.0673828125
1 0.966796875 0.0673828125 0.06640625 0.064453125
1 0.8515625 0.0390625 0.09765625 0.07421875
1 0.75 0.0673828125 0.0908203125 0.083984375
1 0.7041015625 0.142578125 0.1376953125 0.0830078125
1 0.0849609375 0.3935546875 0.0625 0.048828125
