1 0.8330078125 0.4345703125 0.087890625 0.10546875
1 0.0283203125 0.4560546875 0.056640625 0.087890625
1 0.494140625 0.3798828125 0.1298828125 0.080078125
1 0.9228515625 0.7255859375 0.0927734375 0.1826171875
1 0.4033203125 0.7431640625 0.08203125 0.09765625
1 0.224609375 0.7822265625 0.109375 0.080078125
1 0.2041015625 0.5341796875 0.0849609375 0.1552734375
1 0.42578125 0.650390625 0.09765625 0.09765625
1 0.7431640625 0.595703125 0.107421875 0.08203125
1 0.4970703125 0.158203125 0.1953125 0.1328125
1 0.91796875 0.04296875 0.0888671875 0.0859375
1 0.826171875 0.0283203125 0.0849609375 0.056640625
1 0.5068359375 0.501953125 0.099609375 0.080078125
1 0.9541015625 0.9150390625 0.0908203125 0.1025390625
1 0.62109375 0.234375 0.0849609375 0.080078125
1 0.8017578125 0.9130859375 0.0849609375 0.0771484375
1 0.7470703125 0.3359375 0.130859375 0.126953125
1 0.1826171875 0.306640625 0.0869140625 0.0751953125
1 0.0791015625 0.2568359375 0.1298828125 0.0703125
1 0.26171875 0.1318359375 0.125 0.14453125
1 0.9267578125 0.4482421875 0.1103515625 0.08203125
1 0.23046875 0.974609375 0.072265625 0.05078125
1 0.7060546875 0.677734375 0.087890625 0.1181640625
1 0.791015625 0.693359375 0.1171875 0.0625
1 0.11328125 0.48046875 0.046875 0.0625
1 0.30078125 0.591796875 0.0625 0.0751953125
1 0.228515625 0.69921875 0.04296875 0.0849609375
1 0.27734375 0.7041015625 0.080078125 0.0693359375
1 0.314453125 0.6708984375 0.05078125 0.052734375
1 0.6357421875 0.5224609375 0.087890625 0.080078125
1 0.6552734375 0.6220703125 0.0576171875 0.060546875
1 0.853515625 0.720703125 0.052734375 0.091796875
1 0.3828125 0.01953125 0.0673828125 0.0390625
1 0.4853515625 0.5537109375 0.0927734375 0.0625
1 0.1279296875 0.19140625 0.052734375 0.0595703125
1 0.0478515625 0.1953125 0.0732421875 0.0673828125
1 0.4814453125 0.314453125 0.0654296875 0.099609375
1 0.5908203125 0.1640625 0.078125 0.0791015625
1 0.078125 0.7490234375 0.072265625 0.0849609375
1 0.427734375 0.2568359375 0.0732421875 0.0703125
1 0.876953125 0.2275390625 0.0927734375 0.1181640625
1 0.7431640625 0.826171875 0.2060546875 0.0712890625
1 0.958984375 0.06640625 0.0810546875 0.12890625
1 0.8564453125 0.556640625 0.078125 0.0810546875
