1 0.03515625 0.2470703125 0.0634765625 0.0390625
1 0.046875 0.1474609375 0.0390625 0.0283203125
1 0.1279296875 0.3388671875 0.044921875 0.03125
1 0.0712890625 0.6708984375 0.05859375 0.087890625
1 0.373046875 0.7236328125 0.0498046875 0.048828125
1 0.435546875 0.68359375 0.0673828125 0.08203125
1 0.2041015625 0.166015625 0.0517578125 0.0576171875
1 0.2314453125 0.2431640625 0.0751953125 0.064453125
1 0.3291015625 0.0859375 0.0654296875 0.0634765625
1 0.3671875 0.0478515625 0.052734375 0.0654296875
1 0.421875 0.1162109375 0.072265625 0.103515625
1 0.4423828125 0.1357421875 0.0478515625 0.0537109375
1 0.4306640625 0.0927734375 0.0498046875 0.025390625
1 0.5126953125 0.1572265625 0.09375 0.0888671875
1 0.6005859375 0.0732421875 0.0556640625 0.0537109375
1 0.578125 0.07421875 0.0439453125 0.072265625
1 0.55859375 0.041015625 0.076171875 0.060546875
1 0.728515625 0.0810546875 0.06640625 0.0673828125
1 0.6416015625 0.3505859375 0.0712890625 0.0478515625
1 0.619140625 0.3818359375 0.076171875 0.060546875
1 0.724609375 0.259765625 0.0380859375 0.0810546875
1 0.7197265625 0.6923828125 0.0390625 0.05859375
1 0.9208984375 0.7080078125 0.0546875 0.0517578125
1 0.962890625 0.6025390625 0.044921875 0.068359375
1 0.818359375 0.3994140625 0.0791015625 0.0302734375
1 0.8720703125 0.3955078125 0.0419921875 0.0537109375
1 0.7685546875 0.2392578125 0.03515625 0.0654296875
1 0.8828125 0.26171875 0.03515625 0.0439453125
1 0.9384765625 0.1708984375 0.0654296875 0.09765625
1 0.98046875 0.1142578125 0.03515625 0.0517578125
1 0.9375 0.087890625 0.05859375 0.0810546875
1 0.919921875 0.05859375 0.05859375 0.0732421875
1 0.81640625 0.017578125 0.056640625 0.0361328125
1 0.85546875 0.0224609375 0.056640625 0.044921875
1 0.8984375 0.013671875 0.0390625 0.0283203125
1 0.81640625 0.08984375 0.0537109375 0.0390625
1 0.9521484375 0.904296875 0.0341796875 0.041015625
1 0.8994140625 0.798828125 0.0439453125 0.04296875
1 0.9521484375 0.7685546875 0.052734375 0.0771484375
1 0.5712890625 0.8447265625 0.0673828125 0.0625
1 0.41796875 0.8857421875 0.0458984375 0.0400390625
1 0.25 0.7705078125 0.087890625 0.05859375
1 0.01953125 0.7646484375 0.0400390625 0.044921875
1 0.37109375 0.77734375 0.0654296875 0.044921875
