1 0.044921875 0.8662109375 0.08984375 0.0751953125
1 0.095703125 0.74609375 0.076171875 0.068359375
1 0.044921875 0.5615234375 0.08984375 0.08203125
1 0.2080078125 0.59765625 0.109375 0.08203125
1 0.21484375 0.7080078125 0.0810546875 0.0732421875
1 0.16796875 0.8486328125 0.0693359375 0.068359375
1 0.298828125 0.9296875 0.0810546875 0.1396484375
1 0.23828125 0.97265625 0.0634765625 0.0546875
1 0.2421875 0.90625 0.0400390625 0.052734375
1 0.8388671875 0.9501953125 0.0791015625 0.099609375
1 0.7421875 0.794921875 0.0751953125 0.0791015625
1 0.8046875 0.7705078125 0.060546875 0.0693359375
1 0.8779296875 0.81640625 0.0732421875 0.083984375
1 0.892578125 0.76171875 0.076171875 0.083984375
1 0.9560546875 0.826171875 0.0576171875 0.083984375
1 0.8466796875 0.6513671875 0.1318359375 0.099609375
1 0.677734375 0.5390625 0.1015625 0.0927734375
1 0.3173828125 0.2734375 0.056640625 0.0478515625
1 0.419921875 0.421875 0.080078125 0.0947265625
1 0.548828125 0.517578125 0.0849609375 0.0947265625
1 0.6484375 0.37890625 0.1025390625 0.0732421875
1 0.73828125 0.3857421875 0.0908203125 0.05859375
1 0.6904296875 0.4296875 0.0634765625 0.05859375
1 0.7421875 0.5224609375 0.052734375 0.0478515625
1 0.7861328125 0.5361328125 0.0986328125 0.060546875
1 0.8525390625 0.5068359375 0.087890625 0.09375
1 0.9365234375 0.53515625 0.1025390625 0.0888671875
1 0.857421875 0.595703125 0.123046875 0.0546875
1 0.955078125 0.66015625 0.0810546875 0.060546875
1 0.689453125 0.7138671875 0.0810546875 0.0673828125
1 0.103515625 0.0283203125 0.078125 0.0576171875
1 0.251953125 0.01953125 0.1171875 0.0390625
1 0.1708984375 0.1083984375 0.09375 0.0751953125
1 0.32421875 0.1494140625 0.1318359375 0.095703125
1 0.408203125 0.0947265625 0.0966796875 0.115234375
1 0.7314453125 0.0302734375 0.068359375 0.0615234375
1 0.9560546875 0.09375 0.0869140625 0.0869140625
1 0.791015625 0.2939453125 0.06640625 0.0576171875
1 0.826171875 0.3388671875 0.1328125 0.0498046875
1 0.2529296875 0.2265625 0.0546875 0.0546875
1 0.3271484375 0.20703125 0.0625 0.0849609375
1 0.232421875 0.25 0.0595703125 0.060546875
1 0.97265625 0.1884765625 0.0537109375 0.0576171875
1 0.1669921875 0.9287109375 0.0458984375 0.0478515625
1 0.95703125 0.6845703125 0.0615234375 0.0390625
