1 0.9267578125 0.3623046875 0.125 0.0703125
1 0.8876953125 0.1943359375 0.1171875 0.078125
1 0.9404296875 0.8720703125 0.095703125 0.0966796875
1 0.841796875 0.09765625 0.14453125 0.0673828125
1 0.28125 0.8701171875 0.1552734375 0.1181640625
1 0.025390625 0.462890625 0.0517578125 0.0576171875
1 0.0400390625 0.259765625 0.0810546875 0.0849609375
1 0.1259765625 0.6875 0.107421875 0.1025390625
1 0.0283203125 0.548828125 0.056640625 0.0927734375
1 0.775390625 0.6796875 0.1123046875 0.0703125
1 0.0322265625 0.810546875 0.064453125 0.072265625
1 0.859375 0.5224609375 0.16015625 0.0673828125
1 0.142578125 0.853515625 0.072265625 0.142578125
1 0.6923828125 0.3916015625 0.1845703125 0.0703125
1 0.0166015625 0.392578125 0.0341796875 0.0771484375
1 0.203125 0.703125 0.1171875 0.08203125
1 0.1748046875 0.640625 0.125 0.0576171875
1 0.1279296875 0.7578125 0.09765625 0.0830078125
1 0.9130859375 0.5849609375 0.0673828125 0.0927734375
1 0.9482421875 0.26953125 0.1025390625 0.060546875
