1 0.1484375 0.0634765625 0.037109375 0.0810546875
1 0.208984375 0.15625 0.078125 0.0498046875
1 0.3828125 0.0595703125 0.0498046875 0.0546875
1 0.0771484375 0.1640625 0.03515625 0.0283203125
1 0.021484375 0.3125 0.0361328125 0.056640625
1 0.02734375 0.369140625 0.0546875 0.0830078125
1 0.1689453125 0.9033203125 0.0419921875 0.0517578125
1 0.224609375 0.8369140625 0.0556640625 0.0546875
1 0.24609375 0.9072265625 0.025390625 0.060546875
1 0.21484375 0.9404296875 0.0498046875 0.04296875
1 0.3310546875 0.8564453125 0.0419921875 0.0458984375
1 0.4931640625 0.9228515625 0.046875 0.03515625
1 0.5595703125 0.876953125 0.0439453125 0.044921875
1 0.6484375 0.8818359375 0.0390625 0.044921875
1 0.2021484375 0.5791015625 0.0546875 0.0419921875
1 0.1494140625 0.58203125 0.0419921875 0.0517578125
1 0.0517578125 0.595703125 0.0439453125 0.037109375
1 0.2958984375 0.466796875 0.046875 0.0859375
1 0.431640625 0.4736328125 0.1005859375 0.08203125
1 0.421875 0.4287109375 0.0615234375 0.0390625
1 0.5361328125 0.51953125 0.0419921875 0.0634765625
1 0.4111328125 0.5517578125 0.0302734375 0.0439453125
1 0.7080078125 0.6328125 0.0576171875 0.05078125
1 0.806640625 0.73046875 0.076171875 0.0478515625
1 0.892578125 0.5556640625 0.0625 0.052734375
1 0.9287109375 0.412109375 0.0341796875 0.0537109375
1 0.8876953125 0.4873046875 0.0419921875 0.0625
1 0.818359375 0.08203125 0.0595703125 0.0322265625
1 0.9775390625 0.7177734375 0.0439453125 0.046875
1 0.9296875 0.9658203125 0.048828125 0.041015625
