1 0.4375 0.955078125 0.1083984375 0.064453125
1 0.5576171875 0.9033203125 0.1123046875 0.091796875
1 0.568359375 0.8076171875 0.119140625 0.12890625
1 0.5810546875 0.751953125 0.1142578125 0.09375
1 0.6708984375 0.869140625 0.072265625 0.087890625
1 0.6044921875 0.669921875 0.064453125 0.0654296875
1 0.724609375 0.65234375 0.0947265625 0.10546875
1 0.48828125 0.6064453125 0.07421875 0.0732421875
1 0.4072265625 0.5810546875 0.119140625 0.06640625
1 0.439453125 0.4609375 0.107421875 0.060546875
1 0.380859375 0.39453125 0.1328125 0.09375
1 0.04296875 0.3037109375 0.0859375 0.1025390625
1 0.271484375 0.142578125 0.0830078125 0.123046875
1 0.3076171875 0.2607421875 0.1123046875 0.103515625
1 0.5576171875 0.2890625 0.072265625 0.0986328125
1 0.537109375 0.404296875 0.0693359375 0.072265625
1 0.685546875 0.474609375 0.08203125 0.1328125
1 0.7431640625 0.43359375 0.076171875 0.0615234375
1 0.7421875 0.3662109375 0.0625 0.068359375
1 0.822265625 0.50390625 0.0859375 0.11328125
1 0.767578125 0.2509765625 0.099609375 0.0986328125
1 0.865234375 0.197265625 0.0595703125 0.1103515625
1 0.97265625 0.4072265625 0.0537109375 0.0849609375
1 0.93359375 0.453125 0.0693359375 0.0986328125
1 0.908203125 0.5556640625 0.0654296875 0.1123046875
1 0.943359375 0.650390625 0.06640625 0.103515625
1 0.9306640625 0.8779296875 0.138671875 0.123046875
1 0.875 0.9697265625 0.064453125 0.060546875
1 0.9228515625 0.3623046875 0.07421875 0.0810546875
1 0.6025390625 0.462890625 0.072265625 0.0615234375
1 0.671875 0.90625 0.078125 0.0625
