1 0.1728515625 0.5458984375 0.07421875 0.1162109375
1 0.2294921875 0.5966796875 0.060546875 0.0947265625
1 0.20703125 0.6767578125 0.146484375 0.0546875
1 0.4326171875 0.62890625 0.1083984375 0.0751953125
1 0.4228515625 0.541015625 0.052734375 0.0546875
1 0.3671875 0.5185546875 0.0595703125 0.0634765625
1 0.322265625 0.455078125 0.052734375 0.0654296875
1 0.31640625 0.3486328125 0.06640625 0.0771484375
1 0.3837890625 0.294921875 0.0625 0.109375
1 0.083984375 0.345703125 0.06640625 0.0634765625
1 0.1884765625 0.3115234375 0.0712890625 0.0771484375
1 0.017578125 0.3154296875 0.03515625 0.0556640625
1 0.1103515625 0.2578125 0.0966796875 0.05859375
1 0.1513671875 0.142578125 0.048828125 0.076171875
1 0.087890625 0.16015625 0.0693359375 0.0791015625
1 0.0654296875 0.1044921875 0.052734375 0.0888671875
1 0.0244140625 0.1220703125 0.048828125 0.1025390625
1 0.0009765625 0.0029296875 0.0029296875 0.005859375
1 0.4287109375 0.126953125 0.044921875 0.068359375
1 0.236328125 0.130859375 0.0712890625 0.08203125
1 0.482421875 0.2841796875 0.080078125 0.078125
1 0.5908203125 0.119140625 0.0654296875 0.1005859375
1 0.5322265625 0.0654296875 0.0732421875 0.0693359375
1 0.484375 0.1533203125 0.0595703125 0.0615234375
1 0.296875 0.0322265625 0.1015625 0.0625
1 0.744140625 0.0556640625 0.0771484375 0.111328125
1 0.8017578125 0.0556640625 0.0625 0.0966796875
1 0.962890625 0.0830078125 0.0732421875 0.1171875
1 0.9072265625 0.166015625 0.083984375 0.0908203125
1 0.970703125 0.173828125 0.05859375 0.0966796875
1 0.931640625 0.283203125 0.0703125 0.1298828125
1 0.8115234375 0.2109375 0.0634765625 0.0888671875
1 0.8583984375 0.2529296875 0.0537109375 0.068359375
1 0.716796875 0.240234375 0.0654296875 0.0966796875
1 0.6455078125 0.3134765625 0.0947265625 0.0576171875
1 0.8115234375 0.3203125 0.0849609375 0.0732421875
1 0.7421875 0.3798828125 0.099609375 0.0615234375
1 0.578125 0.3359375 0.056640625 0.0654296875
1 0.4375 0.4541015625 0.12890625 0.0537109375
1 0.5107421875 0.478515625 0.0576171875 0.037109375
1 0.5068359375 0.5595703125 0.056640625 0.0751953125
1 0.583984375 0.6171875 0.0791015625 0.052734375
1 0.5634765625 0.681640625 0.0703125 0.064453125
1 0.6923828125 0.6083984375 0.0439453125 0.09375
1 0.7353515625 0.572265625 0.0615234375 0.0654296875
1 0.9189453125 0.630859375 0.08203125 0.0595703125
1 0.8203125 0.666015625 0.0595703125 0.0654296875
1 0.7548828125 0.6884765625 0.060546875 0.0712890625
1 0.7958984375 0.7314453125 0.0771484375 0.0625
1 0.927734375 0.716796875 0.0927734375 0.0546875
1 0.794921875 0.4404296875 0.087890625 0.0791015625
1 0.8828125 0.4541015625 0.087890625 0.0732421875
1 0.958984375 0.443359375 0.07421875 0.0869140625
1 0.8984375 0.54296875 0.0537109375 0.072265625
1 0.0234375 0.9716796875 0.0478515625 0.0556640625
1 0.078125 0.9833984375 0.0546875 0.0302734375
1 0.021484375 0.87890625 0.04296875 0.044921875
1 0.091796875 0.6689453125 0.0751953125 0.056640625
1 0.16796875 0.7607421875 0.0732421875 0.048828125
1 0.353515625 0.759765625 0.087890625 0.0751953125
1 0.4609375 0.712890625 0.0615234375 0.0625
1 0.5146484375 0.865234375 0.09375 0.0615234375
1 0.6865234375 0.88671875 0.0751953125 0.052734375
1 0.7529296875 0.853515625 0.076171875 0.05078125
1 0.7734375 0.900390625 0.0947265625 0.0634765625
1 0.830078125 0.7890625 0.078125 0.0498046875
1 0.9072265625 0.796875 0.076171875 0.0478515625
1 0.91796875 0.8544921875 0.0703125 0.0556640625
1 0.8369140625 0.84765625 0.0615234375 0.0458984375
1 0.951171875 0.93359375 0.0888671875 0.0791015625
1 0.759765625 0.974609375 0.06640625 0.0341796875
1 0.728515625 0.9404296875 0.0625 0.0595703125
1 0.740234375 0.9755859375 0.0712890625 0.048828125
1 0.306640625 0.9189453125 0.05859375 0.0654296875
1 0.3701171875 0.8349609375 0.0625 0.0517578125
1 0.130859375 0.4599609375 0.060546875 0.04296875
1 0.3671875 0.90625 0.0517578125 0.052734375
1 0.3203125 0.185546875 0.056640625 0.048828125
1 0.2666015625 0.291015625 0.046875 0.0849609375
1 0.62109375 0.359375 0.0732421875 0.037109375
1 0.5224609375 0.630859375 0.060546875 0.05859375
1 0.4228515625 0.091796875 0.0771484375 0.0791015625
1 0.4375 0.0556640625 0.0751953125 0.07421875
1 0.431640625 0.0166015625 0.0498046875 0.03125
