1 0.8583984375 0.2802734375 0.0654296875 0.1064453125
1 0.9619140625 0.6396484375 0.076171875 0.1259765625
1 0.107421875 0.6708984375 0.095703125 0.08984375
1 0.87890625 0.0947265625 0.0849609375 0.0703125
1 0.232421875 0.888671875 0.0673828125 0.10546875
1 0.4443359375 0.474609375 0.0615234375 0.0693359375
1 0.0712890625 0.701171875 0.0654296875 0.0732421875
1 0.6279296875 0.681640625 0.0576171875 0.0693359375
1 0.6669921875 0.1552734375 0.0712890625 0.0830078125
1 0.2724609375 0.271484375 0.0712890625 0.0947265625
1 0.744140625 0.951171875 0.060546875 0.0634765625
1 0.650390625 0.5849609375 0.0673828125 0.1162109375
1 0.8388671875 0.9365234375 0.09375 0.083984375
1 0.5830078125 0.0810546875 0.0712890625 0.0654296875
1 0.9306640625 0.3828125 0.08984375 0.078125
1 0.35546875 0.337890625 0.0419921875 0.1044921875
1 0.380859375 0.126953125 0.1240234375 0.0419921875
1 0.2373046875 0.07421875 0.0576171875 0.0947265625
1 0.48046875 0.4697265625 0.0703125 0.0888671875
1 0.07421875 0.541015625 0.0888671875 0.0498046875
1 0.5869140625 0.3779296875 0.0771484375 0.166015625
1 0.025390625 0.9677734375 0.0517578125 0.0576171875
1 0.568359375 0.7626953125 0.068359375 0.0517578125
1 0.212890625 0.7119140625 0.0673828125 0.0439453125
1 0.1865234375 0.1572265625 0.04296875 0.08203125
1 0.2802734375 0.677734375 0.0595703125 0.0712890625
1 0.5009765625 0.693359375 0.0888671875 0.0537109375
1 0.7373046875 0.724609375 0.0478515625 0.1240234375
1 0.693359375 0.6875 0.068359375 0.044921875
1 0.109375 0.4775390625 0.109375 0.060546875
1 0.9453125 0.7421875 0.091796875 0.0380859375
1 0.3662109375 0.5673828125 0.048828125 0.1171875
1 0.23046875 0.9794921875 0.0595703125 0.0400390625
1 0.7861328125 0.08203125 0.0947265625 0.033203125
1 0.779296875 0.0947265625 0.107421875 0.0693359375
1 0.8740234375 0.8955078125 0.0576171875 0.06640625
1 0.1298828125 0.884765625 0.0791015625 0.091796875
1 0.0810546875 0.3759765625 0.1630859375 0.1015625
1 0.0126953125 0.232421875 0.025390625 0.0634765625
1 0.9794921875 0.29296875 0.0400390625 0.0673828125
1 0.04296875 0.3115234375 0.078125 0.0380859375
1 0.4853515625 0.8955078125 0.099609375 0.04296875
1 0.029296875 0.5556640625 0.05859375 0.08203125
1 0.7734375 0.572265625 0.0654296875 0.0380859375
1 0.1279296875 0.177734375 0.0595703125 0.05859375
1 0.88671875 0.4453125 0.03125 0.0517578125
1 0.5576171875 0.8095703125 0.16796875 0.0595703125
1 0.083984375 0.4326171875 0.1171875 0.091796875
1 0.568359375 0.9326171875 0.0537109375 0.1259765625
1 0.3583984375 0.8115234375 0.0751953125 0.0439453125
1 0.7763671875 0.9697265625 0.0830078125 0.0595703125
1 0.4326171875 0.7490234375 0.0302734375 0.0556640625
1 0.8447265625 0.9794921875 0.0419921875 0.041015625
1 0.82421875 0.6015625 0.0380859375 0.080078125
1 0.0517578125 0.2578125 0.06640625 0.0625
1 0.5146484375 0.84375 0.099609375 0.037109375
1 0.2998046875 0.45703125 0.111328125 0.0537109375
1 0.3125 0.505859375 0.0390625 0.0634765625
1 0.228515625 0.58203125 0.080078125 0.0380859375
1 0.6572265625 0.30859375 0.2109375 0.060546875
1 0.9375 0.2890625 0.052734375 0.0654296875
1 0.7177734375 0.4970703125 0.0634765625 0.0361328125
1 0.853515625 0.5576171875 0.0361328125 0.095703125
1 0.8046875 0.7578125 0.08984375 0.04296875
1 0.8984375 0.771484375 0.0380859375 0.041015625
1 0.9423828125 0.76953125 0.0400390625 0.0478515625
1 0.86328125 0.7724609375 0.037109375 0.05078125
1 0.443359375 0.7265625 0.0712890625 0.0732421875
1 0.41796875 0.779296875 0.0517578125 0.0380859375
1 0.4130859375 0.2314453125 0.0576171875 0.0400390625
1 0.06640625 0.8603515625 0.1318359375 0.1259765625
1 0.1484375 0.2392578125 0.0791015625 0.076171875
1 0.08984375 0.19140625 0.103515625 0.1630859375
1 0.619140625 0.9208984375 0.048828125 0.150390625
1 0.0888671875 0.5 0.056640625 0.033203125
1 0.8046875 0.0419921875 0.0849609375 0.064453125
