1 0.798828125 0.8330078125 0.2001953125 0.0771484375
1 0.3515625 0.3359375 0.1396484375 0.078125
1 0.5791015625 0.5478515625 0.0908203125 0.0732421875
1 0.9091796875 0.1044921875 0.115234375 0.08984375
1 0.4052734375 0.87890625 0.1474609375 0.1298828125
1 0.0859375 0.546875 0.078125 0.0751953125
1 0.2333984375 0.1572265625 0.072265625 0.10546875
1 0.3369140625 0.8125 0.134765625 0.0576171875
1 0.5966796875 0.4580078125 0.1044921875 0.0830078125
1 0.7607421875 0.998046875 0.072265625 0.0029296875
1 0.087890625 0.4208984375 0.0771484375 0.091796875
1 0.0908203125 0.607421875 0.056640625 0.0673828125
1 0.5341796875 0.9599609375 0.08984375 0.080078125
1 0.796875 0.3994140625 0.10546875 0.134765625
1 0.0830078125 0.701171875 0.0927734375 0.0849609375
1 0.5126953125 0.1962890625 0.1123046875 0.1298828125
1 0.927734375 0.7275390625 0.0732421875 0.1025390625
1 0.15625 0.8232421875 0.0625 0.078125
1 0.7119140625 0.9716796875 0.095703125 0.0556640625
1 0.80078125 0.751953125 0.1171875 0.099609375
1 0.193359375 0.7685546875 0.107421875 0.052734375
1 0.302734375 0.6142578125 0.0732421875 0.0595703125
1 0.49609375 0.716796875 0.15234375 0.1552734375
1 0.8720703125 0.4462890625 0.0546875 0.0849609375
1 0.8154296875 0.2744140625 0.1123046875 0.109375
1 0.302734375 0.5283203125 0.1025390625 0.126953125
1 0.9169921875 0.3505859375 0.154296875 0.1025390625
1 0.650390625 0.0390625 0.2431640625 0.0751953125
1 0.3681640625 0.494140625 0.107421875 0.08984375
1 0.1513671875 0.892578125 0.0751953125 0.0771484375
1 0.376953125 0.1474609375 0.1298828125 0.1474609375
1 0.015625 0.46875 0.0322265625 0.099609375
1 0.75390625 0.67578125 0.2197265625 0.087890625
1 0.7080078125 0.2333984375 0.2626953125 0.20703125
1 0.6591796875 0.76171875 0.0751953125 0.0654296875
1 0.94140625 0.8095703125 0.1044921875 0.060546875
1 0.4560546875 0.123046875 0.15234375 0.107421875
1 0.3740234375 0.2431640625 0.0791015625 0.072265625
1 0.1455078125 0.029296875 0.0673828125 0.0546875
1 0.767578125 0.0234375 0.1572265625 0.04296875
1 0.79296875 0.9453125 0.0625 0.0419921875
1 0.375 0.111328125 0.1572265625 0.1201171875
1 0.06640625 0.921875 0.1337890625 0.0595703125
1 0.3505859375 0.037109375 0.1171875 0.0703125
1 0.912109375 0.38671875 0.064453125 0.0498046875
1 0.029296875 0.515625 0.0595703125 0.0546875
1 0.9013671875 0.3017578125 0.1103515625 0.044921875
1 0.6943359375 0.7314453125 0.08984375 0.0498046875
1 0.8193359375 0.76953125 0.0703125 0.05078125
1 0.9677734375 0.9736328125 0.0576171875 0.052734375
1 0.8525390625 0.7421875 0.0322265625 0.044921875
1 0.861328125 0.681640625 0.0400390625 0.0693359375
1 0.5126953125 0.953125 0.0380859375 0.046875
