1 0.0234375 0.287109375 0.0478515625 0.0439453125
1 0.0576171875 0.1865234375 0.0927734375 0.04296875
1 0.0673828125 0.2275390625 0.099609375 0.0556640625
1 0.1826171875 0.240234375 0.1494140625 0.05078125
1 0.298828125 0.1875 0.138671875 0.052734375
1 0.1328125 0.1181640625 0.083984375 0.044921875
1 0.1982421875 0.1689453125 0.0703125 0.1123046875
1 0.0302734375 0.0068359375 0.060546875 0.013671875
1 0.388671875 0.021484375 0.048828125 0.04296875
1 0.4697265625 0.1357421875 0.0673828125 0.0751953125
1 0.4423828125 0.25390625 0.064453125 0.0595703125
1 0.2431640625 0.3212890625 0.0654296875 0.05078125
1 0.103515625 0.337890625 0.046875 0.09765625
1 0.0908203125 0.4443359375 0.056640625 0.0517578125
1 0.1416015625 0.4375 0.0439453125 0.04296875
1 0.154296875 0.46875 0.0859375 0.0478515625
1 0.0341796875 0.53125 0.0693359375 0.0654296875
1 0.0302734375 0.5810546875 0.0615234375 0.0537109375
1 0.087890625 0.63671875 0.0908203125 0.076171875
1 0.0234375 0.7119140625 0.046875 0.0830078125
1 0.0810546875 0.7509765625 0.0615234375 0.0654296875
1 0.1845703125 0.71484375 0.087890625 0.04296875
1 0.2412109375 0.6357421875 0.087890625 0.0498046875
1 0.36328125 0.607421875 0.048828125 0.083984375
1 0.2890625 0.466796875 0.0986328125 0.044921875
1 0.3828125 0.39453125 0.080078125 0.05078125
1 0.3388671875 0.365234375 0.0498046875 0.0400390625
1 0.1005859375 0.8447265625 0.0732421875 0.0615234375
1 0.0224609375 0.8525390625 0.0458984375 0.0693359375
1 0.3125 0.8935546875 0.0576171875 0.08203125
1 0.2392578125 0.8330078125 0.0498046875 0.091796875
1 0.1669921875 0.7802734375 0.08203125 0.060546875
1 0.3076171875 0.7734375 0.068359375 0.0595703125
1 0.3681640625 0.76171875 0.064453125 0.0458984375
1 0.427734375 0.6142578125 0.0556640625 0.0634765625
1 0.4716796875 0.4775390625 0.0478515625 0.07421875
1 0.5087890625 0.3857421875 0.048828125 0.072265625
1 0.5546875 0.353515625 0.07421875 0.0576171875
1 0.6806640625 0.2783203125 0.119140625 0.0556640625
1 0.642578125 0.1435546875 0.1123046875 0.0537109375
1 0.6552734375 0.037109375 0.0869140625 0.0751953125
1 0.97265625 0.1318359375 0.048828125 0.0849609375
1 0.7724609375 0.216796875 0.0947265625 0.060546875
1 0.7744140625 0.1708984375 0.0478515625 0.052734375
1 0.58203125 0.4404296875 0.0625 0.07421875
1 0.5634765625 0.4814453125 0.119140625 0.0439453125
1 0.650390625 0.486328125 0.083984375 0.0771484375
1 0.7490234375 0.326171875 0.1142578125 0.0830078125
1 0.869140625 0.384765625 0.0615234375 0.046875
1 0.7783203125 0.462890625 0.099609375 0.0859375
1 0.7822265625 0.3974609375 0.1044921875 0.048828125
1 0.4306640625 0.6708984375 0.1064453125 0.0634765625
1 0.4326171875 0.8798828125 0.068359375 0.11328125
1 0.4853515625 0.8935546875 0.052734375 0.052734375
1 0.48828125 0.9365234375 0.05859375 0.046875
1 0.544921875 0.861328125 0.0634765625 0.0771484375
1 0.578125 0.6943359375 0.08203125 0.10546875
1 0.7998046875 0.7177734375 0.0615234375 0.0576171875
1 0.7568359375 0.755859375 0.0771484375 0.06640625
1 0.8193359375 0.6005859375 0.083984375 0.0546875
1 0.740234375 0.5625 0.1005859375 0.0400390625
1 0.8271484375 0.5205078125 0.1171875 0.0869140625
1 0.9755859375 0.6064453125 0.046875 0.05859375
1 0.96484375 0.68359375 0.0703125 0.056640625
1 0.712890625 0.8134765625 0.0966796875 0.072265625
1 0.5615234375 0.767578125 0.0791015625 0.0458984375
1 0.640625 0.783203125 0.048828125 0.0673828125
1 0.6533203125 0.9423828125 0.0615234375 0.0595703125
1 0.6396484375 0.884765625 0.0693359375 0.068359375
1 0.7177734375 0.919921875 0.0634765625 0.0693359375
1 0.8564453125 0.822265625 0.080078125 0.060546875
1 0.947265625 0.8603515625 0.10546875 0.083984375
1 0.9658203125 0.8134765625 0.0673828125 0.0400390625
1 0.28515625 0.3984375 0.0361328125 0.033203125
1 0.6015625 0.8095703125 0.0439453125 0.0400390625
1 0.666015625 0.837890625 0.04296875 0.0419921875
1 0.556640625 0.6044921875 0.0439453125 0.0498046875
1 0.6611328125 0.314453125 0.08203125 0.08984375
1 0.462890625 0.6826171875 0.1298828125 0.033203125
1 0.2080078125 0.8544921875 0.041015625 0.060546875
1 0.919921875 0.927734375 0.0576171875 0.05859375
1 0.6689453125 0.5390625 0.083984375 0.0498046875
