1 0.4794921875 0.236328125 0.068359375 0.0712890625
1 0.298828125 0.0732421875 0.05859375 0.0771484375
1 0.484375 0.0830078125 0.0576171875 0.0791015625
1 0.544921875 0.1015625 0.0546875 0.0869140625
1 0.6162109375 0.08984375 0.0732421875 0.0810546875
1 0.712890625 0.0654296875 0.0771484375 0.05859375
1 0.7880859375 0.025390625 0.0576171875 0.05078125
1 0.8642578125 0.046875 0.087890625 0.0673828125
1 0.70703125 0.2099609375 0.0791015625 0.0810546875
1 0.58203125 0.2431640625 0.107421875 0.091796875
1 0.5283203125 0.3037109375 0.0634765625 0.0546875
1 0.6669921875 0.2998046875 0.0673828125 0.0634765625
1 0.646484375 0.3935546875 0.0625 0.0673828125
1 0.6689453125 0.3642578125 0.0673828125 0.0576171875
1 0.7421875 0.35546875 0.0908203125 0.0751953125
1 0.87890625 0.408203125 0.09375 0.0810546875
1 0.865234375 0.6044921875 0.080078125 0.0673828125
1 0.892578125 0.6708984375 0.0888671875 0.080078125
1 0.7783203125 0.751953125 0.0849609375 0.06640625
1 0.6982421875 0.7802734375 0.0634765625 0.0654296875
1 0.564453125 0.7724609375 0.087890625 0.0576171875
1 0.5908203125 0.9404296875 0.056640625 0.0673828125
1 0.810546875 0.9248046875 0.072265625 0.0634765625
1 0.876953125 0.9794921875 0.091796875 0.0400390625
1 0.9013671875 0.8759765625 0.0634765625 0.0732421875
1 0.224609375 0.779296875 0.068359375 0.091796875
1 0.20703125 0.6396484375 0.0712890625 0.0693359375
1 0.49609375 0.5126953125 0.0517578125 0.0703125
1 0.4521484375 0.4853515625 0.0498046875 0.0693359375
1 0.392578125 0.5302734375 0.0625 0.060546875
1 0.4375 0.6943359375 0.060546875 0.0498046875
1 0.4921875 0.806640625 0.048828125 0.0439453125
1 0.5068359375 0.8876953125 0.0654296875 0.0556640625
1 0.4970703125 0.966796875 0.0634765625 0.05078125
1 0.373046875 0.9423828125 0.0498046875 0.0751953125
1 0.28125 0.9248046875 0.080078125 0.0771484375
1 0.23046875 0.5185546875 0.0673828125 0.05859375
1 0.0849609375 0.759765625 0.056640625 0.0556640625
1 0.12109375 0.884765625 0.0546875 0.0537109375
1 0.140625 0.9365234375 0.0595703125 0.0576171875
1 0.0537109375 0.9755859375 0.0595703125 0.048828125
1 0.0458984375 0.4267578125 0.0546875 0.05859375
1 0.0888671875 0.4404296875 0.048828125 0.0888671875
1 0.130859375 0.45703125 0.052734375 0.0615234375
1 0.1494140625 0.3544921875 0.072265625 0.0537109375
1 0.21875 0.326171875 0.052734375 0.0693359375
1 0.361328125 0.3544921875 0.07421875 0.0546875
1 0.4189453125 0.4072265625 0.0634765625 0.05078125
1 0.1845703125 0.099609375 0.05859375 0.0693359375
1 0.06640625 0.240234375 0.056640625 0.0546875
1 0.3837890625 0.791015625 0.080078125 0.0654296875
1 0.4140625 0.744140625 0.08203125 0.06640625
1 0.3583984375 0.7001953125 0.0712890625 0.0517578125
1 0.314453125 0.751953125 0.0966796875 0.0732421875
1 0.03515625 0.74609375 0.046875 0.0537109375
1 0.9658203125 0.37890625 0.068359375 0.0849609375
1 0.8203125 0.0361328125 0.0537109375 0.0654296875
1 0.7626953125 0.658203125 0.0498046875 0.0380859375
1 0.8310546875 0.78515625 0.1103515625 0.0537109375
1 0.84375 0.7880859375 0.11328125 0.06640625
1 0.701171875 0.486328125 0.03515625 0.033203125
1 0.1728515625 0.044921875 0.0458984375 0.0712890625
1 0.9814453125 0.828125 0.03515625 0.056640625
1 0.9384765625 0.3759765625 0.056640625 0.0595703125
