1 0.6015625 0.9384765625 0.0625 0.0595703125
1 0.6669921875 0.9609375 0.0732421875 0.068359375
1 0.3779296875 0.984375 0.0703125 0.03125
1 0.3271484375 0.9599609375 0.064453125 0.0791015625
1 0.2607421875 0.9775390625 0.0556640625 0.0439453125
1 0.2705078125 0.931640625 0.0625 0.0537109375
1 0.318359375 0.8837890625 0.1064453125 0.0595703125
1 0.2578125 0.8486328125 0.07421875 0.0693359375
1 0.02734375 0.984375 0.0556640625 0.03125
1 0.10546875 0.908203125 0.060546875 0.0888671875
1 0.0654296875 0.755859375 0.0849609375 0.072265625
1 0.1591796875 0.708984375 0.0712890625 0.0693359375
1 0.1083984375 0.7060546875 0.0625 0.0556640625
1 0.1826171875 0.658203125 0.0615234375 0.0888671875
1 0.2900390625 0.751953125 0.0478515625 0.0654296875
1 0.2666015625 0.5546875 0.0986328125 0.076171875
1 0.181640625 0.458984375 0.0654296875 0.064453125
1 0.1357421875 0.4013671875 0.1220703125 0.13671875
1 0.0263671875 0.283203125 0.052734375 0.083984375
1 0.03515625 0.2109375 0.0712890625 0.0751953125
1 0.2041015625 0.2626953125 0.1875 0.083984375
1 0.2900390625 0.2607421875 0.0732421875 0.0986328125
1 0.3544921875 0.31640625 0.0888671875 0.07421875
1 0.5283203125 0.240234375 0.0625 0.07421875
1 0.623046875 0.3046875 0.0947265625 0.072265625
1 0.72265625 0.330078125 0.0888671875 0.048828125
1 0.404296875 0.4765625 0.0869140625 0.0625
1 0.3671875 0.52734375 0.060546875 0.0859375
1 0.5087890625 0.490234375 0.0703125 0.060546875
1 0.55859375 0.4609375 0.1044921875 0.0703125
1 0.6162109375 0.55078125 0.091796875 0.1015625
1 0.4951171875 0.615234375 0.091796875 0.0693359375
1 0.6416015625 0.693359375 0.08203125 0.091796875
1 0.6962890625 0.7451171875 0.0888671875 0.0693359375
1 0.75 0.7587890625 0.080078125 0.0703125
1 0.744140625 0.6064453125 0.107421875 0.115234375
1 0.8056640625 0.5009765625 0.09765625 0.0771484375
1 0.8076171875 0.8671875 0.060546875 0.083984375
1 0.7734375 0.91796875 0.0791015625 0.0576171875
1 0.908203125 0.75 0.1005859375 0.07421875
1 0.9248046875 0.8134765625 0.068359375 0.072265625
1 0.88671875 0.8359375 0.0625 0.0517578125
1 0.951171875 0.8818359375 0.0888671875 0.0849609375
1 0.990234375 0.837890625 0.0185546875 0.02734375
1 0.9765625 0.5830078125 0.046875 0.087890625
1 0.9072265625 0.583984375 0.0703125 0.0771484375
1 0.8994140625 0.3544921875 0.072265625 0.078125
1 0.8798828125 0.2509765625 0.0830078125 0.142578125
1 0.9609375 0.2177734375 0.078125 0.0927734375
1 0.7041015625 0.1474609375 0.083984375 0.08203125
1 0.3369140625 0.1533203125 0.0654296875 0.0947265625
1 0.2265625 0.0634765625 0.08203125 0.099609375
1 0.8095703125 0.0263671875 0.0986328125 0.052734375
1 0.80859375 0.1474609375 0.060546875 0.0693359375
1 0.7763671875 0.1162109375 0.07421875 0.0654296875
1 0.890625 0.01171875 0.08203125 0.0244140625
1 0.654296875 0.0087890625 0.080078125 0.017578125
1 0.564453125 0.015625 0.0751953125 0.03125
1 0.4287109375 0.0234375 0.0654296875 0.046875
1 0.970703125 0.3291015625 0.0576171875 0.0498046875
1 0.396484375 0.4111328125 0.0712890625 0.080078125
1 0.5166015625 0.8466796875 0.0498046875 0.0517578125
1 0.349609375 0.28515625 0.0791015625 0.0498046875
1 0.1826171875 0.3701171875 0.0400390625 0.0478515625
