1 0.796875 0.037109375 0.0712890625 0.072265625
1 0.955078125 0.1474609375 0.0751953125 0.08984375
1 0.2509765625 0.1953125 0.087890625 0.0908203125
1 0.4267578125 0.771484375 0.09375 0.0498046875
1 0.9658203125 0.796875 0.0673828125 0.0625
1 0.1103515625 0.8427734375 0.1171875 0.041015625
1 0.7353515625 0.2373046875 0.05078125 0.076171875
1 0.4951171875 0.419921875 0.0927734375 0.0703125
1 0.97265625 0.4853515625 0.0537109375 0.04296875
1 0.52734375 0.873046875 0.1103515625 0.0556640625
1 0.767578125 0.220703125 0.0703125 0.072265625
1 0.044921875 0.125 0.087890625 0.052734375
1 0.9453125 0.404296875 0.083984375 0.0849609375
1 0.642578125 0.8447265625 0.0537109375 0.0341796875
1 0.6337890625 0.091796875 0.103515625 0.0869140625
1 0.1572265625 0.18359375 0.0869140625 0.0634765625
1 0.6220703125 0.1416015625 0.0966796875 0.0673828125
1 0.8486328125 0.119140625 0.103515625 0.068359375
1 0.0732421875 0.689453125 0.1474609375 0.064453125
1 0.404296875 0.97265625 0.0849609375 0.0537109375
1 0.7138671875 0.4638671875 0.0830078125 0.0498046875
1 0.9052734375 0.431640625 0.1015625 0.05859375
1 0.087890625 0.798828125 0.0986328125 0.0478515625
1 0.5361328125 0.9462890625 0.0791015625 0.048828125
1 0.13671875 0.138671875 0.0947265625 0.041015625
1 0.2509765625 0.486328125 0.1064453125 0.056640625
1 0.1513671875 0.0439453125 0.103515625 0.041015625
1 0.607421875 0.736328125 0.060546875 0.0625
1 0.88671875 0.640625 0.0693359375 0.037109375
1 0.6494140625 0.6533203125 0.0927734375 0.0400390625
1 0.10546875 0.2978515625 0.10546875 0.044921875
1 0.322265625 0.4833984375 0.1259765625 0.0439453125
1 0.595703125 0.341796875 0.1162109375 0.0478515625
1 0.9873046875 0.662109375 0.0244140625 0.0400390625
1 0.2099609375 0.38671875 0.1123046875 0.0517578125
1 0.2685546875 0.8564453125 0.0810546875 0.0576171875
1 0.306640625 0.826171875 0.09375 0.0478515625
1 0.4384765625 0.5078125 0.0947265625 0.037109375
1 0.84375 0.1708984375 0.1396484375 0.103515625
1 0.919921875 0.0576171875 0.0546875 0.0458984375
1 0.5888671875 0.7802734375 0.05859375 0.0322265625
1 0.93359375 0.8291015625 0.0341796875 0.037109375
1 0.7978515625 0.513671875 0.0615234375 0.03125
1 0.55078125 0.4990234375 0.13671875 0.041015625
1 0.7236328125 0.08984375 0.0732421875 0.0498046875
1 0.5341796875 0.16015625 0.044921875 0.0693359375
1 0.0302734375 0.7451171875 0.0576171875 0.0458984375
1 0.3779296875 0.537109375 0.08984375 0.0517578125
1 0.6767578125 0.8203125 0.0712890625 0.033203125
1 0.4775390625 0.037109375 0.0703125 0.0439453125
1 0.75390625 0.3974609375 0.07421875 0.0537109375
1 0.23046875 0.283203125 0.1015625 0.044921875
1 0.23046875 0.7646484375 0.0712890625 0.0537109375
1 0.890625 0.5673828125 0.0361328125 0.080078125
1 0.2412109375 0.1220703125 0.1181640625 0.0673828125
1 0.744140625 0.33984375 0.07421875 0.0439453125
1 0.7470703125 0.62109375 0.0810546875 0.046875
1 0.6513671875 0.5693359375 0.064453125 0.046875
1 0.939453125 0.984375 0.0302734375 0.0302734375
1 0.5517578125 0.6044921875 0.0439453125 0.0615234375
1 0.9208984375 0.0205078125 0.05859375 0.02734375
1 0.80078125 0.599609375 0.099609375 0.0283203125
1 0.328125 0.794921875 0.0830078125 0.0390625
1 0.29296875 0.947265625 0.080078125 0.037109375
1 0.3681640625 0.220703125 0.08984375 0.0322265625
1 0.83203125 0.9892578125 0.09375 0.021484375
1 0.0546875 0.54873046875 0.11015625 0.04326171875000007
1 0.4802734375 0.17177734375 0.06015624999999997 0.040624999999999994
1 0.3037109375 0.9287109375 0.0634765625 0.0341796875
1 0.2197265625 0.083984375 0.0869140625 0.0556640625
1 0.974609375 0.5751953125 0.0498046875 0.04296875
1 0.8701171875 0.8583984375 0.0732421875 0.03125
1 0.8798828125 0.626953125 0.05078125 0.0400390625
1 0.875 0.826171875 0.048828125 0.0390625
1 0.0439453125 0.8994140625 0.0888671875 0.041015625
1 0.9150390625 0.76171875 0.0703125 0.0537109375
1 0.0302734375 0.197265625 0.060546875 0.0478515625
1 0.611328125 0.9267578125 0.0458984375 0.0517578125
1 0.4521484375 0.5869140625 0.0673828125 0.0556640625
1 0.47265625 0.5498046875 0.0869140625 0.0634765625
1 0.248046875 0.5654296875 0.1015625 0.0478515625
1 0.2734375 0.45703125 0.064453125 0.056640625
1 0.3896484375 0.3671875 0.046875 0.0478515625
1 0.3623046875 0.2900390625 0.0625 0.046875
1 0.4384765625 0.2587890625 0.0595703125 0.052734375
1 0.3828125 0.24609375 0.0634765625 0.0390625
1 0.359375 0.2587890625 0.08203125 0.037109375
1 0.4306640625 0.2265625 0.103515625 0.033203125
1 0.2275390625 0.1123046875 0.0791015625 0.04296875
