1 0.5390625 0.341796875 0.1357421875 0.115234375
1 0.0791015625 0.654296875 0.0908203125 0.134765625
1 0.4814453125 0.6474609375 0.0849609375 0.076171875
1 0.5078125 0.6923828125 0.0771484375 0.08984375
1 0.2138671875 0.4052734375 0.1044921875 0.1025390625
1 0.2197265625 0.96875 0.064453125 0.0625
1 0.7744140625 0.3955078125 0.140625 0.1025390625
1 0.154296875 0.8427734375 0.1845703125 0.1220703125
1 0.0751953125 0.2490234375 0.1025390625 0.1103515625
1 0.80078125 0.0830078125 0.1435546875 0.13671875
1 0.6416015625 0.287109375 0.1455078125 0.115234375
1 0.1123046875 0.1298828125 0.1318359375 0.10546875
1 0.5859375 0.658203125 0.09765625 0.1171875
1 0.8115234375 0.2373046875 0.1806640625 0.15234375
1 0.4189453125 0.1376953125 0.1455078125 0.2119140625
1 0.609375 0.962890625 0.150390625 0.0732421875
1 0.83203125 0.8642578125 0.1640625 0.125
1 0.6806640625 0.9140625 0.142578125 0.0849609375
1 0.1142578125 0.033203125 0.119140625 0.0673828125
1 0.3837890625 0.3740234375 0.0849609375 0.0908203125
1 0.9775390625 0.1826171875 0.044921875 0.087890625
1 0.9755859375 0.8740234375 0.0478515625 0.1044921875
