1 0.7431640625 0.646484375 0.09765625 0.1005859375
1 0.23828125 0.4013671875 0.115234375 0.095703125
1 0.62109375 0.0205078125 0.107421875 0.0419921875
1 0.748046875 0.7705078125 0.087890625 0.072265625
1 0.8095703125 0.3359375 0.115234375 0.08203125
1 0.6533203125 0.6533203125 0.087890625 0.08203125
1 0.6884765625 0.2255859375 0.08203125 0.0625
1 0.3095703125 0.15234375 0.08984375 0.080078125
1 0.8505859375 0.2431640625 0.109375 0.1103515625
1 0.921875 0.8994140625 0.125 0.08984375
1 0.1025390625 0.244140625 0.0576171875 0.0693359375
1 0.7333984375 0.26171875 0.087890625 0.0751953125
1 0.9140625 0.5283203125 0.1396484375 0.107421875
1 0.3017578125 0.3115234375 0.08984375 0.0908203125
1 0.6201171875 0.841796875 0.0771484375 0.080078125
1 0.8798828125 0.7421875 0.115234375 0.08984375
1 0.0419921875 0.1201171875 0.07421875 0.1123046875
1 0.71484375 0.5 0.08984375 0.0771484375
1 0.568359375 0.0869140625 0.09765625 0.0751953125
1 0.33203125 0.240234375 0.130859375 0.0673828125
1 0.234375 0.9560546875 0.140625 0.087890625
1 0.259765625 0.5263671875 0.134765625 0.0947265625
1 0.1884765625 0.8681640625 0.087890625 0.0576171875
1 0.1923828125 0.8037109375 0.125 0.0751953125
1 0.232421875 0.6806640625 0.1123046875 0.123046875
1 0.8134765625 0.9482421875 0.123046875 0.087890625
1 0.1796875 0.060546875 0.0703125 0.087890625
1 0.1826171875 0.1904296875 0.0771484375 0.0869140625
1 0.0966796875 0.015625 0.0654296875 0.0322265625
1 0.1826171875 0.1884765625 0.0830078125 0.08203125
1 0.958984375 0.3154296875 0.0751953125 0.09765625
1 0.2470703125 0.248046875 0.0546875 0.0576171875
1 0.2470703125 0.2470703125 0.064453125 0.060546875
1 0.6513671875 0.40234375 0.0849609375 0.080078125
1 0.1015625 0.8681640625 0.0751953125 0.078125
1 0.068359375 0.0556640625 0.08203125 0.0673828125
1 0.2275390625 0.1298828125 0.0771484375 0.080078125
