1 0.12890625 0.154296875 0.0869140625 0.12109375
1 0.0966796875 0.3671875 0.10546875 0.142578125
1 0.333984375 0.2724609375 0.0849609375 0.0849609375
1 0.48828125 0.1806640625 0.115234375 0.103515625
1 0.5087890625 0.0400390625 0.0576171875 0.0673828125
1 0.9013671875 0.1181640625 0.1044921875 0.109375
1 0.0185546875 0.3720703125 0.0380859375 0.0771484375
1 0.0283203125 0.6494140625 0.056640625 0.123046875
1 0.1845703125 0.6103515625 0.107421875 0.0849609375
1 0.3095703125 0.41796875 0.0751953125 0.0859375
1 0.37109375 0.4287109375 0.0751953125 0.0830078125
1 0.4833984375 0.5048828125 0.08203125 0.0849609375
1 0.630859375 0.568359375 0.10546875 0.0927734375
1 0.625 0.412109375 0.1298828125 0.12890625
1 0.087890625 0.7509765625 0.087890625 0.0810546875
1 0.265625 0.7939453125 0.0673828125 0.087890625
1 0.130859375 0.9423828125 0.0595703125 0.1142578125
1 0.49609375 0.9423828125 0.0947265625 0.1015625
1 0.234375 0.9658203125 0.10546875 0.068359375
1 0.3544921875 0.6728515625 0.0927734375 0.1025390625
1 0.49609375 0.72265625 0.1025390625 0.099609375
1 0.720703125 0.7265625 0.103515625 0.099609375
1 0.7548828125 0.8466796875 0.0888671875 0.0810546875
1 0.75 0.435546875 0.0830078125 0.1220703125
1 0.8525390625 0.501953125 0.125 0.1171875
1 0.966796875 0.552734375 0.06640625 0.0810546875
1 0.9677734375 0.423828125 0.064453125 0.1328125
1 0.990234375 0.9560546875 0.01953125 0.0869140625
1 0.970703125 0.9521484375 0.0576171875 0.0751953125
1 0.810546875 0.958984375 0.0732421875 0.0810546875
1 0.7373046875 0.5791015625 0.1123046875 0.1474609375
