1 0.953125 0.9736328125 0.08984375 0.052734375
1 0.9052734375 0.7177734375 0.1025390625 0.115234375
1 0.47265625 0.6416015625 0.1123046875 0.1279296875
1 0.7333984375 0.880859375 0.087890625 0.126953125
1 0.490234375 0.884765625 0.1201171875 0.1279296875
1 0.509765625 0.4892578125 0.08984375 0.080078125
1 0.5517578125 0.9697265625 0.0849609375 0.060546875
1 0.3271484375 0.615234375 0.0810546875 0.095703125
1 0.3818359375 0.2392578125 0.1650390625 0.1494140625
1 0.837890625 0.8857421875 0.0732421875 0.072265625
1 0.158203125 0.8388671875 0.115234375 0.1103515625
1 0.7119140625 0.59765625 0.1650390625 0.1474609375
1 0.92578125 0.490234375 0.095703125 0.1962890625
1 0.6591796875 0.4140625 0.1396484375 0.1591796875
1 0.375 0.5224609375 0.0849609375 0.0830078125
1 0.9638671875 0.3232421875 0.072265625 0.17578125
1 0.3564453125 0.923828125 0.0654296875 0.0595703125
1 0.8193359375 0.251953125 0.0703125 0.109375
1 0.0771484375 0.359375 0.1328125 0.177734375
1 0.951171875 0.0380859375 0.09765625 0.072265625
1 0.771484375 0.974609375 0.0654296875 0.05078125
1 0.6162109375 0.2294921875 0.1201171875 0.0615234375
1 0.037109375 0.0712890625 0.0703125 0.1396484375
1 0.0302734375 0.216796875 0.056640625 0.099609375
1 0.0556640625 0.4970703125 0.107421875 0.119140625
1 0.05078125 0.7001953125 0.09765625 0.1123046875
1 0.8935546875 0.32421875 0.072265625 0.2255859375
1 0.337890625 0.2880859375 0.0732421875 0.103515625
1 0.8623046875 0.517578125 0.0859375 0.1357421875
1 0.9638671875 0.2236328125 0.0693359375 0.099609375
1 0.8359375 0.6650390625 0.0771484375 0.07421875
1 0.6064453125 0.107421875 0.09375 0.1025390625
1 0.0263671875 0.3828125 0.0537109375 0.091796875
