1 0.12109375 0.5439453125 0.1005859375 0.11328125
1 0.2099609375 0.361328125 0.0703125 0.0986328125
1 0.0615234375 0.240234375 0.1240234375 0.123046875
1 0.205078125 0.185546875 0.1005859375 0.0810546875
1 0.154296875 0.052734375 0.099609375 0.072265625
1 0.3720703125 0.0283203125 0.0693359375 0.056640625
1 0.55078125 0.0322265625 0.1171875 0.064453125
1 0.115234375 0.5361328125 0.0810546875 0.1328125
1 0.1044921875 0.6376953125 0.1083984375 0.123046875
1 0.1923828125 0.7197265625 0.09375 0.0751953125
1 0.076171875 0.81640625 0.099609375 0.0712890625
1 0.0126953125 0.9560546875 0.025390625 0.0869140625
1 0.0595703125 0.943359375 0.0634765625 0.107421875
1 0.373046875 0.4833984375 0.1005859375 0.078125
1 0.46875 0.5224609375 0.115234375 0.0927734375
1 0.5537109375 0.466796875 0.1474609375 0.1162109375
1 0.6005859375 0.392578125 0.0947265625 0.0546875
1 0.720703125 0.24609375 0.0654296875 0.0849609375
1 0.748046875 0.1630859375 0.0615234375 0.0654296875
1 0.908203125 0.1728515625 0.125 0.07421875
1 0.8388671875 0.3525390625 0.0859375 0.091796875
1 0.8369140625 0.576171875 0.1044921875 0.140625
1 0.693359375 0.5 0.064453125 0.0546875
1 0.6494140625 0.6669921875 0.0869140625 0.09375
1 0.40625 0.228515625 0.068359375 0.076171875
1 0.5458984375 0.25 0.087890625 0.0625
1 0.482421875 0.18359375 0.0673828125 0.0966796875
1 0.3896484375 0.1630859375 0.111328125 0.0654296875
1 0.82421875 0.8603515625 0.06640625 0.0595703125
1 0.8349609375 0.9345703125 0.0927734375 0.0771484375
1 0.6064453125 0.9228515625 0.083984375 0.087890625
1 0.552734375 0.822265625 0.09765625 0.0830078125
1 0.40625 0.8134765625 0.091796875 0.078125
1 0.462890625 0.7119140625 0.0810546875 0.0751953125
1 0.3701171875 0.6298828125 0.09765625 0.068359375
1 0.705078125 0.8173828125 0.0546875 0.0615234375
1 0.529296875 0.9501953125 0.0673828125 0.0986328125
1 0.4462890625 0.9013671875 0.05859375 0.0458984375
