1 0.8525390625 0.1484375 0.0751953125 0.1005859375
1 0.8251953125 0.8056640625 0.076171875 0.0791015625
1 0.94921875 0.529296875 0.0546875 0.083984375
1 0.8701171875 0.416015625 0.0654296875 0.09765625
1 0.9833984375 0.4482421875 0.0322265625 0.1064453125
1 0.9013671875 0.568359375 0.068359375 0.076171875
1 0.9248046875 0.1552734375 0.0498046875 0.0830078125
1 0.046875 0.4365234375 0.0703125 0.10546875
1 0.1689453125 0.5224609375 0.12890625 0.0859375
1 0.439453125 0.37109375 0.08984375 0.10546875
1 0.63671875 0.0791015625 0.0517578125 0.0751953125
1 0.6240234375 0.8623046875 0.083984375 0.0751953125
1 0.57421875 0.1083984375 0.0654296875 0.0751953125
1 0.0390625 0.5009765625 0.078125 0.05859375
1 0.697265625 0.630859375 0.0595703125 0.09765625
1 0.5908203125 0.37890625 0.1123046875 0.0478515625
1 0.078125 0.07421875 0.1181640625 0.0888671875
1 0.6083984375 0.6513671875 0.05859375 0.07421875
1 0.2470703125 0.8681640625 0.0546875 0.083984375
1 0.2802734375 0.8349609375 0.08984375 0.11328125
1 0.955078125 0.865234375 0.0712890625 0.091796875
1 0.4873046875 0.1650390625 0.095703125 0.1103515625
1 0.8798828125 0.78515625 0.0869140625 0.1240234375
1 0.7919921875 0.455078125 0.0400390625 0.099609375
1 0.4228515625 0.779296875 0.064453125 0.1103515625
1 0.234375 0.201171875 0.1318359375 0.080078125
1 0.6884765625 0.23046875 0.0673828125 0.0732421875
1 0.181640625 0.2060546875 0.10546875 0.0859375
1 0.63671875 0.810546875 0.05859375 0.0810546875
1 0.75 0.095703125 0.0771484375 0.05078125
1 0.408203125 0.212890625 0.0927734375 0.08203125
1 0.740234375 0.458984375 0.048828125 0.119140625
1 0.521484375 0.9111328125 0.05859375 0.0869140625
1 0.376953125 0.341796875 0.0634765625 0.0673828125
1 0.2255859375 0.029296875 0.0556640625 0.05859375
1 0.208984375 0.42578125 0.0859375 0.060546875
1 0.4462890625 0.9716796875 0.064453125 0.052734375
1 0.9892578125 0.5791015625 0.021484375 0.0751953125
1 0.5166015625 0.525390625 0.07421875 0.083984375
1 0.5732421875 0.9287109375 0.0517578125 0.072265625
1 0.203125 0.35546875 0.068359375 0.072265625
1 0.1328125 0.2236328125 0.064453125 0.0673828125
1 0.126953125 0.7890625 0.107421875 0.072265625
1 0.97265625 0.251953125 0.0537109375 0.0478515625
1 0.654296875 0.3310546875 0.0791015625 0.046875
1 0.509765625 0.767578125 0.0810546875 0.05078125
1 0.3193359375 0.5849609375 0.087890625 0.044921875
1 0.3603515625 0.2548828125 0.03125 0.0634765625
1 0.205078125 0.6640625 0.080078125 0.0654296875
1 0.0380859375 0.80859375 0.06640625 0.0654296875
1 0.486328125 0.4541015625 0.0419921875 0.0693359375
1 0.0244140625 0.91796875 0.048828125 0.0400390625
1 0.345703125 0.0419921875 0.0625 0.052734375
1 0.6689453125 0.2646484375 0.0673828125 0.0400390625
1 0.3857421875 0.1611328125 0.0634765625 0.0517578125
1 0.8603515625 0.6728515625 0.0546875 0.064453125
1 0.72265625 0.52734375 0.0888671875 0.033203125
1 0.130859375 0.740234375 0.07421875 0.099609375
1 0.568359375 0.984375 0.09765625 0.0302734375
1 0.3955078125 0.4697265625 0.111328125 0.0517578125
1 0.8330078125 0.4140625 0.05859375 0.06640625
1 0.361328125 0.8056640625 0.056640625 0.0537109375
1 0.1650390625 0.7392578125 0.1455078125 0.0966796875
1 0.9375 0.015625 0.052734375 0.0322265625
1 0.19140625 0.8798828125 0.0927734375 0.0439453125
1 0.736328125 0.0146484375 0.02734375 0.029296875
1 0.91015625 0.2919921875 0.072265625 0.0400390625
1 0.646484375 0.5419921875 0.02734375 0.0576171875
1 0.85546875 0.9052734375 0.056640625 0.044921875
1 0.2724609375 0.6708984375 0.0556640625 0.044921875
