1 0.4990234375 0.3701171875 0.0849609375 0.0869140625
1 0.6552734375 0.4677734375 0.0830078125 0.0869140625
1 0.5126953125 0.28125 0.0927734375 0.1201171875
1 0.38671875 0.2353515625 0.1103515625 0.1123046875
1 0.63671875 0.8212890625 0.0947265625 0.0947265625
1 0.5234375 0.8369140625 0.072265625 0.0751953125
1 0.59375 0.2783203125 0.05078125 0.0732421875
1 0.45703125 0.650390625 0.064453125 0.048828125
1 0.064453125 0.1357421875 0.08984375 0.091796875
1 0.572265625 0.7802734375 0.080078125 0.0732421875
1 0.666015625 0.0244140625 0.1171875 0.044921875
1 0.01953125 0.2392578125 0.0400390625 0.0546875
1 0.39453125 0.3203125 0.099609375 0.0966796875
1 0.4345703125 0.212890625 0.080078125 0.107421875
1 0.564453125 0.314453125 0.0537109375 0.0751953125
