1 0.1337890625 0.0263671875 0.12109375 0.0537109375
1 0.0869140625 0.0654296875 0.0908203125 0.0771484375
1 0.4521484375 0.072265625 0.1494140625 0.0947265625
1 0.2373046875 0.28125 0.1123046875 0.06640625
1 0.1376953125 0.3818359375 0.1162109375 0.072265625
1 0.05859375 0.4423828125 0.068359375 0.0791015625
1 0.2802734375 0.4228515625 0.0693359375 0.087890625
1 0.7529296875 0.3681640625 0.0869140625 0.0576171875
1 0.6171875 0.544921875 0.12109375 0.095703125
1 0.677734375 0.505859375 0.1201171875 0.0556640625
1 0.513671875 0.6650390625 0.0634765625 0.087890625
1 0.3955078125 0.7626953125 0.0791015625 0.140625
1 0.4111328125 0.8671875 0.072265625 0.0791015625
1 0.4755859375 0.869140625 0.08203125 0.068359375
1 0.1806640625 0.92578125 0.142578125 0.083984375
1 0.2919921875 0.955078125 0.1015625 0.0791015625
1 0.3798828125 0.953125 0.1015625 0.0927734375
1 0.056640625 0.7255859375 0.0830078125 0.0869140625
1 0.6103515625 0.8349609375 0.087890625 0.05859375
1 0.669921875 0.888671875 0.0625 0.0654296875
1 0.6904296875 0.8369140625 0.0625 0.087890625
1 0.80078125 0.69140625 0.107421875 0.173828125
1 0.9609375 0.8037109375 0.0751953125 0.0703125
1 0.98046875 0.103515625 0.0390625 0.07421875
1 0.609375 0.0419921875 0.076171875 0.080078125
1 0.71484375 0.072265625 0.078125 0.0751953125
1 0.7197265625 0.013671875 0.1142578125 0.02734375
1 0.18359375 0.416015625 0.0634765625 0.0732421875
1 0.841796875 0.380859375 0.0673828125 0.0498046875
