1 0.25 0.2333984375 0.1611328125 0.1083984375
1 0.234375 0.4404296875 0.0712890625 0.306640625
1 0.6962890625 0.419921875 0.1044921875 0.171875
1 0.6318359375 0.7216796875 0.1181640625 0.08203125
1 0.4716796875 0.6103515625 0.208984375 0.103515625
1 0.482421875 0.576171875 0.146484375 0.083984375
1 0.7685546875 0.4677734375 0.09765625 0.087890625
1 0.2939453125 0.68359375 0.0849609375 0.0986328125
1 0.5517578125 0.251953125 0.15625 0.0771484375
1 0.15234375 0.3017578125 0.1181640625 0.0830078125
1 0.216796875 0.392578125 0.283203125 0.115234375
1 0.9423828125 0.2421875 0.115234375 0.09765625
1 0.8759765625 0.4052734375 0.1630859375 0.166015625
1 0.837890625 0.1142578125 0.1201171875 0.228515625
1 0.23828125 0.1005859375 0.080078125 0.0888671875
1 0.7734375 0.19921875 0.185546875 0.15625
1 0.2763671875 0.0361328125 0.068359375 0.0712890625
1 0.7734375 0.564453125 0.2060546875 0.1240234375
1 0.4736328125 0.345703125 0.18359375 0.177734375
1 0.919921875 0.9169921875 0.1181640625 0.0986328125
1 0.5615234375 0.1611328125 0.1171875 0.1005859375
1 0.54296875 0.01953125 0.1064453125 0.0400390625
1 0.650390625 0.0908203125 0.0859375 0.181640625
1 0.8935546875 0.0517578125 0.0654296875 0.1044921875
1 0.423828125 0.470703125 0.18359375 0.16015625
1 0.533203125 0.4716796875 0.1474609375 0.0751953125
1 0.0908203125 0.46484375 0.181640625 0.080078125
1 0.33984375 0.2197265625 0.13671875 0.1298828125
1 0.935546875 0.5029296875 0.0927734375 0.0927734375
