1 0.880859375 0.0546875 0.044921875 0.107421875
1 0.9189453125 0.9541015625 0.060546875 0.0859375
1 0.1181640625 0.4599609375 0.0732421875 0.1240234375
1 0.8232421875 0.57421875 0.0478515625 0.1005859375
1 0.5703125 0.2216796875 0.05078125 0.091796875
1 0.033203125 0.0947265625 0.0673828125 0.0625
1 0.7490234375 0.2216796875 0.064453125 0.0888671875
1 0.3291015625 0.443359375 0.0947265625 0.0986328125
1 0.033203125 0.486328125 0.0673828125 0.1015625
1 0.423828125 0.0869140625 0.0595703125 0.1328125
1 0.025390625 0.5341796875 0.0517578125 0.0634765625
1 0.111328125 0.05078125 0.064453125 0.1015625
1 0.5830078125 0.5107421875 0.04296875 0.1328125
1 0.7001953125 0.53125 0.0537109375 0.10546875
1 0.630859375 0.6904296875 0.03125 0.0732421875
1 0.3935546875 0.6044921875 0.041015625 0.0849609375
1 0.966796875 0.0849609375 0.0625 0.162109375
1 0.75 0.1142578125 0.06640625 0.1171875
1 0.458984375 0.5830078125 0.0380859375 0.1181640625
1 0.4638671875 0.84375 0.0771484375 0.23828125
1 0.0341796875 0.787109375 0.02734375 0.0966796875
1 0.763671875 0.3916015625 0.0537109375 0.1005859375
1 0.302734375 0.0322265625 0.0693359375 0.060546875
1 0.376953125 0.9375 0.064453125 0.115234375
1 0.4912109375 0.1796875 0.0703125 0.0712890625
1 0.3544921875 0.68359375 0.1005859375 0.04296875
1 0.0712890625 0.873046875 0.029296875 0.0751953125
1 0.890625 0.5849609375 0.0576171875 0.0673828125
1 0.65234375 0.9443359375 0.048828125 0.09765625
1 0.5048828125 0.1162109375 0.0947265625 0.0322265625
1 0.482421875 0.4462890625 0.05078125 0.05859375
1 0.396484375 0.3125 0.0625 0.216796875
1 0.17578125 0.0244140625 0.037109375 0.0498046875
1 0.0771484375 0.0791015625 0.130859375 0.1357421875
1 0.544921875 0.9638671875 0.080078125 0.029296875
1 0.2529296875 0.6337890625 0.080078125 0.0341796875
1 0.8876953125 0.19921875 0.1181640625 0.1044921875
1 0.6376953125 0.2041015625 0.09375 0.04296875
1 0.294921875 0.244140625 0.2607421875 0.0927734375
1 0.6123046875 0.396484375 0.05078125 0.09375
1 0.5322265625 0.9228515625 0.0400390625 0.0703125
1 0.037109375 0.9921875 0.07421875 0.015625
1 0.1484375 0.984375 0.080078125 0.0302734375
1 0.09765625 0.4677734375 0.0673828125 0.0986328125
1 0.376953125 0.5185546875 0.0654296875 0.0302734375
1 0.669921875 0.06640625 0.1103515625 0.0322265625
1 0.2109375 0.3173828125 0.076171875 0.0400390625
1 0.31259765625 0.53076171875 0.20029296875 0.1103515625
1 0.95703125 0.7314453125 0.078125 0.171875
1 0.767578125 0.8798828125 0.06640625 0.22265625
1 0.85546875 0.654296875 0.1064453125 0.06640625
1 0.126953125 0.6513671875 0.154296875 0.0869140625
1 0.021484375 0.658203125 0.0439453125 0.0458984375
1 0.037109375 0.6767578125 0.052734375 0.03125
1 0.3447265625 0.59765625 0.0615234375 0.04296875
1 0.876953125 0.3603515625 0.126953125 0.2509765625
1 0.662109375 0.3828125 0.08203125 0.1162109375
1 0.6552734375 0.0244140625 0.134765625 0.0419921875
1 0.1943359375 0.3759765625 0.0693359375 0.0390625
1 0.9814453125 0.544921875 0.0361328125 0.16796875
1 0.525390625 0.060546875 0.0400390625 0.0400390625
