1 0.025390625 0.0859375 0.0517578125 0.1005859375
1 0.048828125 0.1474609375 0.076171875 0.0478515625
1 0.1337890625 0.0615234375 0.0859375 0.1220703125
1 0.3173828125 0.0458984375 0.0859375 0.08984375
1 0.3359375 0.1416015625 0.0654296875 0.0634765625
1 0.2158203125 0.201171875 0.0546875 0.0498046875
1 0.1259765625 0.2685546875 0.0703125 0.044921875
1 0.2099609375 0.30078125 0.08984375 0.05859375
1 0.2607421875 0.34765625 0.0654296875 0.060546875
1 0.087890625 0.3955078125 0.072265625 0.068359375
1 0.080078125 0.6328125 0.091796875 0.0654296875
1 0.052734375 0.68359375 0.080078125 0.05078125
1 0.29296875 0.7451171875 0.07421875 0.095703125
1 0.2373046875 0.84375 0.107421875 0.076171875
1 0.2958984375 0.9326171875 0.07421875 0.0625
1 0.2333984375 0.9482421875 0.0478515625 0.048828125
1 0.1123046875 0.9638671875 0.0625 0.0712890625
1 0.19921875 0.97265625 0.0556640625 0.0546875
1 0.3623046875 0.9736328125 0.10546875 0.0517578125
1 0.6796875 0.9638671875 0.0771484375 0.0712890625
1 0.578125 0.91015625 0.06640625 0.0986328125
1 0.48046875 0.857421875 0.0478515625 0.0458984375
1 0.3896484375 0.8046875 0.056640625 0.0654296875
1 0.4462890625 0.8037109375 0.0556640625 0.0576171875
1 0.3935546875 0.7216796875 0.0517578125 0.0517578125
1 0.552734375 0.763671875 0.064453125 0.0654296875
1 0.7021484375 0.7373046875 0.0703125 0.07421875
1 0.7802734375 0.8330078125 0.064453125 0.0673828125
1 0.861328125 0.8056640625 0.09765625 0.0576171875
1 0.8701171875 0.8798828125 0.0810546875 0.0595703125
1 0.9609375 0.833984375 0.078125 0.072265625
1 0.98046875 0.6943359375 0.0380859375 0.08984375
1 0.611328125 0.634765625 0.078125 0.0859375
1 0.77734375 0.6328125 0.05078125 0.0654296875
1 0.8466796875 0.5595703125 0.0654296875 0.08984375
1 0.7373046875 0.4677734375 0.0693359375 0.076171875
1 0.494140625 0.423828125 0.103515625 0.068359375
1 0.392578125 0.494140625 0.07421875 0.1337890625
1 0.7451171875 0.365234375 0.0859375 0.06640625
1 0.5966796875 0.291015625 0.1015625 0.08203125
1 0.7509765625 0.279296875 0.060546875 0.0517578125
1 0.88671875 0.3017578125 0.109375 0.0693359375
1 0.705078125 0.166015625 0.0634765625 0.06640625
1 0.9453125 0.1298828125 0.0625 0.06640625
1 0.470703125 0.2529296875 0.0888671875 0.041015625
1 0.5126953125 0.3154296875 0.068359375 0.0654296875
1 0.9453125 0.0185546875 0.095703125 0.0361328125
1 0.8876953125 0.498046875 0.0654296875 0.0615234375
1 0.931640625 0.5478515625 0.09765625 0.0478515625
1 0.982421875 0.57421875 0.0341796875 0.126953125
1 0.021484375 0.361328125 0.0390625 0.0830078125
1 0.904296875 0.6259765625 0.064453125 0.0419921875
1 0.8193359375 0.712890625 0.056640625 0.0546875
1 0.5498046875 0.5703125 0.046875 0.056640625
1 0.01953125 0.26171875 0.0400390625 0.0654296875
1 0.142578125 0.525390625 0.0419921875 0.0419921875
1 0.638671875 0.599609375 0.0458984375 0.05078125
1 0.021484375 0.8740234375 0.04296875 0.0556640625
1 0.5556640625 0.6240234375 0.044921875 0.05859375
1 0.5087890625 0.646484375 0.0478515625 0.05078125
1 0.8369140625 0.013671875 0.0576171875 0.0263671875
1 0.0361328125 0.9873046875 0.048828125 0.021484375
