1 0.146484375 0.9814453125 0.083984375 0.037109375
1 0.25390625 0.97265625 0.0654296875 0.0537109375
1 0.3125 0.9814453125 0.072265625 0.037109375
1 0.078125 0.8720703125 0.0751953125 0.076171875
1 0.021484375 0.794921875 0.0439453125 0.0693359375
1 0.19921875 0.8544921875 0.0712890625 0.083984375
1 0.1162109375 0.7529296875 0.0869140625 0.0546875
1 0.0185546875 0.7255859375 0.037109375 0.0478515625
1 0.513671875 0.9638671875 0.076171875 0.0693359375
1 0.689453125 0.9755859375 0.072265625 0.048828125
1 0.7392578125 0.9091796875 0.08203125 0.080078125
1 0.640625 0.783203125 0.0859375 0.1103515625
1 0.6123046875 0.7431640625 0.0771484375 0.07421875
1 0.5263671875 0.740234375 0.083984375 0.068359375
1 0.3134765625 0.7177734375 0.0654296875 0.060546875
1 0.3193359375 0.630859375 0.0546875 0.0810546875
1 0.4228515625 0.5810546875 0.0703125 0.0693359375
1 0.4541015625 0.5166015625 0.0615234375 0.0595703125
1 0.5693359375 0.546875 0.0771484375 0.068359375
1 0.521484375 0.33984375 0.08203125 0.103515625
1 0.4951171875 0.474609375 0.0576171875 0.06640625
1 0.533203125 0.435546875 0.0400390625 0.0595703125
1 0.8515625 0.3603515625 0.0966796875 0.07421875
1 0.373046875 0.34765625 0.06640625 0.0751953125
1 0.3154296875 0.416015625 0.11328125 0.0595703125
1 0.224609375 0.4677734375 0.0712890625 0.091796875
1 0.2099609375 0.3759765625 0.080078125 0.0673828125
1 0.2705078125 0.32421875 0.1083984375 0.05078125
1 0.279296875 0.36328125 0.07421875 0.0595703125
1 0.0654296875 0.3642578125 0.0615234375 0.0654296875
1 0.13671875 0.4345703125 0.07421875 0.0654296875
1 0.0537109375 0.509765625 0.0576171875 0.0634765625
1 0.1123046875 0.2080078125 0.0458984375 0.0458984375
1 0.09765625 0.0791015625 0.0615234375 0.0478515625
1 0.36328125 0.0419921875 0.103515625 0.0830078125
1 0.439453125 0.048828125 0.07421875 0.0712890625
1 0.6484375 0.1513671875 0.0771484375 0.0771484375
1 0.8271484375 0.1982421875 0.08984375 0.0849609375
1 0.9326171875 0.1494140625 0.0693359375 0.1025390625
1 0.978515625 0.1279296875 0.0419921875 0.0546875
1 0.96875 0.0869140625 0.0615234375 0.052734375
1 0.962890625 0.4873046875 0.0732421875 0.0810546875
1 0.861328125 0.6474609375 0.064453125 0.1181640625
1 0.91796875 0.6982421875 0.0927734375 0.0908203125
1 0.9765625 0.7802734375 0.0458984375 0.064453125
1 0.9248046875 0.775390625 0.0654296875 0.0693359375
1 0.8603515625 0.7705078125 0.1044921875 0.06640625
1 0.83203125 0.8701171875 0.0712890625 0.0537109375
1 0.81640625 0.9228515625 0.0546875 0.0576171875
1 0.8779296875 0.9189453125 0.0625 0.0810546875
1 0.908203125 0.8583984375 0.0751953125 0.083984375
1 0.1064453125 0.5224609375 0.056640625 0.05859375
1 0.609375 0.033203125 0.10546875 0.0625
1 0.81640625 0.6337890625 0.064453125 0.0830078125
1 0.041015625 0.01953125 0.060546875 0.0400390625
1 0.0107421875 0.0166015625 0.021484375 0.0341796875
1 0.0126953125 0.060546875 0.0263671875 0.083984375
1 0.3466796875 0.251953125 0.0576171875 0.0595703125
1 0.2216796875 0.599609375 0.048828125 0.0625
1 0.4462890625 0.609375 0.0537109375 0.072265625
1 0.435546875 0.359375 0.0703125 0.0498046875
1 0.4931640625 0.400390625 0.0341796875 0.0263671875
1 0.083984375 0.1943359375 0.0556640625 0.052734375
1 0.361328125 0.005859375 0.0380859375 0.01171875
