1 0.4736328125 0.1923828125 0.0966796875 0.0791015625
1 0.4541015625 0.4140625 0.072265625 0.0615234375
1 0.974609375 0.15625 0.0498046875 0.08203125
1 0.7587890625 0.2294921875 0.0908203125 0.052734375
1 0.8603515625 0.5400390625 0.0849609375 0.056640625
1 0.142578125 0.7255859375 0.083984375 0.0419921875
1 0.830078125 0.08203125 0.08984375 0.056640625
1 0.189453125 0.435546875 0.1044921875 0.09375
1 0.96484375 0.595703125 0.0693359375 0.0517578125
1 0.052734375 0.455078125 0.09375 0.0478515625
1 0.0107421875 0.5947265625 0.0224609375 0.0537109375
1 0.7392578125 0.17578125 0.0556640625 0.083984375
1 0.380859375 0.5537109375 0.0869140625 0.0478515625
1 0.044921875 0.2783203125 0.08984375 0.0576171875
1 0.0263671875 0.078125 0.052734375 0.1015625
1 0.9501953125 0.1865234375 0.087890625 0.0556640625
1 0.666015625 0.517578125 0.0732421875 0.046875
1 0.931640625 0.5322265625 0.056640625 0.0615234375
1 0.9169921875 0.947265625 0.0947265625 0.0537109375
1 0.693359375 0.67578125 0.1025390625 0.0546875
1 0.458984375 0.548828125 0.0712890625 0.03515625
1 0.169921875 0.2490234375 0.1171875 0.0673828125
1 0.123046875 0.6171875 0.0927734375 0.037109375
1 0.056640625 0.955078125 0.083984375 0.0390625
1 0.1787109375 0.53125 0.078125 0.04296875
1 0.765625 0.9697265625 0.1005859375 0.060546875
1 0.36328125 0.7265625 0.0830078125 0.0390625
1 0.3837890625 0.8642578125 0.087890625 0.0322265625
1 0.494140625 0.8330078125 0.0859375 0.0341796875
1 0.1787109375 0.810546875 0.09765625 0.06640625
1 0.2119140625 0.5126953125 0.1171875 0.0654296875
1 0.548828125 0.2548828125 0.0732421875 0.0341796875
1 0.5224609375 0.310546875 0.1083984375 0.048828125
1 0.091796875 0.5712890625 0.1337890625 0.041015625
1 0.392578125 0.109375 0.0478515625 0.0361328125
1 0.2685546875 0.2978515625 0.1005859375 0.0673828125
1 0.8857421875 0.39453125 0.0615234375 0.046875
1 0.2568359375 0.5615234375 0.07421875 0.044921875
1 0.383203125 0.6701171875 0.09345703125000004 0.05556640624999998
1 0.6630859375 0.595703125 0.0830078125 0.044921875
1 0.841796875 0.8740234375 0.0966796875 0.0400390625
1 0.8203125 0.923828125 0.1044921875 0.0537109375
1 0.779296875 0.62890625 0.06640625 0.04296875
1 0.58203125 0.3759765625 0.0810546875 0.048828125
1 0.0283203125 0.2138671875 0.056640625 0.0419921875
1 0.72265625 0.6416015625 0.1171875 0.0390625
1 0.8857421875 0.021484375 0.0771484375 0.0439453125
1 0.626953125 0.869140625 0.1025390625 0.044921875
1 0.4169921875 0.0126953125 0.0498046875 0.0263671875
1 0.404296875 0.9677734375 0.115234375 0.048828125
1 0.169921875 0.609375 0.1318359375 0.046875
1 0.0185546875 0.5517578125 0.037109375 0.0439453125
1 0.9501953125 0.6953125 0.0986328125 0.048828125
1 0.6748046875 0.90625 0.048828125 0.03125
1 0.8642578125 0.353515625 0.06640625 0.0302734375
1 0.2392578125 0.3046875 0.076171875 0.0400390625
1 0.6455078125 0.4013671875 0.080078125 0.0537109375
1 0.9296875 0.0068359375 0.02734375 0.013671875
1 0.1982421875 0.7744140625 0.0859375 0.0390625
1 0.494140625 0.6123046875 0.103515625 0.052734375
1 0.029296875 0.2431640625 0.05859375 0.0400390625
1 0.970703125 0.5380859375 0.0439453125 0.0361328125
1 0.7841796875 0.2724609375 0.044921875 0.0341796875
1 0.4453125 0.708984375 0.076171875 0.0234375
1 0.11328125 0.3515625 0.076171875 0.0263671875
1 0.1298828125 0.046875 0.1083984375 0.0546875
1 0.2001953125 0.0400390625 0.0751953125 0.0263671875
