1 0.0888671875 0.2060546875 0.1220703125 0.1083984375
1 0.076171875 0.1142578125 0.1005859375 0.0908203125
1 0.279296875 0.5927734375 0.1279296875 0.095703125
1 0.826171875 0.78125 0.2646484375 0.193359375
1 0.4404296875 0.826171875 0.1318359375 0.107421875
1 0.720703125 0.517578125 0.142578125 0.0771484375
1 0.498046875 0.18359375 0.08984375 0.0673828125
1 0.2822265625 0.162109375 0.1708984375 0.140625
1 0.822265625 0.3232421875 0.1396484375 0.0751953125
1 0.255859375 0.48828125 0.20703125 0.1181640625
1 0.8955078125 0.5263671875 0.2080078125 0.1103515625
1 0.3349609375 0.4033203125 0.169921875 0.1494140625
1 0.1845703125 0.8388671875 0.107421875 0.126953125
1 0.3984375 0.15625 0.125 0.09765625
1 0.9482421875 0.3818359375 0.1015625 0.1162109375
1 0.6318359375 0.0400390625 0.2158203125 0.080078125
1 0.4453125 0.7294921875 0.1767578125 0.10546875
1 0.689453125 0.400390625 0.189453125 0.0869140625
1 0.568359375 0.4384765625 0.158203125 0.107421875
1 0.5927734375 0.6630859375 0.205078125 0.1728515625
1 0.625 0.80078125 0.1826171875 0.107421875
1 0.095703125 0.9580078125 0.115234375 0.080078125
1 0.791015625 0.4326171875 0.087890625 0.0673828125
1 0.46875 0.6005859375 0.1201171875 0.072265625
1 0.560546875 0.3642578125 0.107421875 0.0595703125
1 0.83984375 0.2685546875 0.1494140625 0.0859375
