1 0.978515625 0.68359375 0.04296875 0.06640625
1 0.955078125 0.0458984375 0.08984375 0.0849609375
1 0.400390625 0.451171875 0.111328125 0.0537109375
1 0.6435546875 0.02734375 0.08203125 0.052734375
1 0.3876953125 0.9619140625 0.146484375 0.076171875
1 0.6103515625 0.90625 0.0927734375 0.111328125
1 0.06640625 0.3408203125 0.123046875 0.0732421875
1 0.4501953125 0.1328125 0.0791015625 0.052734375
1 0.5654296875 0.115234375 0.083984375 0.0693359375
1 0.25390625 0.41015625 0.1201171875 0.0654296875
1 0.640625 0.2041015625 0.103515625 0.0478515625
1 0.8369140625 0.5322265625 0.1318359375 0.05078125
1 0.494140625 0.9580078125 0.103515625 0.0478515625
1 0.83203125 0.740234375 0.1298828125 0.076171875
1 0.7099609375 0.3974609375 0.087890625 0.0478515625
1 0.7978515625 0.4765625 0.1201171875 0.0537109375
1 0.166015625 0.4609375 0.1279296875 0.052734375
1 0.455078125 0.3935546875 0.1103515625 0.048828125
1 0.25390625 0.505859375 0.1171875 0.0400390625
1 0.64453125 0.4287109375 0.1123046875 0.0751953125
1 0.96484375 0.376953125 0.0654296875 0.0791015625
1 0.720703125 0.6875 0.142578125 0.0673828125
1 0.9140625 0.69140625 0.07421875 0.04296875
1 0.1865234375 0.7705078125 0.0888671875 0.0439453125
1 0.1171875 0.1279296875 0.1484375 0.0634765625
1 0.0703125 0.662109375 0.0869140625 0.0595703125
1 0.515625 0.0361328125 0.0927734375 0.0546875
1 0.0419921875 0.046875 0.083984375 0.0830078125
1 0.521484375 0.4599609375 0.080078125 0.04296875
1 0.322265625 0.7470703125 0.0712890625 0.0458984375
1 0.6123046875 0.7041015625 0.0830078125 0.03125
1 0.796875 0.017578125 0.052734375 0.03515625
1 0.12109375 0.70703125 0.19921875 0.05078125
1 0.876953125 0.4384765625 0.10546875 0.0341796875
1 0.72265625 0.1357421875 0.1357421875 0.0478515625
1 0.501953125 0.7919921875 0.09375 0.0400390625
1 0.6259765625 0.732421875 0.080078125 0.0341796875
1 0.2978515625 0.1943359375 0.076171875 0.037109375
1 0.43359375 0.580078125 0.1025390625 0.0322265625
1 0.9677734375 0.150390625 0.0595703125 0.0419921875
1 0.658203125 0.169921875 0.0654296875 0.0341796875
1 0.6416015625 0.1025390625 0.0537109375 0.033203125
1 0.3408203125 0.017578125 0.0654296875 0.03515625
1 0.7646484375 0.9853515625 0.03515625 0.0283203125
1 0.953125 0.759765625 0.0830078125 0.046875
1 0.34375 0.880859375 0.12109375 0.041015625
1 0.89453125 0.505859375 0.083984375 0.041015625
1 0.1923828125 0.095703125 0.078125 0.037109375
1 0.9775390625 0.802734375 0.044921875 0.052734375
1 0.693359375 0.515625 0.111328125 0.05859375
1 0.2373046875 0.4462890625 0.099609375 0.0458984375
1 0.0439453125 0.080078125 0.0888671875 0.052734375
1 0.2724609375 0.8232421875 0.201171875 0.0498046875
1 0.6845703125 0.9775390625 0.0693359375 0.0234375
1 0.8369140625 0.7275390625 0.109375 0.0751953125
1 0.4609375 0.7177734375 0.080078125 0.0419921875
1 0.115234375 0.4658203125 0.0693359375 0.0615234375
1 0.3525390625 0.712890625 0.134765625 0.0869140625
1 0.1572265625 0.8408203125 0.0673828125 0.03125
1 0.29296875 0.244140625 0.0576171875 0.0380859375
1 0.1259765625 0.734375 0.146484375 0.03515625
1 0.5458984375 0.7392578125 0.125 0.0771484375
1 0.5517578125 0.7568359375 0.0732421875 0.0361328125
