1 0.2998046875 0.0283203125 0.087890625 0.056640625
1 0.388671875 0.044921875 0.0595703125 0.08984375
1 0.439453125 0.0888671875 0.099609375 0.0859375
1 0.96484375 0.06640625 0.0693359375 0.080078125
1 0.6982421875 0.0849609375 0.0859375 0.0751953125
1 0.626953125 0.0654296875 0.09375 0.064453125
1 0.8857421875 0.1103515625 0.0927734375 0.0712890625
1 0.7939453125 0.1328125 0.0625 0.0751953125
1 0.615234375 0.3515625 0.0888671875 0.0478515625
1 0.6884765625 0.44921875 0.1181640625 0.1044921875
1 0.2880859375 0.1640625 0.0810546875 0.0859375
1 0.3466796875 0.1982421875 0.0478515625 0.1064453125
1 0.0283203125 0.3046875 0.056640625 0.0654296875
1 0.09375 0.4873046875 0.0634765625 0.0625
1 0.0986328125 0.5703125 0.0654296875 0.0703125
1 0.205078125 0.5703125 0.0771484375 0.0966796875
1 0.2314453125 0.48828125 0.068359375 0.08203125
1 0.53125 0.5126953125 0.0732421875 0.08984375
1 0.6220703125 0.6259765625 0.12109375 0.076171875
1 0.7822265625 0.71875 0.1123046875 0.1396484375
1 0.73046875 0.7900390625 0.0693359375 0.0732421875
1 0.62890625 0.7041015625 0.0966796875 0.064453125
1 0.5244140625 0.8720703125 0.072265625 0.16015625
1 0.6484375 0.8837890625 0.0673828125 0.0625
1 0.7314453125 0.90234375 0.0654296875 0.08984375
1 0.3955078125 0.8037109375 0.0849609375 0.076171875
1 0.3740234375 0.90234375 0.0810546875 0.091796875
1 0.2138671875 0.8701171875 0.0869140625 0.068359375
1 0.14453125 0.8017578125 0.0673828125 0.0654296875
1 0.0849609375 0.796875 0.0634765625 0.0927734375
1 0.0205078125 0.7685546875 0.0419921875 0.068359375
1 0.1474609375 0.951171875 0.0732421875 0.0966796875
1 0.240234375 0.7412109375 0.0517578125 0.046875
1 0.2724609375 0.6796875 0.05078125 0.0341796875
1 0.2998046875 0.6318359375 0.0771484375 0.0634765625
1 0.3486328125 0.6513671875 0.064453125 0.0732421875
1 0.265625 0.2919921875 0.03515625 0.05859375
1 0.4013671875 0.4208984375 0.04296875 0.0537109375
1 0.1943359375 0.130859375 0.0478515625 0.0634765625
1 0.607421875 0.2568359375 0.0986328125 0.07421875
1 0.662109375 0.5419921875 0.068359375 0.048828125
1 0.435546875 0.5703125 0.0751953125 0.0634765625
1 0.4609375 0.66796875 0.06640625 0.07421875
1 0.67578125 0.966796875 0.056640625 0.0517578125
1 0.8720703125 0.6904296875 0.0576171875 0.0361328125
1 0.9375 0.4814453125 0.0693359375 0.0478515625
1 0.974609375 0.43359375 0.05078125 0.0859375
