1 0.7109375 0.4052734375 0.123046875 0.1123046875
1 0.5439453125 0.1806640625 0.1142578125 0.1474609375
1 0.2744140625 0.2998046875 0.099609375 0.099609375
1 0.5302734375 0.6171875 0.0966796875 0.10546875
1 0.60546875 0.9609375 0.1123046875 0.078125
1 0.9443359375 0.5517578125 0.1103515625 0.1298828125
1 0.234375 0.4375 0.0849609375 0.1123046875
1 0.8828125 0.3515625 0.1083984375 0.1005859375
1 0.11328125 0.3017578125 0.171875 0.099609375
1 0.8544921875 0.859375 0.1796875 0.115234375
1 0.359375 0.9140625 0.10546875 0.0693359375
1 0.970703125 0.40625 0.0576171875 0.0546875
1 0.7548828125 0.1044921875 0.134765625 0.1796875
1 0.515625 0.685546875 0.0927734375 0.0576171875
1 0.677734375 0.779296875 0.0830078125 0.0654296875
1 0.208984375 0.7265625 0.0703125 0.056640625
1 0.427734375 0.47265625 0.099609375 0.115234375
1 0.490234375 0.9208984375 0.1220703125 0.15234375
1 0.853515625 0.6611328125 0.087890625 0.072265625
1 0.2421875 0.8603515625 0.064453125 0.0576171875
1 0.06640625 0.923828125 0.1005859375 0.0751953125
1 0.6572265625 0.49609375 0.048828125 0.046875
1 0.845703125 0.4404296875 0.0576171875 0.052734375
1 0.6103515625 0.8701171875 0.107421875 0.0927734375
1 0.474609375 0.1103515625 0.05078125 0.0966796875
1 0.6982421875 0.0400390625 0.08203125 0.0771484375
1 0.3046875 0.9541015625 0.064453125 0.0751953125
1 0.798828125 0.818359375 0.0654296875 0.0625
1 0.5146484375 0.8740234375 0.08984375 0.0654296875
1 0.9091796875 0.306640625 0.0556640625 0.0595703125
1 0.39453125 0.2021484375 0.064453125 0.12109375
1 0.4423828125 0.4033203125 0.0703125 0.0576171875
1 0.1630859375 0.34375 0.0712890625 0.056640625
1 0.625 0.439453125 0.05078125 0.0546875
1 0.7431640625 0.19921875 0.052734375 0.0947265625
1 0.015625 0.8193359375 0.02734375 0.0546875
1 0.6015625 0.919921875 0.0703125 0.16015625
1 0.5810546875 0.4111328125 0.0556640625 0.09375
