1 0.0625 0.28125 0.0673828125 0.091796875
1 0.224609375 0.2294921875 0.0693359375 0.09375
1 0.8740234375 0.7529296875 0.05859375 0.0888671875
1 0.5546875 0.26953125 0.0625 0.0908203125
1 0.033203125 0.4775390625 0.0625 0.09765625
1 0.8388671875 0.29296875 0.0751953125 0.080078125
1 0.673828125 0.4150390625 0.072265625 0.08984375
1 0.5380859375 0.171875 0.0693359375 0.10546875
1 0.1240234375 0.26171875 0.076171875 0.0927734375
1 0.421875 0.912109375 0.0615234375 0.091796875
1 0.0341796875 0.1044921875 0.06640625 0.0908203125
1 0.107421875 0.1650390625 0.08203125 0.083984375
1 0.126953125 0.349609375 0.068359375 0.091796875
1 0.57421875 0.595703125 0.0673828125 0.1005859375
1 0.62890625 0.0322265625 0.05859375 0.064453125
1 0.7763671875 0.767578125 0.072265625 0.072265625
1 0.599609375 0.388671875 0.05859375 0.0908203125
1 0.2421875 0.36328125 0.064453125 0.0986328125
1 0.7021484375 0.6328125 0.078125 0.103515625
1 0.1796875 0.4853515625 0.0859375 0.08984375
1 0.9736328125 0.634765625 0.046875 0.119140625
1 0.447265625 0.6748046875 0.064453125 0.0693359375
1 0.7626953125 0.52734375 0.0712890625 0.08203125
1 0.7294921875 0.9697265625 0.0615234375 0.0546875
1 0.3671875 0.7314453125 0.0625 0.0810546875
1 0.9541015625 0.7138671875 0.052734375 0.1044921875
1 0.08984375 0.68359375 0.076171875 0.107421875
1 0.15234375 0.529296875 0.0908203125 0.0947265625
1 0.4267578125 0.173828125 0.08984375 0.126953125
1 0.0625 0.0810546875 0.072265625 0.087890625
1 0.52734375 0.068359375 0.0517578125 0.1181640625
1 0.4267578125 0.2958984375 0.0654296875 0.0986328125
1 0.87109375 0.0458984375 0.0390625 0.083984375
1 0.611328125 0.8984375 0.0615234375 0.064453125
1 0.294921875 0.3896484375 0.0712890625 0.1005859375
1 0.1865234375 0.9384765625 0.0673828125 0.0576171875
1 0.279296875 0.970703125 0.0908203125 0.0537109375
1 0.3544921875 0.576171875 0.06640625 0.076171875
1 0.181640625 0.9736328125 0.0693359375 0.048828125
1 0.6064453125 0.5126953125 0.048828125 0.0869140625
1 0.5927734375 0.775390625 0.052734375 0.0654296875
1 0.826171875 0.3642578125 0.044921875 0.091796875
1 0.4453125 0.2646484375 0.109375 0.080078125
1 0.97265625 0.56640625 0.0537109375 0.109375
1 0.115234375 0.921875 0.0849609375 0.05859375
1 0.9208984375 0.9765625 0.0498046875 0.046875
1 0.771484375 0.0283203125 0.048828125 0.056640625
1 0.19921875 0.3310546875 0.0634765625 0.099609375
1 0.4873046875 0.6884765625 0.05078125 0.0712890625
1 0.2158203125 0.6650390625 0.0712890625 0.0634765625
1 0.9892578125 0.0224609375 0.021484375 0.044921875
1 0.65625 0.1162109375 0.0556640625 0.08984375
1 0.966796875 0.9755859375 0.0400390625 0.048828125
1 0.8935546875 0.740234375 0.0419921875 0.068359375
1 0.169921875 0.6689453125 0.04296875 0.0595703125
1 0.662109375 0.0244140625 0.0400390625 0.048828125
1 0.462890625 0.029296875 0.0390625 0.05859375
1 0.5595703125 0.3681640625 0.05078125 0.111328125
1 0.193359375 0.771484375 0.046875 0.060546875
1 0.9521484375 0.66796875 0.0537109375 0.0654296875
1 0.111328125 0.435546875 0.0478515625 0.0654296875
1 0.1484375 0.7275390625 0.07421875 0.033203125
1 0.1630859375 0.0263671875 0.0546875 0.052734375
1 0.748046875 0.5322265625 0.0517578125 0.0634765625
1 0.2041015625 0.5615234375 0.064453125 0.046875
