1 0.1474609375 0.0732421875 0.087890625 0.0546875
1 0.103515625 0.189453125 0.0712890625 0.076171875
1 0.4619140625 0.677734375 0.11328125 0.0478515625
1 0.232421875 0.4306640625 0.068359375 0.076171875
1 0.068359375 0.486328125 0.1201171875 0.11328125
1 0.705078125 0.5341796875 0.115234375 0.05859375
1 0.9599609375 0.404296875 0.0732421875 0.0615234375
1 0.2080078125 0.2060546875 0.12109375 0.0869140625
1 0.349609375 0.7080078125 0.0703125 0.0869140625
1 0.98046875 0.154296875 0.0380859375 0.095703125
1 0.3544921875 0.2431640625 0.1259765625 0.06640625
1 0.298828125 0.8984375 0.0830078125 0.091796875
1 0.2734375 0.162109375 0.0732421875 0.0859375
1 0.119140625 0.859375 0.0966796875 0.052734375
1 0.060546875 0.890625 0.09765625 0.072265625
1 0.6640625 0.267578125 0.0703125 0.0361328125
1 0.544921875 0.6650390625 0.1240234375 0.048828125
1 0.7236328125 0.4267578125 0.0634765625 0.0537109375
1 0.978515625 0.2744140625 0.0380859375 0.0634765625
1 0.4169921875 0.8564453125 0.0859375 0.0556640625
1 0.4189453125 0.296875 0.0693359375 0.037109375
1 0.6953125 0.71875 0.0478515625 0.0703125
1 0.8671875 0.197265625 0.0625 0.0654296875
1 0.5986328125 0.9716796875 0.0693359375 0.0341796875
1 0.05078125 0.794921875 0.08984375 0.052734375
1 0.1591796875 0.5234375 0.068359375 0.0634765625
1 0.2900390625 0.9765625 0.080078125 0.0380859375
1 0.6875 0.7568359375 0.078125 0.0439453125
1 0.015625 0.7822265625 0.03125 0.0595703125
1 0.7587890625 0.8896484375 0.09375 0.0380859375
1 0.4482421875 0.5947265625 0.111328125 0.0419921875
1 0.7158203125 0.31640625 0.0439453125 0.0537109375
1 0.328125 0.2822265625 0.09765625 0.0439453125
1 0.7138671875 0.7890625 0.10546875 0.0458984375
1 0.021484375 0.669921875 0.04296875 0.0341796875
1 0.27734375 0.7314453125 0.0732421875 0.0390625
1 0.083984375 0.271484375 0.09375 0.052734375
1 0.009765625 0.9755859375 0.01953125 0.0361328125
1 0.6884765625 0.248046875 0.046875 0.0390625
1 0.8720703125 0.935546875 0.0732421875 0.052734375
1 0.02734375 0.90234375 0.0556640625 0.0234375
1 0.23046875 0.3291015625 0.0517578125 0.0517578125
1 0.978515625 0.31640625 0.0419921875 0.0341796875
1 0.1044921875 0.7685546875 0.0615234375 0.0556640625
1 0.0263671875 0.9287109375 0.052734375 0.0322265625
1 0.93359375 0.6357421875 0.068359375 0.0380859375
1 0.927734375 0.986328125 0.04296875 0.0234375
1 0.3740234375 0.6103515625 0.0966796875 0.04296875
1 0.982421875 0.5 0.03515625 0.0361328125
1 0.5908203125 0.2138671875 0.0546875 0.029296875
1 0.8798828125 0.85546875 0.0380859375 0.0439453125
1 0.033203125 0.73828125 0.06640625 0.0419921875
1 0.7578125 0.9404296875 0.0693359375 0.0419921875
1 0.1728515625 0.33203125 0.05078125 0.0302734375
1 0.1611328125 0.1630859375 0.0966796875 0.041015625
1 0.5771484375 0.458984375 0.091796875 0.0478515625
1 0.515625 0.947265625 0.0966796875 0.052734375
1 0.171875 0.015625 0.1748046875 0.03125
1 0.4423828125 0.8359375 0.125 0.05078125
1 0.48046875 0.6494140625 0.0966796875 0.07421875
1 0.560546875 0.384765625 0.05078125 0.1201171875
1 0.5869140625 0.3544921875 0.0712890625 0.04296875
1 0.982421875 0.681640625 0.0341796875 0.044921875
1 0.365234375 0.306640625 0.048828125 0.0380859375
