1 0.548828125 0.1181640625 0.1142578125 0.2373046875
1 0.646484375 0.1435546875 0.0908203125 0.162109375
1 0.828125 0.1669921875 0.1142578125 0.146484375
1 0.013671875 0.416015625 0.02734375 0.1171875
1 0.310546875 0.263671875 0.095703125 0.193359375
1 0.6552734375 0.5634765625 0.126953125 0.09375
1 0.9384765625 0.62890625 0.123046875 0.1337890625
1 0.92578125 0.4580078125 0.09765625 0.0751953125
1 0.421875 0.71875 0.1103515625 0.099609375
1 0.185546875 0.0263671875 0.087890625 0.052734375
1 0.451171875 0.0185546875 0.0498046875 0.0380859375
1 0.8525390625 0.03515625 0.099609375 0.0703125
1 0.955078125 0.0810546875 0.080078125 0.0654296875
1 0.9609375 0.2255859375 0.0703125 0.1083984375
1 0.787109375 0.353515625 0.0869140625 0.08203125
1 0.6943359375 0.521484375 0.080078125 0.060546875
1 0.3662109375 0.6279296875 0.0908203125 0.0595703125
1 0.6328125 0.70703125 0.248046875 0.0771484375
1 0.8203125 0.8740234375 0.056640625 0.0703125
1 0.9677734375 0.8369140625 0.0634765625 0.072265625
1 0.92578125 0.9169921875 0.068359375 0.0830078125
1 0.9072265625 0.947265625 0.060546875 0.10546875
1 0.6982421875 0.806640625 0.0947265625 0.0595703125
1 0.6611328125 0.8916015625 0.146484375 0.1220703125
1 0.732421875 0.865234375 0.0595703125 0.0419921875
1 0.5078125 0.8740234375 0.0634765625 0.0673828125
1 0.384765625 0.84765625 0.0927734375 0.1318359375
1 0.244140625 0.7783203125 0.0849609375 0.0625
1 0.2158203125 0.8408203125 0.162109375 0.0888671875
1 0.35546875 0.9169921875 0.09765625 0.1435546875
1 0.2724609375 0.630859375 0.0673828125 0.06640625
1 0.162109375 0.1953125 0.087890625 0.083984375
1 0.0986328125 0.2275390625 0.0625 0.1025390625
1 0.0166015625 0.3193359375 0.0341796875 0.080078125
