1 0.734375 0.015625 0.138671875 0.0322265625
1 0.673828125 0.11328125 0.08984375 0.0712890625
1 0.6337890625 0.1767578125 0.1162109375 0.1142578125
1 0.2294921875 0.04296875 0.0888671875 0.0859375
1 0.03515625 0.205078125 0.0703125 0.1259765625
1 0.212890625 0.283203125 0.107421875 0.109375
1 0.1435546875 0.32421875 0.0927734375 0.119140625
1 0.271484375 0.4130859375 0.12109375 0.107421875
1 0.8603515625 0.3720703125 0.0810546875 0.0849609375
1 0.662109375 0.4267578125 0.0849609375 0.0712890625
1 0.8671875 0.470703125 0.1044921875 0.0830078125
1 0.7626953125 0.509765625 0.0849609375 0.1826171875
1 0.7646484375 0.6630859375 0.0771484375 0.0908203125
1 0.84765625 0.5732421875 0.0751953125 0.1142578125
1 0.8681640625 0.69140625 0.1015625 0.1201171875
1 0.607421875 0.556640625 0.080078125 0.0849609375
1 0.4609375 0.5185546875 0.107421875 0.0732421875
1 0.3955078125 0.6181640625 0.0888671875 0.0810546875
1 0.4541015625 0.6796875 0.0908203125 0.12109375
1 0.5498046875 0.623046875 0.0791015625 0.0712890625
1 0.6279296875 0.677734375 0.0654296875 0.0693359375
1 0.4921875 0.806640625 0.0791015625 0.0888671875
1 0.2744140625 0.7802734375 0.103515625 0.083984375
1 0.201171875 0.8623046875 0.134765625 0.1767578125
1 0.0390625 0.8740234375 0.078125 0.0849609375
1 0.06640625 0.513671875 0.0927734375 0.0830078125
1 0.580078125 0.7958984375 0.0966796875 0.080078125
1 0.6044921875 0.8759765625 0.07421875 0.0732421875
1 0.48046875 0.9306640625 0.103515625 0.1220703125
1 0.361328125 0.8681640625 0.1064453125 0.1240234375
1 0.8271484375 0.900390625 0.1328125 0.1416015625
1 0.3525390625 0.07421875 0.091796875 0.0595703125
1 0.3466796875 0.0087890625 0.080078125 0.017578125
1 0.400390625 0.205078125 0.0673828125 0.076171875
1 0.59375 0.3505859375 0.0810546875 0.0859375
1 0.728515625 0.240234375 0.0615234375 0.0693359375
1 0.6787109375 0.8857421875 0.1103515625 0.095703125
1 0.3486328125 0.3544921875 0.091796875 0.1103515625
1 0.03125 0.603515625 0.0634765625 0.0751953125
1 0.4072265625 0.4658203125 0.0966796875 0.0751953125
1 0.86328125 0.11328125 0.05859375 0.046875
