1 0.810546875 0.556640625 0.0927734375 0.1357421875
1 0.9375 0.357421875 0.125 0.0673828125
1 0.5625 0.5009765625 0.1123046875 0.1171875
1 0.2177734375 0.2919921875 0.1376953125 0.0703125
1 0.1806640625 0.9384765625 0.107421875 0.123046875
1 0.3134765625 0.3720703125 0.08203125 0.125
1 0.919921875 0.6953125 0.16015625 0.1025390625
1 0.662109375 0.7529296875 0.16015625 0.1025390625
1 0.1708984375 0.84375 0.16796875 0.0849609375
1 0.1904296875 0.5693359375 0.072265625 0.0751953125
1 0.1357421875 0.5009765625 0.078125 0.087890625
1 0.0576171875 0.294921875 0.0771484375 0.1376953125
1 0.3134765625 0.779296875 0.0625 0.0947265625
1 0.685546875 0.9091796875 0.162109375 0.1806640625
1 0.306640625 0.873046875 0.0556640625 0.0771484375
1 0.208984375 0.091796875 0.1357421875 0.1796875
1 0.39453125 0.50390625 0.205078125 0.1005859375
1 0.8466796875 0.2578125 0.1201171875 0.0869140625
1 0.7548828125 0.69921875 0.080078125 0.169921875
1 0.9619140625 0.1767578125 0.0751953125 0.115234375
1 0.486328125 0.39453125 0.1396484375 0.10546875
1 0.6865234375 0.3994140625 0.0849609375 0.125
1 0.4619140625 0.6044921875 0.08984375 0.14453125
1 0.5478515625 0.2783203125 0.3232421875 0.091796875
1 0.923828125 0.0322265625 0.1201171875 0.060546875
1 0.23828125 0.6455078125 0.126953125 0.0771484375
1 0.6376953125 0.345703125 0.1376953125 0.287109375
1 0.283203125 0.4833984375 0.091796875 0.158203125
1 0.29296875 0.03515625 0.1728515625 0.0673828125
1 0.8154296875 0.904296875 0.1630859375 0.1904296875
1 0.9814453125 0.0712890625 0.037109375 0.0673828125
1 0.7451171875 0.2705078125 0.0673828125 0.2626953125
1 0.78125 0.7880859375 0.1103515625 0.2978515625
1 0.5458984375 0.26171875 0.078125 0.134765625
1 0.9228515625 0.234375 0.0927734375 0.134765625
1 0.8779296875 0.962890625 0.0927734375 0.0732421875
1 0.7880859375 0.2587890625 0.052734375 0.0849609375
1 0.3408203125 0.0947265625 0.052734375 0.14453125
1 0.1103515625 0.0263671875 0.0478515625 0.0498046875
1 0.19921875 0.2001953125 0.08984375 0.1630859375
1 0.3408203125 0.369140625 0.0625 0.1396484375
1 0.49609375 0.4013671875 0.0849609375 0.1845703125
1 0.021484375 0.49609375 0.0400390625 0.0625
1 0.798828125 0.91796875 0.1103515625 0.1328125
1 0.029296875 0.904296875 0.0546875 0.0654296875
1 0.97265625 0.81640625 0.0546875 0.0693359375
