1 0.099609375 0.2294921875 0.0859375 0.056640625
1 0.0556640625 0.0419921875 0.08203125 0.0849609375
1 0.8984375 0.318359375 0.080078125 0.05859375
1 0.2958984375 0.3583984375 0.0703125 0.064453125
1 0.126953125 0.4443359375 0.0859375 0.0498046875
1 0.0068359375 0.1748046875 0.0146484375 0.0478515625
1 0.3896484375 0.263671875 0.0712890625 0.0498046875
1 0.8955078125 0.154296875 0.048828125 0.0732421875
1 0.37890625 0.484375 0.0673828125 0.0478515625
1 0.9677734375 0.388671875 0.05078125 0.0693359375
1 0.7275390625 0.703125 0.0673828125 0.056640625
1 0.0908203125 0.744140625 0.0546875 0.060546875
1 0.017578125 0.798828125 0.03515625 0.0341796875
1 0.9365234375 0.8369140625 0.0556640625 0.0361328125
1 0.7421875 0.263671875 0.060546875 0.052734375
1 0.5888671875 0.458984375 0.072265625 0.0400390625
1 0.267578125 0.7080078125 0.0869140625 0.0400390625
1 0.1015625 0.3671875 0.0791015625 0.0517578125
1 0.1220703125 0.2900390625 0.09765625 0.0380859375
1 0.5791015625 0.1416015625 0.0771484375 0.0537109375
1 0.8203125 0.3291015625 0.06640625 0.0498046875
1 0.8740234375 0.5166015625 0.0810546875 0.033203125
1 0.765625 0.08984375 0.0458984375 0.0615234375
1 0.5166015625 0.869140625 0.068359375 0.0546875
1 0.82421875 0.708984375 0.0625 0.0634765625
1 0.3837890625 0.0888671875 0.0517578125 0.0498046875
1 0.4609375 0.4423828125 0.06640625 0.0341796875
1 0.724609375 0.6650390625 0.05859375 0.0517578125
1 0.4951171875 0.7666015625 0.0634765625 0.0634765625
1 0.3056640625 0.4833984375 0.0546875 0.044921875
1 0.302734375 0.7421875 0.0703125 0.044921875
1 0.8759765625 0.802734375 0.0546875 0.0439453125
1 0.470703125 0.6640625 0.0625 0.0439453125
1 0.267578125 0.9521484375 0.0859375 0.0341796875
1 0.8037109375 0.37890625 0.0634765625 0.048828125
1 0.8701171875 0.7392578125 0.03125 0.083984375
1 0.9677734375 0.0537109375 0.0634765625 0.056640625
1 0.181640625 0.91796875 0.083984375 0.05859375
1 0.03515625 0.0791015625 0.0712890625 0.0517578125
1 0.7001953125 0.7607421875 0.0341796875 0.064453125
1 0.4775390625 0.484375 0.0546875 0.0595703125
1 0.1015625 0.484375 0.083984375 0.0595703125
1 0.2978515625 0.5341796875 0.080078125 0.0634765625
1 0.3203125 0.1435546875 0.0634765625 0.0576171875
1 0.7255859375 0.0556640625 0.0546875 0.05078125
1 0.541015625 0.75 0.07421875 0.05078125
1 0.3310546875 0.1923828125 0.0986328125 0.048828125
1 0.4619140625 0.0205078125 0.0693359375 0.0419921875
1 0.787109375 0.5498046875 0.05859375 0.0263671875
1 0.89453125 0.056640625 0.060546875 0.0615234375
1 0.9501953125 0.0654296875 0.048828125 0.0625
1 0.505859375 0.658203125 0.0771484375 0.0283203125
1 0.849609375 0.8857421875 0.046875 0.0546875
1 0.515625 0.173828125 0.1279296875 0.0390625
1 0.1015625 0.009765625 0.0771484375 0.0205078125
1 0.869140625 0.072265625 0.046875 0.041015625
1 0.0302734375 0.9208984375 0.060546875 0.0419921875
1 0.404296875 0.0185546875 0.0537109375 0.037109375
1 0.84765625 0.486328125 0.072265625 0.0283203125
1 0.7041015625 0.794921875 0.0712890625 0.0439453125
1 0.15625 0.142578125 0.1015625 0.044921875
1 0.5849609375 0.990234375 0.04296875 0.01953125
1 0.1884765625 0.857421875 0.0791015625 0.0517578125
1 0.962890625 0.1337890625 0.0615234375 0.1005859375
1 0.18359375 0.951171875 0.052734375 0.021484375
1 0.55859375 0.140625 0.0537109375 0.0732421875
1 0.3037109375 0.1103515625 0.0517578125 0.037109375
1 0.9541015625 0.017578125 0.0498046875 0.03515625
1 0.251953125 0.9267578125 0.072265625 0.0556640625
1 0.0107421875 0.5361328125 0.021484375 0.041015625
1 0.28515625 0.763671875 0.05859375 0.0224609375
1 0.703125 0.01171875 0.048828125 0.0244140625
1 0.525390625 0.6220703125 0.0751953125 0.0302734375
1 0.505859375 0.1435546875 0.0771484375 0.044921875
1 0.8232421875 0.0849609375 0.07421875 0.05078125
1 0.1083984375 0.3388671875 0.05078125 0.0419921875
1 0.0107421875 0.033203125 0.0224609375 0.06640625
1 0.2041015625 0.01171875 0.0556640625 0.0234375
1 0.2001953125 0.1826171875 0.0576171875 0.0498046875
1 0.2236328125 0.1611328125 0.068359375 0.02734375
