1 0.2666015625 0.4033203125 0.1044921875 0.08203125
1 0.0966796875 0.1181640625 0.0849609375 0.0625
1 0.2470703125 0.1630859375 0.109375 0.087890625
1 0.197265625 0.2978515625 0.14453125 0.0869140625
1 0.025390625 0.4921875 0.0517578125 0.10546875
1 0.041015625 0.8818359375 0.080078125 0.1201171875
1 0.0380859375 0.6689453125 0.0771484375 0.0849609375
1 0.1064453125 0.4091796875 0.1142578125 0.0654296875
1 0.2392578125 0.775390625 0.1396484375 0.0673828125
1 0.1591796875 0.041015625 0.08984375 0.064453125
1 0.181640625 0.8515625 0.091796875 0.072265625
1 0.0244140625 0.29296875 0.0498046875 0.0830078125
1 0.126953125 0.55078125 0.0703125 0.08203125
1 0.1005859375 0.67578125 0.087890625 0.0625
1 0.0830078125 0.0771484375 0.0673828125 0.060546875
1 0.0869140625 0.4599609375 0.0595703125 0.056640625
1 0.0625 0.5556640625 0.0673828125 0.1025390625
1 0.02734375 0.9267578125 0.0546875 0.1181640625
1 0.142578125 0.904296875 0.08203125 0.1064453125
1 0.15625 0.9755859375 0.0849609375 0.0478515625
