1 0.10546875 0.1181640625 0.2119140625 0.216796875
1 0.0947265625 0.5068359375 0.150390625 0.1650390625
1 0.599609375 0.787109375 0.14453125 0.3046875
1 0.7412109375 0.9111328125 0.12890625 0.177734375
1 0.7373046875 0.59375 0.14453125 0.443359375
1 0.943359375 0.5556640625 0.107421875 0.40234375
1 0.326171875 0.126953125 0.142578125 0.23046875
1 0.6533203125 0.0751953125 0.15234375 0.1474609375
1 0.10546875 0.828125 0.2109375 0.333984375
1 0.083984375 0.69140625 0.1005859375 0.1005859375
1 0.1796875 0.1396484375 0.1904296875 0.2802734375
1 0.8115234375 0.90625 0.0947265625 0.1865234375
1 0.18359375 0.880859375 0.08984375 0.1044921875
1 0.6953125 0.21484375 0.123046875 0.125
1 0.5390625 0.505859375 0.1083984375 0.09375
