1 0.1943359375 0.791015625 0.1083984375 0.083984375
1 0.1953125 0.8876953125 0.072265625 0.06640625
1 0.8095703125 0.1904296875 0.0859375 0.04296875
1 0.5478515625 0.5263671875 0.0947265625 0.154296875
1 0.126953125 0.228515625 0.056640625 0.0849609375
1 0.6669921875 0.8505859375 0.099609375 0.0576171875
1 0.2255859375 0.287109375 0.1201171875 0.046875
1 0.154296875 0.14453125 0.1025390625 0.0458984375
1 0.2373046875 0.228515625 0.126953125 0.046875
1 0.8369140625 0.5234375 0.103515625 0.04296875
1 0.9208984375 0.53515625 0.08203125 0.0556640625
1 0.57421875 0.431640625 0.078125 0.1728515625
1 0.916015625 0.7001953125 0.1025390625 0.056640625
1 0.4794921875 0.513671875 0.0947265625 0.046875
1 0.0537109375 0.484375 0.0751953125 0.0498046875
1 0.42578125 0.2998046875 0.1708984375 0.04296875
1 0.82421875 0.453125 0.0556640625 0.0517578125
1 0.1875 0.5576171875 0.07421875 0.0419921875
1 0.673828125 0.91796875 0.0908203125 0.0439453125
1 0.3447265625 0.5537109375 0.1103515625 0.033203125
1 0.408203125 0.7490234375 0.068359375 0.1171875
1 0.8876953125 0.296875 0.0595703125 0.0361328125
1 0.7021484375 0.5751953125 0.1240234375 0.0478515625
1 0.7578125 0.6318359375 0.10546875 0.021484375
1 0.3486328125 0.888671875 0.1015625 0.03515625
1 0.7373046875 0.49609375 0.134765625 0.033203125
1 0.0498046875 0.439453125 0.1005859375 0.037109375
1 0.72265625 0.5361328125 0.0810546875 0.01953125
1 0.5234375 0.025390625 0.078125 0.025390625
1 0.435546875 0.0517578125 0.1083984375 0.0419921875
1 0.2275390625 0.486328125 0.154296875 0.09375
1 0.1806640625 0.59375 0.0400390625 0.0693359375
1 0.3876953125 0.67578125 0.0595703125 0.0302734375
1 0.3193359375 0.69140625 0.0517578125 0.0302734375
1 0.21484375 0.9521484375 0.0986328125 0.0234375
1 0.951171875 0.01171875 0.0537109375 0.0234375
1 0.1904296875 0.0146484375 0.0947265625 0.0302734375
1 0.966796875 0.3427734375 0.060546875 0.0322265625
1 0.5693359375 0.650390625 0.126953125 0.0927734375
1 0.9736328125 0.267578125 0.052734375 0.04296875
1 0.744140625 0.9287109375 0.0849609375 0.03515625
1 0.20703125 0.6923828125 0.1484375 0.0390625
1 0.9365234375 0.5986328125 0.1259765625 0.033203125
1 0.74609375 0.9619140625 0.1845703125 0.044921875
1 0.4833984375 0.5830078125 0.1494140625 0.041015625
1 0.546875 0.162109375 0.1044921875 0.04296875
1 0.0341796875 0.98828125 0.064453125 0.0185546875
1 0.6279296875 0.7958984375 0.0390625 0.0771484375
1 0.3134765625 0.6083984375 0.060546875 0.017578125
1 0.0498046875 0.935546875 0.09765625 0.0361328125
1 0.9296875 0.57421875 0.0966796875 0.021484375
1 0.0791015625 0.9833984375 0.068359375 0.029296875
1 0.5087890625 0.9072265625 0.0859375 0.0498046875
1 0.44921875 0.150390625 0.0380859375 0.0751953125
1 0.42578125 0.5283203125 0.0556640625 0.0166015625
1 0.041015625 0.59765625 0.0791015625 0.02734375
1 0.6044921875 0.03515625 0.1123046875 0.041015625
1 0.1533203125 0.658203125 0.150390625 0.1220703125
1 0.09765625 0.03515625 0.1953125 0.041015625
1 0.6337890625 0.8798828125 0.2197265625 0.0732421875
1 0.0390625 0.34375 0.0791015625 0.060546875
1 0.0283203125 0.91015625 0.056640625 0.0361328125
1 0.0966796875 0.5810546875 0.0771484375 0.025390625
1 0.333984375 0.296875 0.080078125 0.037109375
1 0.7041015625 0.59765625 0.087890625 0.05859375
1 0.15625 0.9345703125 0.1025390625 0.0361328125
1 0.345703125 0.97265625 0.22265625 0.0546875
1 0.705078125 0.017578125 0.2021484375 0.0361328125
1 0.203125 0.66015625 0.103515625 0.08203125
