1 0.3818359375 0.671875 0.0966796875 0.0576171875
1 0.5947265625 0.2802734375 0.0986328125 0.076171875
1 0.9130859375 0.4697265625 0.0888671875 0.0703125
1 0.6484375 0.43359375 0.0703125 0.078125
1 0.486328125 0.9482421875 0.05859375 0.0771484375
1 0.43359375 0.2802734375 0.0986328125 0.0634765625
1 0.8125 0.1513671875 0.0546875 0.07421875
1 0.892578125 0.7314453125 0.1044921875 0.0498046875
1 0.09765625 0.1337890625 0.0693359375 0.046875
1 0.8876953125 0.1201171875 0.1025390625 0.12109375
1 0.0943359375 0.66865234375 0.1078125 0.07451171874999996
1 0.25 0.0576171875 0.0908203125 0.0419921875
1 0.7314453125 0.927734375 0.080078125 0.04296875
1 0.2158203125 0.9501953125 0.1171875 0.04296875
1 0.068359375 0.04296875 0.12109375 0.0634765625
1 0.4208984375 0.0751953125 0.1005859375 0.046875
1 0.5634765625 0.09375 0.130859375 0.05078125
1 0.3359375 0.1826171875 0.09765625 0.068359375
1 0.830078125 0.03515625 0.123046875 0.0625
1 0.529296875 0.154296875 0.0595703125 0.0673828125
1 0.2705078125 0.7109375 0.1044921875 0.041015625
1 0.30078125 0.33203125 0.0791015625 0.0517578125
1 0.126953125 0.0234375 0.0849609375 0.044921875
1 0.5146484375 0.4375 0.068359375 0.076171875
1 0.236328125 0.1396484375 0.0673828125 0.0341796875
1 0.73046875 0.041015625 0.103515625 0.05859375
1 0.4189453125 0.427734375 0.1005859375 0.0439453125
1 0.9765625 0.130859375 0.0458984375 0.0458984375
1 0.876953125 0.9306640625 0.0576171875 0.095703125
1 0.0478515625 0.7080078125 0.04296875 0.0732421875
1 0.5341796875 0.7890625 0.095703125 0.05859375
1 0.4052734375 0.337890625 0.138671875 0.0625
1 0.865234375 0.7568359375 0.107421875 0.0537109375
1 0.6044921875 0.623046875 0.1064453125 0.0439453125
1 0.3095703125 0.294921875 0.1513671875 0.0419921875
1 0.64453125 0.7958984375 0.125 0.0390625
1 0.80859375 0.978515625 0.0751953125 0.0322265625
1 0.4248046875 0.81640625 0.08984375 0.0400390625
1 0.7744140625 0.6962890625 0.087890625 0.0595703125
1 0.0302734375 0.5361328125 0.060546875 0.0390625
1 0.9912109375 0.0205078125 0.017578125 0.0419921875
1 0.3212890625 0.5234375 0.068359375 0.0400390625
1 0.025390625 0.72265625 0.0517578125 0.0517578125
1 0.4951171875 0.8583984375 0.1171875 0.0439453125
1 0.5341796875 0.12109375 0.0908203125 0.0498046875
1 0.275390625 0.8447265625 0.08984375 0.033203125
1 0.990234375 0.0947265625 0.01953125 0.025390625
1 0.453125 0.396484375 0.0888671875 0.0625
1 0.3740234375 0.76953125 0.0654296875 0.0537109375
1 0.638671875 0.8330078125 0.068359375 0.029296875
1 0.0576171875 0.7587890625 0.1064453125 0.033203125
1 0.0615234375 0.8671875 0.0908203125 0.029296875
1 0.2373046875 0.015625 0.1318359375 0.0302734375
1 0.736328125 0.865234375 0.0693359375 0.0400390625
1 0.7265625 0.7724609375 0.1103515625 0.0849609375
1 0.62890625 0.0458984375 0.0986328125 0.03515625
1 0.767578125 0.8330078125 0.064453125 0.0234375
1 0.39453125 0.3955078125 0.0595703125 0.0283203125
1 0.953125 0.8564453125 0.044921875 0.0458984375
1 0.7724609375 0.765625 0.0537109375 0.0322265625
1 0.3134765625 0.970703125 0.046875 0.041015625
1 0.2119140625 0.7236328125 0.07421875 0.0302734375
1 0.591796875 0.013671875 0.0947265625 0.02734375
1 0.50390625 0.7392578125 0.05859375 0.05078125
1 0.357421875 0.7431640625 0.212890625 0.044921875
1 0.3212890625 0.4013671875 0.08984375 0.0498046875
1 0.3017578125 0.453125 0.1875 0.06640625
1 0.2265625 0.4638671875 0.080078125 0.037109375
1 0.9423828125 0.2041015625 0.1142578125 0.0478515625
1 0.2998046875 0.02734375 0.1181640625 0.0546875
1 0.3876953125 0.1357421875 0.078125 0.05078125
1 0.681640625 0.013671875 0.0791015625 0.0283203125
1 0.93359375 0.9404296875 0.046875 0.0537109375
1 0.3544921875 0.435546875 0.1142578125 0.0361328125
1 0.7998046875 0.7431640625 0.068359375 0.0439453125
