1 0.826171875 0.146484375 0.15234375 0.0693359375
1 0.8076171875 0.4052734375 0.1123046875 0.1025390625
1 0.7529296875 0.5458984375 0.1630859375 0.123046875
1 0.654296875 0.2802734375 0.1103515625 0.0869140625
1 0.833984375 0.244140625 0.1396484375 0.080078125
1 0.8505859375 0.0654296875 0.1123046875 0.0673828125
1 0.9375 0.0859375 0.125 0.08203125
1 0.7734375 0.45703125 0.1875 0.095703125
1 0.7607421875 0.01953125 0.142578125 0.0390625
1 0.7802734375 0.61328125 0.134765625 0.1025390625
1 0.4580078125 0.2646484375 0.0830078125 0.134765625
1 0.9375 0.427734375 0.125 0.0771484375
1 0.7958984375 0.1806640625 0.1328125 0.078125
1 0.966796875 0.166015625 0.0654296875 0.0625
1 0.6396484375 0.4267578125 0.09765625 0.1123046875
