1 0.0126953125 0.8818359375 0.025390625 0.091796875
1 0.3388671875 0.9453125 0.130859375 0.0908203125
1 0.326171875 0.9775390625 0.1162109375 0.0439453125
1 0.1982421875 0.9287109375 0.0546875 0.0810546875
1 0.2705078125 0.8046875 0.1083984375 0.0498046875
1 0.2548828125 0.751953125 0.0654296875 0.0595703125
1 0.0517578125 0.7548828125 0.0791015625 0.0830078125
1 0.1171875 0.7314453125 0.0712890625 0.08984375
1 0.333984375 0.6494140625 0.1181640625 0.1171875
1 0.4345703125 0.6796875 0.083984375 0.0751953125
1 0.43359375 0.7587890625 0.0458984375 0.080078125
1 0.5068359375 0.8173828125 0.05859375 0.064453125
1 0.5947265625 0.9248046875 0.0966796875 0.05859375
1 0.638671875 0.892578125 0.056640625 0.048828125
1 0.5615234375 0.9794921875 0.0625 0.041015625
1 0.677734375 0.9677734375 0.1318359375 0.0634765625
1 0.78515625 0.97265625 0.1181640625 0.0546875
1 0.7783203125 0.900390625 0.0830078125 0.0576171875
1 0.794921875 0.8203125 0.07421875 0.0634765625
1 0.6962890625 0.7138671875 0.0498046875 0.0546875
1 0.75390625 0.73046875 0.060546875 0.0654296875
1 0.69140625 0.6533203125 0.0673828125 0.0751953125
1 0.0224609375 0.5263671875 0.0458984375 0.0703125
1 0.0380859375 0.4443359375 0.076171875 0.1484375
1 0.1552734375 0.41796875 0.068359375 0.05078125
1 0.166015625 0.3271484375 0.0576171875 0.060546875
1 0.193359375 0.2587890625 0.0732421875 0.0654296875
1 0.09765625 0.2255859375 0.0693359375 0.0791015625
1 0.0654296875 0.1513671875 0.10546875 0.0849609375
1 0.1552734375 0.119140625 0.064453125 0.068359375
1 0.1640625 0.03125 0.1318359375 0.0625
1 0.240234375 0.0244140625 0.0625 0.0498046875
1 0.3564453125 0.0361328125 0.0625 0.0732421875
1 0.4775390625 0.0380859375 0.0771484375 0.076171875
1 0.833984375 0.0078125 0.060546875 0.015625
1 0.6044921875 0.046875 0.072265625 0.060546875
1 0.6875 0.1875 0.0634765625 0.06640625
1 0.5517578125 0.22265625 0.0869140625 0.068359375
1 0.51171875 0.369140625 0.1005859375 0.0693359375
1 0.47265625 0.447265625 0.0654296875 0.0654296875
1 0.5517578125 0.4599609375 0.08984375 0.0849609375
1 0.630859375 0.453125 0.0771484375 0.0751953125
1 0.5888671875 0.5322265625 0.1083984375 0.0693359375
1 0.7265625 0.484375 0.0546875 0.0537109375
1 0.8525390625 0.392578125 0.064453125 0.0625
1 0.79296875 0.3115234375 0.07421875 0.0615234375
1 0.86328125 0.1962890625 0.0859375 0.068359375
1 0.908203125 0.126953125 0.0654296875 0.0625
1 0.9931640625 0.1396484375 0.013671875 0.0771484375
1 0.958984375 0.2998046875 0.08203125 0.068359375
1 0.9912109375 0.3876953125 0.0166015625 0.07421875
1 0.8935546875 0.5400390625 0.0673828125 0.056640625
1 0.8515625 0.677734375 0.064453125 0.06640625
1 0.880859375 0.7177734375 0.0703125 0.0634765625
1 0.953125 0.6806640625 0.0810546875 0.080078125
1 0.8525390625 0.7802734375 0.060546875 0.068359375
1 0.8623046875 0.83984375 0.0927734375 0.0693359375
1 0.9697265625 0.837890625 0.0595703125 0.068359375
1 0.970703125 0.9580078125 0.0576171875 0.064453125
1 0.494140625 0.931640625 0.076171875 0.056640625
1 0.271484375 0.5654296875 0.064453125 0.076171875
1 0.2900390625 0.904296875 0.083984375 0.056640625
1 0.6396484375 0.533203125 0.0546875 0.0654296875
