1 0.099609375 0.9541015625 0.0654296875 0.0556640625
1 0.0224609375 0.85546875 0.044921875 0.0888671875
1 0.033203125 0.767578125 0.06640625 0.0859375
1 0.0107421875 0.3916015625 0.021484375 0.1298828125
1 0.1162109375 0.4462890625 0.0673828125 0.0751953125
1 0.0302734375 0.2958984375 0.0615234375 0.0625
1 0.076171875 0.2509765625 0.07421875 0.0712890625
1 0.1103515625 0.203125 0.0478515625 0.056640625
1 0.9169921875 0.0703125 0.1083984375 0.07421875
1 0.84375 0.05859375 0.083984375 0.0771484375
1 0.8408203125 0.1650390625 0.0849609375 0.0693359375
1 0.701171875 0.162109375 0.072265625 0.07421875
1 0.9775390625 0.2099609375 0.0439453125 0.0703125
1 0.9775390625 0.3447265625 0.044921875 0.0654296875
1 0.970703125 0.43359375 0.0576171875 0.0791015625
1 0.9658203125 0.8955078125 0.0673828125 0.0927734375
1 0.8583984375 0.939453125 0.0810546875 0.05859375
1 0.9248046875 0.91015625 0.0771484375 0.0830078125
1 0.853515625 0.8818359375 0.0986328125 0.0634765625
1 0.880859375 0.8154296875 0.080078125 0.0751953125
1 0.4072265625 0.0498046875 0.162109375 0.1005859375
1 0.736328125 0.9033203125 0.0673828125 0.068359375
1 0.765625 0.9736328125 0.0947265625 0.052734375
1 0.7021484375 0.802734375 0.1083984375 0.1015625
1 0.6357421875 0.7724609375 0.080078125 0.0810546875
1 0.578125 0.6669921875 0.07421875 0.1005859375
1 0.7978515625 0.60546875 0.068359375 0.064453125
1 0.8671875 0.61328125 0.06640625 0.0771484375
1 0.7626953125 0.5439453125 0.09765625 0.056640625
1 0.83984375 0.4765625 0.0703125 0.091796875
1 0.8046875 0.41796875 0.123046875 0.087890625
1 0.802734375 0.35546875 0.060546875 0.05859375
1 0.7451171875 0.2880859375 0.0830078125 0.068359375
1 0.6513671875 0.275390625 0.0966796875 0.0673828125
1 0.6484375 0.3388671875 0.05859375 0.0771484375
1 0.5888671875 0.3896484375 0.1298828125 0.1240234375
1 0.48828125 0.2900390625 0.064453125 0.0771484375
1 0.5263671875 0.3232421875 0.076171875 0.0546875
1 0.4375 0.3564453125 0.123046875 0.12109375
1 0.380859375 0.44140625 0.0537109375 0.068359375
1 0.4462890625 0.4921875 0.0908203125 0.07421875
1 0.521484375 0.501953125 0.083984375 0.0625
1 0.572265625 0.572265625 0.138671875 0.078125
1 0.419921875 0.5888671875 0.091796875 0.0771484375
1 0.421875 0.9189453125 0.1357421875 0.1123046875
1 0.69140625 0.771484375 0.0498046875 0.0595703125
1 0.50390625 0.923828125 0.080078125 0.0810546875
1 0.6142578125 0.8994140625 0.072265625 0.0810546875
1 0.4697265625 0.869140625 0.1103515625 0.0693359375
1 0.443359375 0.9150390625 0.0771484375 0.08203125
1 0.322265625 0.8203125 0.1005859375 0.1044921875
1 0.4013671875 0.9775390625 0.1396484375 0.0439453125
1 0.255859375 0.9638671875 0.115234375 0.0712890625
1 0.716796875 0.015625 0.1279296875 0.0322265625
1 0.505859375 0.0595703125 0.0830078125 0.0830078125
1 0.3095703125 0.0185546875 0.099609375 0.037109375
1 0.611328125 0.2021484375 0.0693359375 0.099609375
1 0.828125 0.11328125 0.1123046875 0.06640625
1 0.052734375 0.98828125 0.0380859375 0.0234375
1 0.02734375 0.9814453125 0.0556640625 0.037109375
1 0.5703125 0.9453125 0.095703125 0.1083984375
1 0.5576171875 0.86328125 0.1064453125 0.146484375
1 0.7470703125 0.794921875 0.0576171875 0.0732421875
1 0.7958984375 0.8076171875 0.060546875 0.0751953125
1 0.6474609375 0.9296875 0.0546875 0.048828125
1 0.6484375 0.015625 0.048828125 0.03125
