1 0.3759765625 0.0322265625 0.1064453125 0.0654296875
1 0.2626953125 0.0458984375 0.1142578125 0.0849609375
1 0.2275390625 0.2080078125 0.0673828125 0.0849609375
1 0.5087890625 0.046875 0.0810546875 0.052734375
1 0.478515625 0.111328125 0.08984375 0.1279296875
1 0.3212890625 0.3935546875 0.05078125 0.0576171875
1 0.28515625 0.4833984375 0.0810546875 0.0791015625
1 0.3408203125 0.515625 0.0732421875 0.0771484375
1 0.3955078125 0.4833984375 0.0751953125 0.0625
1 0.4599609375 0.4013671875 0.087890625 0.0634765625
1 0.544921875 0.5029296875 0.0888671875 0.0703125
1 0.4013671875 0.59765625 0.072265625 0.109375
1 0.27734375 0.5712890625 0.158203125 0.0966796875
1 0.2275390625 0.615234375 0.0810546875 0.056640625
1 0.259765625 0.6845703125 0.0537109375 0.0537109375
1 0.16015625 0.654296875 0.060546875 0.0537109375
1 0.181640625 0.7392578125 0.064453125 0.08203125
1 0.15234375 0.8232421875 0.0751953125 0.1630859375
1 0.0966796875 0.91015625 0.091796875 0.0966796875
1 0.0263671875 0.853515625 0.052734375 0.1025390625
1 0.2880859375 0.7939453125 0.0498046875 0.1064453125
1 0.3330078125 0.78515625 0.0517578125 0.068359375
1 0.322265625 0.705078125 0.0400390625 0.0556640625
1 0.3623046875 0.6904296875 0.0712890625 0.08203125
1 0.33203125 0.640625 0.0517578125 0.060546875
1 0.46484375 0.7314453125 0.0625 0.0927734375
1 0.5126953125 0.732421875 0.0751953125 0.1142578125
1 0.431640625 0.80859375 0.142578125 0.154296875
1 0.419921875 0.869140625 0.1552734375 0.0673828125
1 0.271484375 0.953125 0.072265625 0.0810546875
1 0.4658203125 0.958984375 0.076171875 0.0810546875
1 0.5986328125 0.923828125 0.1015625 0.068359375
1 0.548828125 0.9716796875 0.0576171875 0.0458984375
1 0.75 0.9404296875 0.0703125 0.068359375
1 0.7431640625 0.9775390625 0.0693359375 0.0439453125
1 0.896484375 0.93359375 0.1025390625 0.0810546875
1 0.783203125 0.80078125 0.087890625 0.0625
1 0.7275390625 0.6572265625 0.1005859375 0.0693359375
1 0.81640625 0.6201171875 0.0654296875 0.109375
1 0.7138671875 0.5205078125 0.0791015625 0.1044921875
1 0.83984375 0.537109375 0.1240234375 0.0673828125
1 0.728515625 0.4013671875 0.0732421875 0.0791015625
1 0.9580078125 0.42578125 0.0751953125 0.0751953125
1 0.8642578125 0.1728515625 0.076171875 0.2138671875
1 0.78515625 0.2568359375 0.0751953125 0.146484375
1 0.8134765625 0.2158203125 0.06640625 0.095703125
1 0.6796875 0.1962890625 0.0576171875 0.1201171875
1 0.6533203125 0.2734375 0.0556640625 0.080078125
1 0.70703125 0.0947265625 0.0625 0.1279296875
1 0.7509765625 0.099609375 0.0654296875 0.09375
1 0.7939453125 0.0625 0.0517578125 0.0654296875
1 0.5791015625 0.0439453125 0.0732421875 0.0888671875
1 0.7568359375 0.013671875 0.0791015625 0.02734375
1 0.1064453125 0.9658203125 0.07421875 0.0673828125
