1 0.1474609375 0.04296875 0.0849609375 0.0859375
1 0.015625 0.0234375 0.0322265625 0.0478515625
1 0.677734375 0.0107421875 0.0810546875 0.0224609375
1 0.908203125 0.09375 0.09765625 0.142578125
1 0.6650390625 0.1123046875 0.095703125 0.08984375
1 0.36328125 0.2236328125 0.099609375 0.140625
1 0.3408203125 0.4072265625 0.0927734375 0.1123046875
1 0.03125 0.3916015625 0.0634765625 0.0927734375
1 0.6484375 0.341796875 0.140625 0.099609375
1 0.85546875 0.470703125 0.1513671875 0.095703125
1 0.638671875 0.5234375 0.08984375 0.07421875
1 0.490234375 0.4443359375 0.0869140625 0.0673828125
1 0.4716796875 0.69921875 0.1767578125 0.1484375
1 0.1552734375 0.7578125 0.083984375 0.0908203125
1 0.033203125 0.4912109375 0.0673828125 0.1015625
1 0.0458984375 0.7421875 0.091796875 0.1708984375
1 0.0107421875 0.826171875 0.0224609375 0.0810546875
1 0.2568359375 0.94140625 0.1162109375 0.0927734375
1 0.3828125 0.8896484375 0.12109375 0.0810546875
1 0.412109375 0.83984375 0.09375 0.0771484375
1 0.5830078125 0.9091796875 0.09765625 0.0869140625
1 0.818359375 0.7451171875 0.0615234375 0.0732421875
1 0.9248046875 0.787109375 0.099609375 0.0810546875
1 0.869140625 0.5556640625 0.0908203125 0.0986328125
1 0.0654296875 0.548828125 0.0673828125 0.0458984375
