1 0.162109375 0.1376953125 0.08984375 0.0869140625
1 0.564453125 0.353515625 0.169921875 0.09765625
1 0.39453125 0.630859375 0.125 0.11328125
1 0.912109375 0.1083984375 0.1728515625 0.158203125
1 0.5419921875 0.60546875 0.109375 0.0771484375
1 0.4365234375 0.0615234375 0.0908203125 0.0791015625
1 0.66796875 0.787109375 0.2578125 0.125
1 0.45703125 0.2578125 0.080078125 0.0732421875
1 0.5166015625 0.0771484375 0.0947265625 0.08984375
1 0.943359375 0.921875 0.11328125 0.10546875
1 0.1943359375 0.2880859375 0.099609375 0.1123046875
1 0.95703125 0.66015625 0.07421875 0.0673828125
1 0.3564453125 0.5205078125 0.0751953125 0.087890625
1 0.236328125 0.4658203125 0.1201171875 0.091796875
1 0.7109375 0.48828125 0.248046875 0.1484375
1 0.4189453125 0.9736328125 0.142578125 0.0517578125
1 0.609375 0.53515625 0.2197265625 0.1279296875
1 0.482421875 0.9169921875 0.083984375 0.0615234375
