1 0.9599609375 0.3466796875 0.080078125 0.0869140625
1 0.6689453125 0.4609375 0.0791015625 0.115234375
1 0.390625 0.068359375 0.0732421875 0.11328125
1 0.65625 0.04296875 0.056640625 0.0859375
1 0.5634765625 0.1494140625 0.0947265625 0.083984375
1 0.646484375 0.140625 0.0732421875 0.0908203125
1 0.27734375 0.0556640625 0.0693359375 0.0732421875
1 0.85546875 0.705078125 0.107421875 0.0498046875
1 0.2314453125 0.166015625 0.078125 0.06640625
1 0.8740234375 0.0830078125 0.080078125 0.134765625
1 0.15625 0.126953125 0.08984375 0.1044921875
1 0.9638671875 0.505859375 0.072265625 0.0693359375
1 0.3212890625 0.8525390625 0.099609375 0.076171875
1 0.3857421875 0.9443359375 0.0888671875 0.0556640625
1 0.09765625 0.6923828125 0.09765625 0.0537109375
1 0.0927734375 0.1640625 0.0859375 0.119140625
1 0.65234375 0.1884765625 0.0625 0.10546875
1 0.0537109375 0.7333984375 0.107421875 0.0830078125
1 0.7626953125 0.8173828125 0.0478515625 0.076171875
1 0.796875 0.8662109375 0.1328125 0.0654296875
1 0.5791015625 0.5859375 0.1123046875 0.1279296875
1 0.4384765625 0.595703125 0.1376953125 0.0595703125
1 0.4326171875 0.625 0.109375 0.05859375
1 0.8046875 0.5869140625 0.123046875 0.05078125
1 0.107421875 0.21875 0.078125 0.0556640625
1 0.9619140625 0.9130859375 0.0751953125 0.0361328125
1 0.77734375 0.537109375 0.0517578125 0.072265625
1 0.4697265625 0.4423828125 0.1025390625 0.0947265625
1 0.4248046875 0.443359375 0.08203125 0.0771484375
1 0.837890625 0.1767578125 0.0556640625 0.130859375
1 0.59375 0.494140625 0.1005859375 0.0498046875
1 0.412109375 0.5400390625 0.1142578125 0.08984375
1 0.3671875 0.71484375 0.087890625 0.08203125
1 0.0478515625 0.8896484375 0.0966796875 0.0615234375
1 0.8427734375 0.5703125 0.0556640625 0.0712890625
1 0.150390625 0.16796875 0.1025390625 0.0712890625
1 0.626953125 0.9384765625 0.083984375 0.046875
1 0.3515625 0.466796875 0.1005859375 0.08203125
1 0.3681640625 0.6669921875 0.056640625 0.0498046875
1 0.1357421875 0.626953125 0.1162109375 0.0634765625
1 0.140625 0.5830078125 0.11328125 0.0546875
1 0.5556640625 0.2568359375 0.0498046875 0.0498046875
1 0.873046875 0.96875 0.0810546875 0.04296875
1 0.1796875 0.9677734375 0.0595703125 0.0595703125
1 0.0263671875 0.6748046875 0.0537109375 0.048828125
1 0.9521484375 0.5341796875 0.068359375 0.0537109375
1 0.0703125 0.5791015625 0.072265625 0.0615234375
1 0.9833984375 0.8916015625 0.0322265625 0.060546875
1 0.3564453125 0.4375 0.1298828125 0.0703125
1 0.158203125 0.62109375 0.091796875 0.0576171875
1 0.5546875 0.953125 0.048828125 0.0302734375
1 0.0556640625 0.88671875 0.080078125 0.041015625
1 0.1787109375 0.2080078125 0.056640625 0.025390625
1 0.4599609375 0.412109375 0.12109375 0.0849609375
1 0.3818359375 0.546875 0.1337890625 0.072265625
1 0.337890625 0.7197265625 0.08203125 0.109375
1 0.3447265625 0.98046875 0.048828125 0.02734375
1 0.62890625 0.958984375 0.072265625 0.037109375
