1 0.16796875 0.3935546875 0.056640625 0.091796875
1 0.1318359375 0.4609375 0.08203125 0.0712890625
1 0.0595703125 0.5498046875 0.068359375 0.0771484375
1 0.1640625 0.67578125 0.0576171875 0.060546875
1 0.3359375 0.578125 0.0810546875 0.0869140625
1 0.3857421875 0.671875 0.1064453125 0.0703125
1 0.4599609375 0.4208984375 0.0849609375 0.080078125
1 0.4853515625 0.4892578125 0.076171875 0.0625
1 0.5478515625 0.4013671875 0.0849609375 0.0732421875
1 0.6923828125 0.435546875 0.0888671875 0.1025390625
1 0.7470703125 0.3876953125 0.0615234375 0.05078125
1 0.765625 0.3212890625 0.080078125 0.099609375
1 0.7099609375 0.3203125 0.0654296875 0.095703125
1 0.7822265625 0.4658203125 0.09375 0.060546875
1 0.8427734375 0.4365234375 0.0595703125 0.06640625
1 0.84375 0.5 0.072265625 0.0556640625
1 0.892578125 0.453125 0.0810546875 0.044921875
1 0.8916015625 0.5166015625 0.0751953125 0.0830078125
1 0.78125 0.615234375 0.0771484375 0.0859375
1 0.9599609375 0.2900390625 0.0654296875 0.0771484375
1 0.5185546875 0.8603515625 0.07421875 0.0869140625
1 0.68359375 0.7626953125 0.0712890625 0.0966796875
1 0.81640625 0.818359375 0.078125 0.0615234375
1 0.7294921875 0.8466796875 0.09765625 0.0625
1 0.744140625 0.9033203125 0.0712890625 0.0673828125
1 0.4404296875 0.8837890625 0.0673828125 0.0712890625
1 0.3251953125 0.9072265625 0.0576171875 0.0693359375
1 0.2724609375 0.9296875 0.064453125 0.0556640625
1 0.271484375 0.978515625 0.05078125 0.04296875
1 0.3134765625 0.9814453125 0.0712890625 0.0361328125
1 0.931640625 0.984375 0.0791015625 0.0302734375
1 0.9658203125 0.5263671875 0.068359375 0.078125
1 0.8818359375 0.1142578125 0.0703125 0.05078125
1 0.9140625 0.162109375 0.080078125 0.0654296875
1 0.0341796875 0.0234375 0.06640625 0.0458984375
1 0.8232421875 0.48828125 0.06640625 0.041015625
1 0.8291015625 0.53515625 0.0498046875 0.0283203125
1 0.990234375 0.466796875 0.0185546875 0.064453125
1 0.7265625 0.9765625 0.0458984375 0.0458984375
1 0.0146484375 0.439453125 0.0302734375 0.056640625
1 0.0126953125 0.5576171875 0.025390625 0.048828125
