1 0.0966796875 0.3388671875 0.1865234375 0.0830078125
1 0.33203125 0.03515625 0.0849609375 0.0703125
1 0.5517578125 0.16015625 0.166015625 0.10546875
1 0.7373046875 0.0361328125 0.138671875 0.0732421875
1 0.861328125 0.029296875 0.123046875 0.0595703125
1 0.8291015625 0.1884765625 0.0869140625 0.07421875
1 0.4365234375 0.455078125 0.1044921875 0.0908203125
1 0.5234375 0.5615234375 0.0810546875 0.064453125
1 0.677734375 0.5498046875 0.0888671875 0.0927734375
1 0.8564453125 0.623046875 0.0947265625 0.115234375
1 0.9462890625 0.6015625 0.1064453125 0.0859375
1 0.76171875 0.7119140625 0.0927734375 0.0751953125
1 0.650390625 0.7314453125 0.0966796875 0.076171875
1 0.474609375 0.7685546875 0.09375 0.08203125
1 0.7568359375 0.8740234375 0.103515625 0.0654296875
1 0.75390625 0.966796875 0.1103515625 0.0654296875
1 0.126953125 0.5869140625 0.1708984375 0.142578125
1 0.037109375 0.6826171875 0.07421875 0.0595703125
1 0.068359375 0.9140625 0.09375 0.150390625
1 0.1279296875 0.896484375 0.07421875 0.109375
1 0.892578125 0.8408203125 0.044921875 0.0419921875
1 0.384765625 0.1455078125 0.099609375 0.09375
1 0.5439453125 0.251953125 0.11328125 0.134765625
