1 0.990234375 0.693359375 0.01953125 0.095703125
1 0.7041015625 0.8369140625 0.06640625 0.0546875
1 0.7529296875 0.892578125 0.0771484375 0.087890625
1 0.8857421875 0.7490234375 0.0458984375 0.0888671875
1 0.853515625 0.8017578125 0.052734375 0.07421875
1 0.921875 0.8310546875 0.0654296875 0.146484375
1 0.76171875 0.67578125 0.0595703125 0.109375
1 0.7197265625 0.630859375 0.0625 0.13671875
1 0.7470703125 0.546875 0.0576171875 0.0869140625
1 0.6591796875 0.3515625 0.1171875 0.0625
1 0.7197265625 0.2587890625 0.0546875 0.052734375
1 0.5556640625 0.5634765625 0.0625 0.1328125
1 0.615234375 0.7041015625 0.076171875 0.1025390625
1 0.5048828125 0.875 0.0830078125 0.18359375
1 0.5673828125 0.96484375 0.0703125 0.0703125
1 0.162109375 0.91796875 0.1240234375 0.0986328125
1 0.18359375 0.7509765625 0.1201171875 0.1044921875
1 0.2529296875 0.7685546875 0.068359375 0.083984375
1 0.3837890625 0.67578125 0.0693359375 0.134765625
1 0.4052734375 0.5556640625 0.0478515625 0.0908203125
1 0.4404296875 0.5751953125 0.0517578125 0.1025390625
1 0.154296875 0.447265625 0.0634765625 0.1640625
1 0.095703125 0.6337890625 0.083984375 0.0888671875
1 0.04296875 0.7001953125 0.0869140625 0.0732421875
1 0.0615234375 0.78125 0.064453125 0.0615234375
1 0.17578125 0.1142578125 0.080078125 0.0478515625
1 0.0908203125 0.150390625 0.0576171875 0.068359375
1 0.029296875 0.05078125 0.05859375 0.1025390625
1 0.65234375 0.01953125 0.0888671875 0.0400390625
1 0.501953125 0.0205078125 0.109375 0.0419921875
1 0.5498046875 0.048828125 0.13671875 0.0810546875
1 0.6259765625 0.0859375 0.076171875 0.0732421875
1 0.822265625 0.033203125 0.08984375 0.0537109375
1 0.923828125 0.095703125 0.1044921875 0.091796875
1 0.9443359375 0.0302734375 0.0791015625 0.060546875
1 0.7294921875 0.771484375 0.06640625 0.083984375
1 0.828125 0.0830078125 0.056640625 0.0908203125
