1 0.0673828125 0.14453125 0.07421875 0.0732421875
1 0.0107421875 0.07421875 0.021484375 0.1015625
1 0.287109375 0.15234375 0.08984375 0.08203125
1 0.376953125 0.1396484375 0.0673828125 0.0927734375
1 0.298828125 0.03125 0.0888671875 0.0625
1 0.4658203125 0.033203125 0.087890625 0.0673828125
1 0.5380859375 0.1064453125 0.0927734375 0.076171875
1 0.564453125 0.173828125 0.0634765625 0.0703125
1 0.4091796875 0.275390625 0.08984375 0.0654296875
1 0.6767578125 0.2509765625 0.078125 0.078125
1 0.740234375 0.1943359375 0.0908203125 0.0810546875
1 0.7685546875 0.109375 0.0791015625 0.083984375
1 0.939453125 0.0546875 0.091796875 0.0986328125
1 0.0205078125 0.2119140625 0.0419921875 0.056640625
1 0.3515625 0.4560546875 0.0986328125 0.072265625
1 0.48046875 0.509765625 0.1318359375 0.0869140625
1 0.3994140625 0.53515625 0.087890625 0.064453125
1 0.4189453125 0.6142578125 0.0869140625 0.0927734375
1 0.29296875 0.74609375 0.0810546875 0.0791015625
1 0.6298828125 0.5546875 0.083984375 0.1201171875
1 0.8203125 0.5966796875 0.0703125 0.0703125
1 0.888671875 0.6015625 0.0771484375 0.083984375
1 0.8291015625 0.3955078125 0.115234375 0.1455078125
1 0.95703125 0.3154296875 0.0859375 0.0986328125
1 0.7685546875 0.775390625 0.05859375 0.080078125
1 0.6201171875 0.8662109375 0.064453125 0.064453125
1 0.28125 0.9873046875 0.0625 0.0244140625
1 0.404296875 0.986328125 0.046875 0.02734375
1 0.4609375 0.986328125 0.0615234375 0.02734375
1 0.05078125 0.953125 0.1025390625 0.060546875
1 0.8046875 0.8994140625 0.0791015625 0.0986328125
1 0.9111328125 0.82421875 0.12109375 0.08203125
1 0.66796875 0.025390625 0.0830078125 0.05078125
1 0.5419921875 0.0380859375 0.052734375 0.0517578125
1 0.0419921875 0.775390625 0.076171875 0.1015625
