1 0.5625 0.8251953125 0.1416015625 0.1044921875
1 0.0849609375 0.66015625 0.1708984375 0.125
1 0.6962890625 0.162109375 0.1396484375 0.1708984375
1 0.8515625 0.251953125 0.1455078125 0.1083984375
1 0.4296875 0.3662109375 0.0849609375 0.1083984375
1 0.5078125 0.26171875 0.1044921875 0.08203125
1 0.4091796875 0.0986328125 0.08984375 0.1318359375
1 0.0546875 0.1923828125 0.1103515625 0.1103515625
1 0.296875 0.982421875 0.1015625 0.03515625
1 0.419921875 0.9072265625 0.10546875 0.1064453125
1 0.880859375 0.95703125 0.1162109375 0.0849609375
1 0.0322265625 0.06640625 0.0654296875 0.1337890625
1 0.2294921875 0.0693359375 0.0791015625 0.1064453125
1 0.1591796875 0.2646484375 0.0908203125 0.0615234375
1 0.15625 0.33203125 0.0830078125 0.0615234375
1 0.3212890625 0.2978515625 0.0791015625 0.0625
1 0.31640625 0.1884765625 0.05859375 0.091796875
1 0.4755859375 0.0869140625 0.087890625 0.1298828125
1 0.5263671875 0.0849609375 0.080078125 0.111328125
1 0.0615234375 0.91015625 0.091796875 0.1015625
1 0.5791015625 0.3916015625 0.0966796875 0.0595703125
1 0.6044921875 0.451171875 0.1123046875 0.0595703125
1 0.208984375 0.5693359375 0.111328125 0.080078125
1 0.54296875 0.95703125 0.0634765625 0.0859375
1 0.646484375 0.9462890625 0.0625 0.056640625
1 0.7138671875 0.990234375 0.0732421875 0.0185546875
1 0.7373046875 0.974609375 0.0615234375 0.05078125
1 0.974609375 0.974609375 0.05078125 0.05078125
1 0.8818359375 0.0654296875 0.07421875 0.099609375
1 0.9140625 0.1357421875 0.095703125 0.0966796875
1 0.9658203125 0.3623046875 0.0673828125 0.0908203125
1 0.9296875 0.4736328125 0.0791015625 0.09765625
1 0.9140625 0.583984375 0.115234375 0.1005859375
1 0.8994140625 0.7158203125 0.0830078125 0.091796875
1 0.2197265625 0.32421875 0.0732421875 0.0595703125
1 0.7451171875 0.400390625 0.072265625 0.0751953125
