1 0.5234375 0.5927734375 0.0859375 0.095703125
1 0.576171875 0.0634765625 0.08203125 0.109375
1 0.0419921875 0.0537109375 0.0625 0.0908203125
1 0.7529296875 0.2470703125 0.044921875 0.0908203125
1 0.82421875 0.392578125 0.0771484375 0.0693359375
1 0.3681640625 0.8525390625 0.064453125 0.083984375
1 0.1767578125 0.791015625 0.060546875 0.0888671875
1 0.4345703125 0.12109375 0.0732421875 0.1025390625
1 0.85546875 0.5556640625 0.072265625 0.072265625
1 0.9169921875 0.333984375 0.044921875 0.0908203125
1 0.935546875 0.0537109375 0.056640625 0.1064453125
1 0.2421875 0.068359375 0.0576171875 0.091796875
1 0.166015625 0.6748046875 0.044921875 0.09765625
1 0.197265625 0.2548828125 0.0576171875 0.0830078125
1 0.04296875 0.4150390625 0.076171875 0.0615234375
1 0.275390625 0.37109375 0.087890625 0.0712890625
1 0.349609375 0.072265625 0.0634765625 0.0859375
1 0.9375 0.90234375 0.0400390625 0.0712890625
1 0.0283203125 0.177734375 0.056640625 0.08984375
1 0.7529296875 0.8310546875 0.0947265625 0.0908203125
1 0.923828125 0.5048828125 0.0517578125 0.064453125
1 0.0166015625 0.1015625 0.033203125 0.09765625
1 0.859375 0.1142578125 0.0439453125 0.0966796875
1 0.890625 0.0556640625 0.041015625 0.109375
1 0.6484375 0.267578125 0.0400390625 0.080078125
1 0.0634765625 0.380859375 0.056640625 0.103515625
1 0.037109375 0.283203125 0.0419921875 0.095703125
1 0.3720703125 0.1337890625 0.0908203125 0.0986328125
1 0.701171875 0.0263671875 0.04296875 0.0537109375
1 0.58486328125 0.4693359375 0.06650390625000002 0.11562499999999998
1 0.01171875 0.736328125 0.0234375 0.046875
1 0.8408203125 0.63671875 0.0576171875 0.09375
1 0.4345703125 0.720703125 0.0439453125 0.07421875
1 0.7548828125 0.109375 0.0478515625 0.1162109375
1 0.16796875 0.8359375 0.05859375 0.0751953125
1 0.19140625 0.6376953125 0.0517578125 0.068359375
1 0.0634765625 0.1396484375 0.0546875 0.076171875
1 0.16015625 0.859375 0.05078125 0.0703125
1 0.9169921875 0.265625 0.0380859375 0.078125
1 0.6962890625 0.767578125 0.0380859375 0.080078125
1 0.552734375 0.68359375 0.0283203125 0.052734375
1 0.408203125 0.025390625 0.0458984375 0.0517578125
1 0.3173828125 0.7861328125 0.0615234375 0.056640625
1 0.3154296875 0.7392578125 0.0478515625 0.0791015625
1 0.2431640625 0.1376953125 0.09375 0.1103515625
1 0.6416015625 0.43359375 0.056640625 0.048828125
1 0.265625 0.21484375 0.052734375 0.0625
1 0.896484375 0.7216796875 0.033203125 0.0625
1 0.357421875 0.6826171875 0.0908203125 0.1259765625
1 0.1484375 0.1435546875 0.0458984375 0.068359375
1 0.63671875 0.1650390625 0.0478515625 0.1201171875
1 0.2177734375 0.740234375 0.046875 0.0625
1 0.8662109375 0.69921875 0.03515625 0.091796875
1 0.0078125 0.0322265625 0.0166015625 0.064453125
1 0.830078125 0.861328125 0.0517578125 0.0703125
1 0.9111328125 0.9619140625 0.0498046875 0.033203125
1 0.5654296875 0.185546875 0.041015625 0.08203125
1 0.2060546875 0.0205078125 0.0400390625 0.0419921875
1 0.78125 0.2294921875 0.029296875 0.064453125
1 0.623046875 0.8408203125 0.0537109375 0.0439453125
1 0.42578125 0.513671875 0.0693359375 0.0888671875
1 0.1181640625 0.4892578125 0.0517578125 0.0703125
1 0.8642578125 0.861328125 0.0322265625 0.048828125
1 0.62890625 0.5341796875 0.04296875 0.056640625
1 0.3603515625 0.390625 0.0458984375 0.0986328125
1 0.283203125 0.0185546875 0.0341796875 0.0380859375
1 0.333984375 0.6982421875 0.087890625 0.11328125
1 0.1787109375 0.9912109375 0.083984375 0.013671875
1 0.904296875 0.91015625 0.060546875 0.041015625
1 0.3837890625 0.41796875 0.083984375 0.1357421875
1 0.9541015625 0.5888671875 0.0576171875 0.05859375
1 0.5224609375 0.146484375 0.072265625 0.125
1 0.7412109375 0.1630859375 0.0341796875 0.0693359375
