1 0.427734375 0.6103515625 0.1181640625 0.0830078125
1 0.3740234375 0.06640625 0.1943359375 0.0849609375
1 0.6357421875 0.1923828125 0.08203125 0.134765625
1 0.4208984375 0.5029296875 0.123046875 0.1376953125
1 0.50390625 0.2470703125 0.1396484375 0.080078125
1 0.3681640625 0.3857421875 0.1123046875 0.078125
1 0.1806640625 0.8916015625 0.1474609375 0.125
1 0.208984375 0.453125 0.1494140625 0.08203125
1 0.875 0.5732421875 0.1123046875 0.056640625
1 0.529296875 0.7080078125 0.0849609375 0.0673828125
1 0.841796875 0.3759765625 0.0654296875 0.09765625
1 0.0595703125 0.4267578125 0.119140625 0.125
1 0.4765625 0.810546875 0.2392578125 0.087890625
1 0.845703125 0.7578125 0.126953125 0.0869140625
1 0.75 0.76171875 0.1025390625 0.1748046875
1 0.73046875 0.826171875 0.0771484375 0.0625
1 0.619140625 0.927734375 0.16796875 0.1435546875
1 0.9033203125 0.158203125 0.193359375 0.0625
1 0.44921875 0.9404296875 0.1376953125 0.1181640625
1 0.931640625 0.1259765625 0.1142578125 0.072265625
1 0.8955078125 0.47265625 0.2080078125 0.0830078125
1 0.748046875 0.5615234375 0.0576171875 0.0693359375
1 0.9130859375 0.2744140625 0.1328125 0.060546875
1 0.193359375 0.5654296875 0.123046875 0.142578125
1 0.888671875 0.6708984375 0.22265625 0.09765625
1 0.8779296875 0.8466796875 0.21875 0.07421875
1 0.9482421875 0.806640625 0.1025390625 0.0947265625
1 0.0244140625 0.9560546875 0.0498046875 0.087890625
1 0.865234375 0.958984375 0.0673828125 0.0693359375
1 0.767578125 0.6240234375 0.0830078125 0.0400390625
1 0.943359375 0.8818359375 0.11328125 0.0498046875
1 0.8017578125 0.9765625 0.08984375 0.0458984375
1 0.9580078125 0.4033203125 0.0830078125 0.078125
1 0.9306640625 0.2958984375 0.126953125 0.08203125
1 0.962890625 0.2236328125 0.0732421875 0.0625
1 0.939453125 0.3046875 0.1201171875 0.064453125
1 0.0751953125 0.9833984375 0.1279296875 0.033203125
1 0.84765625 0.3935546875 0.0673828125 0.037109375
1 0.8916015625 0.7216796875 0.1298828125 0.044921875
1 0.8232421875 0.677734375 0.197265625 0.0732421875
1 0.55078125 0.9560546875 0.052734375 0.087890625
