1 0.0166015625 0.3671875 0.0341796875 0.103515625
1 0.060546875 0.248046875 0.099609375 0.0859375
1 0.4287109375 0.0869140625 0.0908203125 0.0751953125
1 0.3583984375 0.1513671875 0.0634765625 0.060546875
1 0.671875 0.140625 0.06640625 0.0625
1 0.7392578125 0.142578125 0.056640625 0.0595703125
1 0.740234375 0.0595703125 0.150390625 0.11328125
1 0.5439453125 0.2763671875 0.130859375 0.0634765625
1 0.265625 0.310546875 0.068359375 0.0654296875
1 0.4638671875 0.4189453125 0.0712890625 0.1181640625
1 0.3115234375 0.484375 0.056640625 0.0712890625
1 0.6328125 0.373046875 0.1181640625 0.0595703125
1 0.771484375 0.462890625 0.1083984375 0.0556640625
1 0.68359375 0.59375 0.0751953125 0.1142578125
1 0.5341796875 0.69140625 0.0771484375 0.119140625
1 0.35546875 0.705078125 0.0732421875 0.0986328125
1 0.5263671875 0.859375 0.1083984375 0.123046875
1 0.607421875 0.8232421875 0.08984375 0.1162109375
1 0.8154296875 0.818359375 0.068359375 0.1279296875
1 0.908203125 0.6005859375 0.1064453125 0.0849609375
1 0.9580078125 0.3818359375 0.0751953125 0.0986328125
1 0.8466796875 0.2294921875 0.0771484375 0.0419921875
1 0.9580078125 0.931640625 0.07421875 0.06640625
1 0.9462890625 0.158203125 0.0478515625 0.0869140625
1 0.748046875 0.66796875 0.166015625 0.123046875
1 0.837890625 0.3056640625 0.13671875 0.0625
1 0.69921875 0.224609375 0.138671875 0.068359375
