1 0.1123046875 0.126953125 0.0732421875 0.154296875
1 0.0380859375 0.0703125 0.0537109375 0.10546875
1 0.0625 0.0244140625 0.083984375 0.0498046875
1 0.0244140625 0.3916015625 0.0498046875 0.0537109375
1 0.1279296875 0.5263671875 0.0546875 0.0625
1 0.1767578125 0.4794921875 0.068359375 0.060546875
1 0.1572265625 0.365234375 0.0927734375 0.0634765625
1 0.2216796875 0.228515625 0.0791015625 0.095703125
1 0.30859375 0.2041015625 0.0625 0.0595703125
1 0.287109375 0.259765625 0.044921875 0.05078125
1 0.25 0.1279296875 0.1103515625 0.1123046875
1 0.197265625 0.1162109375 0.0478515625 0.07421875
1 0.4853515625 0.07421875 0.0859375 0.0986328125
1 0.75 0.1494140625 0.0517578125 0.1279296875
1 0.669921875 0.1728515625 0.0693359375 0.083984375
1 0.6396484375 0.2666015625 0.08203125 0.09375
1 0.5322265625 0.271484375 0.0654296875 0.08203125
1 0.3291015625 0.439453125 0.0546875 0.08984375
1 0.38671875 0.4599609375 0.060546875 0.0703125
1 0.6162109375 0.47265625 0.064453125 0.0693359375
1 0.6552734375 0.5302734375 0.068359375 0.0859375
1 0.736328125 0.466796875 0.06640625 0.06640625
1 0.802734375 0.392578125 0.087890625 0.1162109375
1 0.630859375 0.3828125 0.0517578125 0.07421875
1 0.783203125 0.267578125 0.0791015625 0.0537109375
1 0.9189453125 0.2607421875 0.087890625 0.10546875
1 0.8515625 0.5771484375 0.0712890625 0.091796875
1 0.7802734375 0.521484375 0.06640625 0.052734375
1 0.83203125 0.501953125 0.044921875 0.0703125
1 0.76171875 0.6142578125 0.083984375 0.083984375
1 0.947265625 0.755859375 0.046875 0.0625
1 0.650390625 0.720703125 0.0791015625 0.0576171875
1 0.603515625 0.78125 0.07421875 0.05859375
1 0.541015625 0.7724609375 0.0634765625 0.0732421875
1 0.373046875 0.7021484375 0.068359375 0.0625
1 0.2607421875 0.595703125 0.076171875 0.1044921875
1 0.1904296875 0.58203125 0.0556640625 0.0625
1 0.2431640625 0.701171875 0.06640625 0.0625
1 0.1796875 0.8564453125 0.0546875 0.10546875
1 0.3330078125 0.92578125 0.0615234375 0.095703125
1 0.4873046875 0.9775390625 0.0712890625 0.0439453125
1 0.5673828125 0.919921875 0.0986328125 0.05859375
1 0.052734375 0.9580078125 0.0546875 0.0546875
1 0.974609375 0.90234375 0.05078125 0.0703125
1 0.43359375 0.8916015625 0.060546875 0.03515625
1 0.478515625 0.724609375 0.0498046875 0.076171875
1 0.380859375 0.0439453125 0.041015625 0.0439453125
1 0.396484375 0.4267578125 0.080078125 0.060546875
1 0.31640625 0.365234375 0.0908203125 0.068359375
1 0.716796875 0.2353515625 0.060546875 0.0517578125
1 0.1162109375 0.4638671875 0.0517578125 0.0458984375
1 0.2890625 0.6484375 0.07421875 0.0419921875
