1 0.30859375 0.30859375 0.0751953125 0.0908203125
1 0.0517578125 0.234375 0.0634765625 0.083984375
1 0.16015625 0.951171875 0.0751953125 0.087890625
1 0.8212890625 0.4052734375 0.0439453125 0.0791015625
1 0.9072265625 0.677734375 0.0693359375 0.1005859375
1 0.486328125 0.4658203125 0.1005859375 0.0673828125
1 0.2275390625 0.6435546875 0.087890625 0.060546875
1 0.349609375 0.9169921875 0.1748046875 0.0986328125
1 0.5869140625 0.2041015625 0.140625 0.083984375
1 0.375 0.29296875 0.0712890625 0.0791015625
1 0.6591796875 0.9521484375 0.0849609375 0.0859375
1 0.1845703125 0.486328125 0.0693359375 0.05078125
1 0.0673828125 0.40625 0.0771484375 0.0498046875
1 0.9560546875 0.4765625 0.0869140625 0.083984375
1 0.2275390625 0.3310546875 0.0537109375 0.0771484375
1 0.9638671875 0.12109375 0.0712890625 0.05859375
1 0.3564453125 0.427734375 0.0673828125 0.0576171875
1 0.125 0.0810546875 0.0654296875 0.056640625
1 0.0419921875 0.7158203125 0.05078125 0.06640625
1 0.4130859375 0.0859375 0.04296875 0.0556640625
1 0.041015625 0.091796875 0.08203125 0.072265625
1 0.0625 0.03125 0.0595703125 0.0625
1 0.5400390625 0.09375 0.0615234375 0.05859375
1 0.4833984375 0.4208984375 0.0517578125 0.072265625
1 0.966796875 0.0263671875 0.05859375 0.0537109375
1 0.2431640625 0.416015625 0.05859375 0.0556640625
1 0.2421875 0.978515625 0.0517578125 0.041015625
1 0.3046875 0.076171875 0.1083984375 0.0810546875
1 0.787109375 0.8935546875 0.1171875 0.0927734375
1 0.0615234375 0.666015625 0.1015625 0.08203125
1 0.328125 0.52734375 0.072265625 0.0576171875
1 0.484375 0.0869140625 0.0673828125 0.056640625
1 0.9873046875 0.533203125 0.0244140625 0.0419921875
1 0.658203125 0.390625 0.0537109375 0.060546875
1 0.7255859375 0.7978515625 0.0751953125 0.048828125
1 0.798828125 0.48046875 0.05859375 0.0947265625
1 0.6923828125 0.720703125 0.0712890625 0.060546875
1 0.41796875 0.0126953125 0.06640625 0.025390625
1 0.357421875 0.744140625 0.1376953125 0.048828125
1 0.4697265625 0.0078125 0.0478515625 0.0166015625
1 0.822265625 0.7734375 0.080078125 0.0439453125
1 0.396484375 0.826171875 0.103515625 0.0595703125
1 0.3505859375 0.787109375 0.095703125 0.052734375
1 0.7255859375 0.76171875 0.0966796875 0.0537109375
1 0.3828125 0.8935546875 0.09375 0.072265625
1 0.5625 0.5673828125 0.087890625 0.0380859375
1 0.193359375 0.74609375 0.0751953125 0.07421875
1 0.9716796875 0.7470703125 0.0556640625 0.044921875
1 0.6064453125 0.7265625 0.087890625 0.033203125
1 0.9853515625 0.4541015625 0.0283203125 0.0458984375
1 0.5712890625 0.9375 0.07421875 0.0380859375
1 0.0419921875 0.4638671875 0.0830078125 0.0458984375
1 0.70703125 0.9599609375 0.0712890625 0.0634765625
1 0.3984375 0.9736328125 0.1318359375 0.048828125
1 0.353515625 0.17578125 0.0595703125 0.0439453125
1 0.8466796875 0.859375 0.0361328125 0.044921875
1 0.66015625 0.494140625 0.0625 0.041015625
1 0.8115234375 0.5458984375 0.068359375 0.0419921875
1 0.5849609375 0.974609375 0.16796875 0.0498046875
1 0.7314453125 0.5283203125 0.0556640625 0.0458984375
1 0.65234375 0.591796875 0.0419921875 0.0498046875
1 0.013671875 0.6494140625 0.02734375 0.0439453125
1 0.474609375 0.255859375 0.0537109375 0.0302734375
1 0.3154296875 0.982421875 0.1064453125 0.0302734375
1 0.82421875 0.79296875 0.08203125 0.0517578125
1 0.0625 0.5546875 0.1064453125 0.0478515625
1 0.310546875 0.126953125 0.0751953125 0.0712890625
1 0.40234375 0.2939453125 0.060546875 0.044921875
1 0.5380859375 0.822265625 0.0966796875 0.056640625
1 0.626953125 0.4853515625 0.0322265625 0.0478515625
1 0.64453125 0.515625 0.076171875 0.0341796875
1 0.6669921875 0.4443359375 0.146484375 0.1337890625
1 0.74609375 0.521484375 0.0419921875 0.0361328125
1 0.9482421875 0.5625 0.0400390625 0.0341796875
1 0.0439453125 0.0322265625 0.0791015625 0.0634765625
