1 0.4375 0.0966796875 0.1552734375 0.1943359375
1 0.2666015625 0.50390625 0.087890625 0.1875
1 0.98828125 0.1083984375 0.0224609375 0.13671875
1 0.8994140625 0.734375 0.2001953125 0.15625
1 0.20703125 0.7783203125 0.1220703125 0.130859375
1 0.5908203125 0.75 0.1640625 0.2080078125
1 0.771484375 0.255859375 0.0986328125 0.083984375
1 0.90625 0.3486328125 0.0810546875 0.1279296875
1 0.990234375 0.2939453125 0.01953125 0.1064453125
1 0.8671875 0.224609375 0.0478515625 0.0751953125
1 0.1845703125 0.0234375 0.08984375 0.0478515625
1 0.033203125 0.0068359375 0.064453125 0.0146484375
1 0.166015625 0.220703125 0.0947265625 0.0654296875
1 0.1962890625 0.1513671875 0.0712890625 0.0615234375
1 0.0498046875 0.267578125 0.0693359375 0.0869140625
1 0.130859375 0.3642578125 0.056640625 0.1416015625
1 0.328125 0.4072265625 0.04296875 0.0966796875
1 0.1279296875 0.7333984375 0.115234375 0.0625
1 0.404296875 0.7373046875 0.0947265625 0.099609375
1 0.3408203125 0.8486328125 0.080078125 0.1083984375
1 0.4072265625 0.93359375 0.05859375 0.1162109375
1 0.478515625 0.91796875 0.0634765625 0.0703125
1 0.6591796875 0.916015625 0.0537109375 0.107421875
1 0.208984375 0.9755859375 0.087890625 0.0400390625
1 0.1416015625 0.9130859375 0.1064453125 0.046875
1 0.177734375 0.939453125 0.0595703125 0.0732421875
1 0.6064453125 0.0810546875 0.0732421875 0.0556640625
1 0.6787109375 0.158203125 0.068359375 0.0712890625
1 0.6708984375 0.1123046875 0.068359375 0.0546875
1 0.8798828125 0.8291015625 0.0751953125 0.12109375
1 0.8291015625 0.96875 0.0830078125 0.0625
1 0.96484375 0.9296875 0.0693359375 0.1396484375
1 0.095703125 0.958984375 0.080078125 0.0634765625
1 0.02734375 0.1650390625 0.0546875 0.05859375
