1 0.07421875 0.28515625 0.0634765625 0.0712890625
1 0.068359375 0.142578125 0.05859375 0.1064453125
1 0.1337890625 0.1337890625 0.0791015625 0.1181640625
1 0.0576171875 0.052734375 0.0517578125 0.0625
1 0.1259765625 0.046875 0.060546875 0.0791015625
1 0.6513671875 0.0126953125 0.064453125 0.0263671875
1 0.8095703125 0.2451171875 0.056640625 0.0673828125
1 0.8017578125 0.29296875 0.080078125 0.0537109375
1 0.7978515625 0.337890625 0.1103515625 0.0732421875
1 0.7529296875 0.412109375 0.0634765625 0.060546875
1 0.791015625 0.494140625 0.0595703125 0.0439453125
1 0.923828125 0.607421875 0.130859375 0.10546875
1 0.875 0.625 0.044921875 0.0595703125
1 0.96875 0.34375 0.0615234375 0.076171875
1 0.9287109375 0.232421875 0.0400390625 0.05078125
1 0.8994140625 0.421875 0.060546875 0.0517578125
1 0.662109375 0.443359375 0.060546875 0.048828125
1 0.6279296875 0.361328125 0.087890625 0.05859375
1 0.576171875 0.412109375 0.0498046875 0.0595703125
1 0.5693359375 0.3291015625 0.052734375 0.0615234375
1 0.623046875 0.296875 0.0654296875 0.07421875
1 0.544921875 0.2568359375 0.0458984375 0.0703125
1 0.4716796875 0.294921875 0.0751953125 0.0859375
1 0.392578125 0.3837890625 0.0576171875 0.05859375
1 0.333984375 0.3193359375 0.048828125 0.0771484375
1 0.15625 0.3818359375 0.0576171875 0.0576171875
1 0.01953125 0.708984375 0.0400390625 0.048828125
1 0.052734375 0.69140625 0.056640625 0.099609375
1 0.1142578125 0.6533203125 0.0625 0.09375
1 0.0302734375 0.830078125 0.060546875 0.056640625
1 0.087890625 0.783203125 0.0478515625 0.0576171875
1 0.150390625 0.85546875 0.068359375 0.0615234375
1 0.1767578125 0.79296875 0.0849609375 0.056640625
1 0.2080078125 0.705078125 0.0478515625 0.0751953125
1 0.26171875 0.7177734375 0.0517578125 0.0458984375
1 0.345703125 0.6923828125 0.0576171875 0.0673828125
1 0.3212890625 0.7890625 0.05859375 0.0458984375
1 0.3671875 0.7509765625 0.0693359375 0.05859375
1 0.439453125 0.8544921875 0.0615234375 0.0615234375
1 0.46875 0.7841796875 0.0908203125 0.0849609375
1 0.5654296875 0.8623046875 0.060546875 0.0693359375
1 0.673828125 0.818359375 0.080078125 0.060546875
1 0.6845703125 0.87109375 0.09765625 0.05078125
1 0.666015625 0.697265625 0.078125 0.080078125
1 0.6953125 0.7421875 0.0546875 0.0546875
1 0.513671875 0.64453125 0.08203125 0.0625
1 0.4794921875 0.7236328125 0.0537109375 0.0458984375
1 0.796875 0.765625 0.0927734375 0.06640625
1 0.896484375 0.75390625 0.0517578125 0.0693359375
1 0.8935546875 0.8486328125 0.0673828125 0.0732421875
1 0.9677734375 0.7333984375 0.0634765625 0.068359375
1 0.5205078125 0.8193359375 0.0556640625 0.0537109375
1 0.2265625 0.91796875 0.07421875 0.044921875
1 0.177734375 0.6748046875 0.0400390625 0.076171875
1 0.3203125 0.03515625 0.076171875 0.0498046875
1 0.8583984375 0.2705078125 0.0546875 0.0615234375
1 0.6591796875 0.927734375 0.056640625 0.044921875
1 0.408203125 0.7119140625 0.056640625 0.0595703125
1 0.099609375 0.814453125 0.0576171875 0.0498046875
1 0.22265625 0.6748046875 0.04296875 0.0341796875
1 0.529296875 0.7353515625 0.0537109375 0.048828125
