1 0.978515625 0.224609375 0.04296875 0.099609375
1 0.166015625 0.326171875 0.1083984375 0.1005859375
1 0.9521484375 0.64453125 0.080078125 0.095703125
1 0.9306640625 0.9736328125 0.091796875 0.052734375
1 0.591796875 0.0947265625 0.0712890625 0.1201171875
1 0.15234375 0.91015625 0.1025390625 0.0927734375
1 0.951171875 0.3779296875 0.0849609375 0.107421875
1 0.3896484375 0.7939453125 0.064453125 0.0751953125
1 0.0810546875 0.826171875 0.072265625 0.0751953125
1 0.931640625 0.796875 0.1357421875 0.08984375
1 0.318359375 0.4443359375 0.1328125 0.14453125
1 0.3095703125 0.3173828125 0.056640625 0.0869140625
1 0.4345703125 0.3447265625 0.05859375 0.064453125
1 0.7431640625 0.6318359375 0.0537109375 0.068359375
1 0.8466796875 0.2509765625 0.0849609375 0.09765625
1 0.654296875 0.3115234375 0.099609375 0.1103515625
1 0.8818359375 0.3046875 0.0751953125 0.115234375
1 0.0263671875 0.29296875 0.0498046875 0.15234375
1 0.9658203125 0.54296875 0.068359375 0.1123046875
1 0.267578125 0.171875 0.0927734375 0.08984375
1 0.068359375 0.6953125 0.107421875 0.1220703125
1 0.6474609375 0.083984375 0.0595703125 0.1455078125
1 0.580078125 0.77734375 0.0830078125 0.0546875
1 0.9091796875 0.484375 0.0498046875 0.0751953125
