1 0.3837890625 0.83203125 0.173828125 0.10546875
1 0.1357421875 0.9716796875 0.1025390625 0.0556640625
1 0.8759765625 0.8564453125 0.0791015625 0.1015625
1 0.3662109375 0.0908203125 0.11328125 0.1689453125
1 0.8115234375 0.4189453125 0.1650390625 0.1552734375
1 0.197265625 0.6630859375 0.115234375 0.16796875
1 0.0654296875 0.28515625 0.1318359375 0.1181640625
1 0.03125 0.0771484375 0.0625 0.150390625
1 0.283203125 0.4599609375 0.16796875 0.169921875
1 0.4326171875 0.310546875 0.2177734375 0.177734375
1 0.6962890625 0.462890625 0.130859375 0.1435546875
1 0.443359375 0.7529296875 0.1552734375 0.0771484375
1 0.08203125 0.119140625 0.119140625 0.1396484375
1 0.283203125 0.939453125 0.1279296875 0.1123046875
1 0.0224609375 0.861328125 0.0458984375 0.083984375
