1 0.0849609375 0.0703125 0.109375 0.109375
1 0.2236328125 0.0419921875 0.0927734375 0.0751953125
1 0.3427734375 0.0830078125 0.0703125 0.0732421875
1 0.29296875 0.14453125 0.134765625 0.1513671875
1 0.14453125 0.15234375 0.078125 0.083984375
1 0.1494140625 0.33984375 0.0859375 0.15234375
1 0.2939453125 0.4033203125 0.0576171875 0.0693359375
1 0.2265625 0.4775390625 0.15625 0.0908203125
1 0.3271484375 0.3154296875 0.046875 0.0693359375
1 0.1748046875 0.58984375 0.1044921875 0.072265625
1 0.037109375 0.5908203125 0.07421875 0.0830078125
1 0.197265625 0.9609375 0.1103515625 0.0732421875
1 0.3603515625 0.591796875 0.1357421875 0.12890625
1 0.2998046875 0.6767578125 0.0908203125 0.08984375
1 0.4375 0.3642578125 0.0654296875 0.068359375
1 0.3857421875 0.26953125 0.06640625 0.0625
1 0.4609375 0.1357421875 0.130859375 0.099609375
1 0.4072265625 0.072265625 0.0654296875 0.0498046875
1 0.5146484375 0.2529296875 0.1005859375 0.1025390625
1 0.6015625 0.2109375 0.0634765625 0.06640625
1 0.6767578125 0.18359375 0.09765625 0.12890625
1 0.8134765625 0.16796875 0.125 0.0810546875
1 0.7900390625 0.251953125 0.0751953125 0.1162109375
1 0.580078125 0.4345703125 0.0732421875 0.08203125
1 0.498046875 0.6103515625 0.1044921875 0.150390625
1 0.5908203125 0.810546875 0.0908203125 0.13671875
1 0.533203125 0.7890625 0.0859375 0.0830078125
1 0.6845703125 0.6650390625 0.123046875 0.0986328125
1 0.6533203125 0.58984375 0.0771484375 0.0703125
1 0.8466796875 0.720703125 0.0869140625 0.14453125
1 0.7861328125 0.90625 0.1689453125 0.1328125
1 0.5927734375 0.0224609375 0.0771484375 0.0458984375
1 0.6669921875 0.0244140625 0.0830078125 0.0439453125
1 0.662109375 0.0732421875 0.09375 0.052734375
1 0.943359375 0.56640625 0.0830078125 0.083984375
1 0.970703125 0.98046875 0.052734375 0.0390625
