1 0.2080078125 0.9140625 0.072265625 0.0654296875
1 0.1064453125 0.8671875 0.09375 0.0712890625
1 0.1064453125 0.67578125 0.1630859375 0.083984375
1 0.0185546875 0.4912109375 0.037109375 0.1103515625
1 0.0537109375 0.578125 0.064453125 0.0888671875
1 0.2685546875 0.583984375 0.1240234375 0.15625
1 0.0244140625 0.1318359375 0.048828125 0.1494140625
1 0.2578125 0.294921875 0.078125 0.0732421875
1 0.4345703125 0.287109375 0.0888671875 0.083984375
1 0.50390625 0.1923828125 0.064453125 0.0859375
1 0.6240234375 0.23046875 0.080078125 0.087890625
1 0.7294921875 0.2734375 0.10546875 0.0947265625
1 0.857421875 0.2607421875 0.0703125 0.0576171875
1 0.828125 0.0712890625 0.06640625 0.0947265625
1 0.615234375 0.466796875 0.0859375 0.099609375
1 0.5634765625 0.55078125 0.07421875 0.1220703125
1 0.6591796875 0.5478515625 0.126953125 0.0986328125
1 0.7744140625 0.4609375 0.10546875 0.1171875
1 0.841796875 0.43359375 0.068359375 0.080078125
1 0.8818359375 0.3251953125 0.0986328125 0.080078125
1 0.978515625 0.1826171875 0.04296875 0.0576171875
1 0.9716796875 0.044921875 0.0537109375 0.0654296875
1 0.4873046875 0.95703125 0.1201171875 0.0673828125
1 0.5322265625 0.9052734375 0.0859375 0.0791015625
1 0.4326171875 0.8955078125 0.0546875 0.0556640625
1 0.7109375 0.87109375 0.0859375 0.0771484375
1 0.8515625 0.8759765625 0.107421875 0.1083984375
1 0.541015625 0.744140625 0.080078125 0.0830078125
1 0.7763671875 0.609375 0.125 0.1279296875
1 0.8759765625 0.703125 0.0693359375 0.0615234375
1 0.935546875 0.888671875 0.1083984375 0.0751953125
1 0.9306640625 0.302734375 0.060546875 0.048828125
1 0.724609375 0.6669921875 0.08984375 0.1123046875
1 0.9375 0.025390625 0.048828125 0.0517578125
1 0.94921875 0.2685546875 0.0556640625 0.05859375
1 0.9619140625 0.2333984375 0.0390625 0.0361328125
1 0.982421875 0.22265625 0.0322265625 0.037109375
1 0.251953125 0.013671875 0.0927734375 0.02734375
1 0.021484375 0.712890625 0.04296875 0.0595703125
1 0.58984375 0.9853515625 0.0703125 0.0283203125
1 0.0244140625 0.5322265625 0.0498046875 0.07421875
1 0.0068359375 0.8466796875 0.013671875 0.041015625
1 0.1708984375 0.9541015625 0.1201171875 0.0908203125
