1 0.8935546875 0.4873046875 0.048828125 0.1025390625
1 0.783203125 0.09375 0.0634765625 0.076171875
1 0.0810546875 0.2509765625 0.0810546875 0.076171875
1 0.5302734375 0.5595703125 0.0439453125 0.08203125
1 0.24609375 0.900390625 0.087890625 0.0771484375
1 0.404296875 0.5556640625 0.0546875 0.0859375
1 0.5986328125 0.4716796875 0.0361328125 0.0947265625
1 0.162109375 0.736328125 0.072265625 0.0849609375
1 0.4267578125 0.3837890625 0.0546875 0.072265625
1 0.423828125 0.8310546875 0.05078125 0.0927734375
1 0.0947265625 0.7431640625 0.0556640625 0.0693359375
1 0.375 0.4619140625 0.041015625 0.076171875
1 0.6904296875 0.3251953125 0.0546875 0.076171875
1 0.3193359375 0.1572265625 0.0517578125 0.0732421875
1 0.9560546875 0.0537109375 0.025390625 0.0625
1 0.1748046875 0.8212890625 0.078125 0.0703125
1 0.0224609375 0.41796875 0.0458984375 0.05859375
1 0.6044921875 0.26171875 0.0615234375 0.0615234375
1 0.728515625 0.416015625 0.0546875 0.0625
1 0.82421875 0.4716796875 0.0556640625 0.0498046875
1 0.712890625 0.0244140625 0.03125 0.048828125
1 0.2568359375 0.2666015625 0.1357421875 0.072265625
1 0.0654296875 0.5048828125 0.08984375 0.0361328125
1 0.7548828125 0.3173828125 0.0478515625 0.078125
1 0.4208984375 0.119140625 0.04296875 0.0556640625
1 0.9609375 0.9794921875 0.04296875 0.0361328125
1 0.1923828125 0.98046875 0.0849609375 0.0322265625
1 0.3369140625 0.513671875 0.02734375 0.0771484375
1 0.8310546875 0.8466796875 0.0693359375 0.0400390625
1 0.009765625 0.3544921875 0.01953125 0.0361328125
1 0.7587890625 0.5234375 0.041015625 0.0576171875
1 0.5634765625 0.3583984375 0.052734375 0.0341796875
1 0.62890625 0.2421875 0.072265625 0.0205078125
1 0.2705078125 0.98046875 0.0380859375 0.0390625
1 0.2583984375 0.4083984375 0.08134765624999998 0.04541015625
1 0.20703125 0.3037109375 0.068359375 0.0380859375
1 0.818359375 0.06640625 0.0283203125 0.072265625
1 0.3896484375 0.62109375 0.0380859375 0.037109375
1 0.2021484375 0.431640625 0.029296875 0.0576171875
1 0.2802734375 0.484375 0.0400390625 0.0380859375
1 0.8583984375 0.087890625 0.025390625 0.0625
1 0.4541015625 0.2763671875 0.04296875 0.033203125
1 0.1181640625 0.98828125 0.052734375 0.0185546875
1 0.9619140625 0.884765625 0.0400390625 0.052734375
1 0.822265625 0.298828125 0.0283203125 0.076171875
1 0.9013671875 0.4814453125 0.046875 0.0830078125
1 0.5087890625 0.181640625 0.052734375 0.025390625
1 0.9541015625 0.4560546875 0.0302734375 0.0439453125
1 0.8896484375 0.3984375 0.033203125 0.072265625
1 0.009765625 0.6904296875 0.01953125 0.04296875
1 0.9609375 0.712890625 0.04296875 0.0419921875
1 0.6220703125 0.955078125 0.064453125 0.033203125
1 0.4609375 0.80078125 0.072265625 0.09375
1 0.576171875 0.111328125 0.0400390625 0.03515625
1 0.2265625 0.5849609375 0.046875 0.0576171875
1 0.19921875 0.666015625 0.04296875 0.05859375
1 0.81640625 0.9150390625 0.048828125 0.033203125
1 0.017578125 0.8896484375 0.03515625 0.01953125
1 0.935546875 0.2412109375 0.029296875 0.05859375
1 0.2392578125 0.3466796875 0.0732421875 0.0498046875
1 0.76953125 0.015625 0.03125 0.03125
1 0.0068359375 0.67578125 0.0146484375 0.0302734375
1 0.876953125 0.98046875 0.037109375 0.0380859375
1 0.5830078125 0.7626953125 0.0478515625 0.0732421875
1 0.8134765625 0.75390625 0.0341796875 0.0439453125
1 0.736328125 0.16015625 0.0341796875 0.0703125
1 0.9384765625 0.41015625 0.0361328125 0.0576171875
1 0.5419921875 0.3310546875 0.087890625 0.0400390625
1 0.439453125 0.365234375 0.0576171875 0.0439453125
1 0.712890625 0.603515625 0.0576171875 0.021484375
1 0.5888671875 0.55859375 0.0576171875 0.0537109375
1 0.7939453125 0.708984375 0.0458984375 0.0478515625
1 0.8974609375 0.7421875 0.05078125 0.0498046875
1 0.8974609375 0.7958984375 0.0419921875 0.0537109375
1 0.615234375 0.6611328125 0.056640625 0.0341796875
1 0.4033203125 0.681640625 0.033203125 0.0517578125
1 0.4228515625 0.7685546875 0.09765625 0.0478515625
1 0.625 0.88671875 0.0546875 0.0419921875
1 0.9794921875 0.779296875 0.041015625 0.0537109375
1 0.986328125 0.841796875 0.0263671875 0.0625
1 0.982421875 0.6669921875 0.03515625 0.064453125
