1 0.458984375 0.9326171875 0.0986328125 0.09375
1 0.5947265625 0.71875 0.0830078125 0.0546875
1 0.2455078125 0.4451171875 0.10175781250000002 0.04794921874999997
1 0.62890625 0.41796875 0.103515625 0.07421875
1 0.9697265625 0.7880859375 0.0595703125 0.0439453125
1 0.8994140625 0.0712890625 0.0966796875 0.0595703125
1 0.275390625 0.6455078125 0.115234375 0.0576171875
1 0.1455078125 0.6796875 0.0859375 0.044921875
1 0.4375 0.5205078125 0.08984375 0.05078125
1 0.212890625 0.1162109375 0.080078125 0.064453125
1 0.91796875 0.349609375 0.0947265625 0.0625
1 0.408203125 0.0615234375 0.107421875 0.0458984375
1 0.244140625 0.9580078125 0.1123046875 0.0517578125
1 0.2333984375 0.478515625 0.0849609375 0.0703125
1 0.1220703125 0.7578125 0.115234375 0.044921875
1 0.08984375 0.3701171875 0.11328125 0.0400390625
1 0.75 0.919921875 0.07421875 0.0400390625
1 0.74609375 0.7255859375 0.0869140625 0.041015625
1 0.34375 0.1064453125 0.083984375 0.037109375
1 0.0537109375 0.1279296875 0.09765625 0.0478515625
1 0.2958984375 0.095703125 0.0546875 0.0751953125
1 0.6279296875 0.9228515625 0.095703125 0.048828125
1 0.8671875 0.017578125 0.0771484375 0.03515625
1 0.7265625 0.400390625 0.09765625 0.0625
1 0.7255859375 0.1142578125 0.1044921875 0.0595703125
1 0.8681640625 0.486328125 0.08984375 0.02734375
1 0.62890625 0.8017578125 0.0517578125 0.033203125
1 0.314453125 0.3662109375 0.0947265625 0.072265625
1 0.9521484375 0.1708984375 0.076171875 0.052734375
1 0.2568359375 0.6796875 0.119140625 0.0390625
1 0.083984375 0.4130859375 0.0810546875 0.0361328125
1 0.287109375 0.0263671875 0.0703125 0.052734375
1 0.029296875 0.767578125 0.0595703125 0.0302734375
1 0.6552734375 0.5849609375 0.0732421875 0.04296875
1 0.6982421875 0.7490234375 0.08203125 0.0244140625
1 0.2978515625 0.7265625 0.0888671875 0.0634765625
1 0.2255859375 0.828125 0.0673828125 0.033203125
1 0.728515625 0.3115234375 0.0908203125 0.03515625
1 0.47265625 0.3603515625 0.0537109375 0.0380859375
1 0.73046875 0.349609375 0.05859375 0.0458984375
1 0.75390625 0.66796875 0.087890625 0.0283203125
1 0.634765625 0.482421875 0.1162109375 0.0400390625
1 0.1796875 0.033203125 0.0791015625 0.0361328125
1 0.326171875 0.7890625 0.12890625 0.033203125
1 0.4326171875 0.828125 0.06601562500000002 0.042773437499999956
1 0.189453125 0.5107421875 0.068359375 0.046875
1 0.8154296875 0.3837890625 0.078125 0.0576171875
1 0.0283203125 0.564453125 0.056640625 0.0185546875
1 0.8125 0.4130859375 0.0966796875 0.0546875
1 0.1650390625 0.4375 0.0673828125 0.033203125
1 0.357421875 0.9892578125 0.115234375 0.017578125
1 0.837890625 0.86328125 0.09765625 0.0244140625
1 0.94140625 0.4208984375 0.091796875 0.0576171875
1 0.2109375 0.0693359375 0.052734375 0.0400390625
1 0.8173828125 0.04296875 0.0703125 0.03125
1 0.66796875 0.17578125 0.0859375 0.029296875
1 0.0166015625 0.693359375 0.033203125 0.0361328125
1 0.15625 0.4658203125 0.0634765625 0.0537109375
1 0.1865234375 0.3779296875 0.0654296875 0.0283203125
1 0.578125 0.791015625 0.056640625 0.0302734375
1 0.9296875 0.638671875 0.095703125 0.0419921875
1 0.8564453125 0.9912109375 0.0673828125 0.017578125
1 0.3916015625 0.625 0.0732421875 0.0244140625
1 0.234375 0.74609375 0.1337890625 0.0341796875
1 0.4208984375 0.44921875 0.064453125 0.037109375
1 0.8994140625 0.373046875 0.052734375 0.0244140625
1 0.83984375 0.9619140625 0.076171875 0.0263671875
1 0.3232421875 0.3994140625 0.087890625 0.0234375
1 0.384765625 0.8173828125 0.0947265625 0.025390625
1 0.0283203125 0.232421875 0.0576171875 0.033203125
1 0.2568359375 0.921875 0.0302734375 0.076171875
1 0.26953125 0.8076171875 0.0341796875 0.0595703125
1 0.2568359375 0.9912109375 0.0693359375 0.0166015625
1 0.029296875 0.8623046875 0.0595703125 0.0263671875
1 0.1005859375 0.12109375 0.08984375 0.060546875
1 0.7763671875 0.9716796875 0.0419921875 0.0380859375
1 0.3916015625 0.4443359375 0.0439453125 0.033203125
1 0.802734375 0.4287109375 0.076171875 0.064453125
1 0.7841796875 0.8095703125 0.0927734375 0.033203125
1 0.8291015625 0.1103515625 0.0693359375 0.0380859375
1 0.4697265625 0.8330078125 0.0400390625 0.0322265625
1 0.2646484375 0.4228515625 0.0654296875 0.0302734375
