1 0.01171875 0.6923828125 0.0244140625 0.0966796875
1 0.1669921875 0.4970703125 0.0546875 0.1181640625
1 0.9365234375 0.10546875 0.0693359375 0.068359375
1 0.9619140625 0.302734375 0.056640625 0.0888671875
1 0.9072265625 0.283203125 0.0771484375 0.095703125
1 0.6953125 0.123046875 0.1025390625 0.0537109375
1 0.82421875 0.0703125 0.0830078125 0.0517578125
1 0.4521484375 0.6123046875 0.10546875 0.044921875
1 0.3994140625 0.1572265625 0.0869140625 0.041015625
1 0.060546875 0.6396484375 0.0927734375 0.0810546875
1 0.9833984375 0.6484375 0.02734375 0.083984375
1 0.5693359375 0.2666015625 0.1025390625 0.0400390625
1 0.283203125 0.8076171875 0.0693359375 0.0888671875
1 0.6328125 0.333984375 0.16015625 0.0546875
1 0.4658203125 0.771484375 0.087890625 0.056640625
1 0.6455078125 0.708984375 0.09765625 0.0439453125
1 0.2451171875 0.5048828125 0.09375 0.03125
1 0.466796875 0.3603515625 0.0849609375 0.048828125
1 0.4423828125 0.3818359375 0.0673828125 0.05078125
1 0.703125 0.185546875 0.033203125 0.08203125
1 0.166015625 0.6845703125 0.04296875 0.080078125
1 0.076171875 0.158203125 0.0986328125 0.0419921875
1 0.7529296875 0.22265625 0.02734375 0.1484375
1 0.4462890625 0.0732421875 0.083984375 0.0458984375
1 0.9423828125 0.6650390625 0.0244140625 0.0673828125
1 0.1005859375 0.375 0.09375 0.0546875
1 0.8515625 0.49609375 0.13671875 0.048828125
1 0.7548828125 0.453125 0.0615234375 0.037109375
1 0.8681640625 0.728515625 0.076171875 0.04296875
1 0.05859375 0.8076171875 0.1171875 0.052734375
1 0.6552734375 0.03125 0.04296875 0.0634765625
1 0.146484375 0.140625 0.0712890625 0.0615234375
1 0.5517578125 0.09375 0.0673828125 0.0263671875
1 0.7041015625 0.833984375 0.0625 0.0732421875
1 0.6220703125 0.8701171875 0.08203125 0.0693359375
1 0.7392578125 0.9140625 0.0546875 0.0283203125
1 0.7666015625 0.8623046875 0.0732421875 0.029296875
1 0.244140625 0.109375 0.0927734375 0.0634765625
1 0.26171875 0.7490234375 0.1015625 0.0517578125
1 0.1708984375 0.0263671875 0.0673828125 0.044921875
1 0.626953125 0.16015625 0.0693359375 0.0458984375
1 0.318359375 0.990234375 0.044921875 0.01953125
1 0.1494140625 0.890625 0.078125 0.0185546875
1 0.0859375 0.76953125 0.15234375 0.041015625
1 0.4736328125 0.59765625 0.064453125 0.04296875
1 0.716796875 0.7685546875 0.05859375 0.0546875
1 0.2109375 0.6328125 0.0478515625 0.0576171875
1 0.263671875 0.537109375 0.06640625 0.04296875
1 0.9794921875 0.0263671875 0.0361328125 0.052734375
1 0.443359375 0.8359375 0.068359375 0.029296875
1 0.6357421875 0.984375 0.1044921875 0.0244140625
1 0.267578125 0.1669921875 0.0732421875 0.01953125
1 0.0625 0.115234375 0.125 0.0732421875
1 0.470703125 0.7265625 0.0947265625 0.0205078125
1 0.845703125 0.365234375 0.0595703125 0.0458984375
1 0.890625 0.8642578125 0.041015625 0.0546875
1 0.0380859375 0.0078125 0.04296875 0.0166015625
1 0.9794921875 0.8583984375 0.0361328125 0.0361328125
1 0.2255859375 0.015625 0.0693359375 0.02734375
1 0.642578125 0.0595703125 0.046875 0.0361328125
1 0.90625 0.4287109375 0.0927734375 0.046875
1 0.8271484375 0.759765625 0.0556640625 0.0537109375
1 0.6142578125 0.763671875 0.06640625 0.0439453125
1 0.7626953125 0.83984375 0.0498046875 0.013671875
1 0.9873046875 0.2021484375 0.0244140625 0.0517578125
1 0.9755859375 0.25 0.048828125 0.04296875
1 0.06640625 0.087890625 0.0830078125 0.0498046875
1 0.244140625 0.12890625 0.103515625 0.0244140625
1 0.962890625 0.4296875 0.07421875 0.064453125
1 0.908203125 0.3740234375 0.08203125 0.0791015625
1 0.619140625 0.92578125 0.10546875 0.0556640625
1 0.697265625 0.9345703125 0.05859375 0.0654296875
1 0.4443359375 0.5634765625 0.095703125 0.060546875
1 0.8818359375 0.9912109375 0.0654296875 0.0166015625
1 0.7685546875 0.9873046875 0.064453125 0.0244140625
