1 0.982421875 0.0244140625 0.0341796875 0.048828125
1 0.970703125 0.0498046875 0.0576171875 0.0556640625
1 0.736328125 0.0224609375 0.0576171875 0.044921875
1 0.7919921875 0.03515625 0.0693359375 0.0712890625
1 0.734375 0.201171875 0.0693359375 0.07421875
1 0.8291015625 0.275390625 0.076171875 0.091796875
1 0.970703125 0.4228515625 0.0576171875 0.060546875
1 0.9052734375 0.451171875 0.07421875 0.0615234375
1 0.919921875 0.5009765625 0.10546875 0.064453125
1 0.93359375 0.8798828125 0.08203125 0.0810546875
1 0.88671875 0.94921875 0.0791015625 0.0908203125
1 0.8193359375 0.9736328125 0.080078125 0.052734375
1 0.4482421875 0.0087890625 0.068359375 0.0185546875
1 0.4677734375 0.068359375 0.07421875 0.0595703125
1 0.4951171875 0.123046875 0.060546875 0.060546875
1 0.1328125 0.3798828125 0.0673828125 0.1015625
1 0.560546875 0.5341796875 0.0771484375 0.0712890625
1 0.6845703125 0.47265625 0.0625 0.0634765625
1 0.0498046875 0.3994140625 0.0791015625 0.056640625
1 0.0576171875 0.49609375 0.11328125 0.08203125
1 0.18359375 0.7412109375 0.087890625 0.0771484375
1 0.080078125 0.775390625 0.0830078125 0.076171875
1 0.28515625 0.921875 0.0751953125 0.0693359375
1 0.283203125 0.9794921875 0.0830078125 0.041015625
1 0.1875 0.916015625 0.0576171875 0.0556640625
1 0.142578125 0.89453125 0.0546875 0.078125
1 0.216796875 0.802734375 0.0634765625 0.0478515625
1 0.2490234375 0.3740234375 0.0712890625 0.09765625
1 0.708984375 0.3447265625 0.0625 0.07421875
1 0.470703125 0.4091796875 0.0673828125 0.0537109375
1 0.947265625 0.400390625 0.064453125 0.07421875
1 0.8720703125 0.1142578125 0.080078125 0.0703125
1 0.7705078125 0.9521484375 0.0751953125 0.076171875
1 0.0283203125 0.9560546875 0.0576171875 0.0810546875
1 0.93359375 0.5478515625 0.0771484375 0.0595703125
1 0.92578125 0.890625 0.06640625 0.080078125
