1 0.5234375 0.2353515625 0.09765625 0.0673828125
1 0.3896484375 0.0224609375 0.0703125 0.044921875
1 0.8359375 0.3798828125 0.248046875 0.1025390625
1 0.7666015625 0.9052734375 0.1748046875 0.1220703125
1 0.4794921875 0.0859375 0.0703125 0.078125
1 0.4658203125 0.7841796875 0.11328125 0.0947265625
1 0.484375 0.8876953125 0.109375 0.0732421875
1 0.126953125 0.591796875 0.07421875 0.115234375
1 0.0810546875 0.26171875 0.072265625 0.0869140625
1 0.6630859375 0.8896484375 0.08203125 0.109375
1 0.62109375 0.734375 0.0849609375 0.189453125
1 0.576171875 0.33984375 0.0625 0.0703125
1 0.720703125 0.568359375 0.1025390625 0.11328125
1 0.068359375 0.6630859375 0.1171875 0.087890625
1 0.125 0.837890625 0.1728515625 0.1376953125
1 0.4990234375 0.400390625 0.0791015625 0.2275390625
1 0.0869140625 0.41796875 0.1748046875 0.1083984375
1 0.775390625 0.2109375 0.1123046875 0.107421875
1 0.9765625 0.0986328125 0.0458984375 0.107421875
1 0.884765625 0.0537109375 0.23046875 0.107421875
1 0.6572265625 0.61328125 0.1953125 0.27734375
1 0.5302734375 0.158203125 0.1630859375 0.072265625
1 0.443359375 0.2705078125 0.142578125 0.1572265625
1 0.0712890625 0.015625 0.1396484375 0.0322265625
1 0.443359375 0.158203125 0.09765625 0.08203125
1 0.697265625 0.740234375 0.080078125 0.1025390625
1 0.7685546875 0.1630859375 0.142578125 0.0927734375
1 0.548828125 0.08203125 0.0654296875 0.134765625
1 0.419921875 0.6943359375 0.08984375 0.08984375
1 0.91796875 0.5234375 0.0634765625 0.0634765625
1 0.7646484375 0.1005859375 0.3046875 0.087890625
1 0.9697265625 0.7421875 0.060546875 0.099609375
1 0.921875 0.28515625 0.0546875 0.0771484375
1 0.2958984375 0.7412109375 0.22265625 0.0849609375
1 0.2578125 0.7822265625 0.162109375 0.123046875
1 0.376953125 0.7080078125 0.10546875 0.0830078125
1 0.5693359375 0.15625 0.0703125 0.0625
1 0.0322265625 0.58203125 0.060546875 0.07421875
1 0.1904296875 0.82421875 0.177734375 0.21484375
1 0.470703125 0.9765625 0.1005859375 0.046875
1 0.51171875 0.9306640625 0.064453125 0.1376953125
1 0.646484375 0.5830078125 0.1103515625 0.072265625
1 0.466796875 0.4658203125 0.0654296875 0.197265625
1 0.5078125 0.4716796875 0.1669921875 0.1845703125
1 0.810546875 0.1376953125 0.072265625 0.0576171875
