1 0.2607421875 0.1806640625 0.107421875 0.0947265625
1 0.423828125 0.0361328125 0.0830078125 0.0634765625
1 0.5126953125 0.0712890625 0.146484375 0.072265625
1 0.3212890625 0.291015625 0.07421875 0.0654296875
1 0.3515625 0.25390625 0.060546875 0.0615234375
1 0.232421875 0.2685546875 0.05859375 0.0654296875
1 0.275390625 0.3603515625 0.0869140625 0.0693359375
1 0.7529296875 0.2646484375 0.0859375 0.0869140625
1 0.828125 0.224609375 0.078125 0.10546875
1 0.642578125 0.310546875 0.068359375 0.0712890625
1 0.8916015625 0.03125 0.0751953125 0.0615234375
1 0.833984375 0.0478515625 0.0673828125 0.0654296875
1 0.369140625 0.634765625 0.1025390625 0.095703125
1 0.556640625 0.609375 0.1044921875 0.072265625
1 0.20703125 0.7412109375 0.0751953125 0.1181640625
1 0.4384765625 0.6875 0.0810546875 0.072265625
1 0.5693359375 0.6845703125 0.0732421875 0.0927734375
1 0.818359375 0.6025390625 0.0771484375 0.0712890625
1 0.9736328125 0.3603515625 0.052734375 0.0810546875
1 0.931640625 0.7177734375 0.0791015625 0.0927734375
1 0.57421875 0.830078125 0.0556640625 0.0693359375
1 0.4384765625 0.875 0.1025390625 0.083984375
1 0.3310546875 0.880859375 0.064453125 0.0693359375
1 0.2666015625 0.7744140625 0.064453125 0.0947265625
1 0.7119140625 0.943359375 0.1142578125 0.06640625
1 0.8134765625 0.9423828125 0.0751953125 0.06640625
1 0.8427734375 0.8583984375 0.0625 0.0771484375
1 0.9072265625 0.876953125 0.0732421875 0.068359375
1 0.025390625 0.2294921875 0.0517578125 0.0888671875
1 0.4892578125 0.376953125 0.091796875 0.0859375
1 0.658203125 0.2587890625 0.08984375 0.0703125
1 0.0166015625 0.3037109375 0.03125 0.0498046875
1 0.1943359375 0.2998046875 0.0712890625 0.0615234375
1 0.3994140625 0.283203125 0.0498046875 0.052734375
1 0.783203125 0.3642578125 0.03515625 0.0390625
1 0.384765625 0.7373046875 0.0458984375 0.0390625
1 0.228515625 0.8193359375 0.0869140625 0.0498046875
1 0.650390625 0.451171875 0.0390625 0.04296875
1 0.66015625 0.8125 0.0400390625 0.0380859375
1 0.9853515625 0.7958984375 0.029296875 0.0439453125
1 0.9736328125 0.921875 0.0439453125 0.046875
1 0.9716796875 0.9716796875 0.0478515625 0.0458984375
