1 0.65625 0.55859375 0.0693359375 0.09765625
1 0.03515625 0.111328125 0.06640625 0.0908203125
1 0.8603515625 0.7509765625 0.0673828125 0.0712890625
1 0.060546875 0.564453125 0.12109375 0.083984375
1 0.5263671875 0.5263671875 0.130859375 0.078125
1 0.9091796875 0.1806640625 0.06640625 0.095703125
1 0.3623046875 0.26953125 0.0947265625 0.07421875
1 0.9541015625 0.8193359375 0.060546875 0.087890625
1 0.4013671875 0.763671875 0.091796875 0.078125
1 0.474609375 0.19140625 0.080078125 0.095703125
1 0.3974609375 0.9541015625 0.0634765625 0.0732421875
1 0.82421875 0.892578125 0.109375 0.1005859375
1 0.6650390625 0.4755859375 0.080078125 0.0859375
1 0.21484375 0.8056640625 0.08203125 0.0693359375
1 0.5107421875 0.765625 0.09765625 0.056640625
1 0.1796875 0.1953125 0.0869140625 0.0771484375
1 0.6083984375 0.86328125 0.134765625 0.0830078125
1 0.779296875 0.5869140625 0.080078125 0.0751953125
1 0.7333984375 0.19140625 0.064453125 0.060546875
1 0.4287109375 0.478515625 0.095703125 0.05859375
1 0.25390625 0.4658203125 0.083984375 0.060546875
1 0.599609375 0.896484375 0.0966796875 0.0615234375
1 0.033203125 0.205078125 0.0673828125 0.07421875
1 0.2685546875 0.4169921875 0.0810546875 0.080078125
1 0.7509765625 0.6669921875 0.1083984375 0.06640625
1 0.970703125 0.7607421875 0.0576171875 0.05859375
1 0.9326171875 0.923828125 0.0673828125 0.0576171875
1 0.2314453125 0.1845703125 0.103515625 0.0908203125
1 0.6865234375 0.6767578125 0.072265625 0.064453125
1 0.2041015625 0.8798828125 0.0771484375 0.0703125
1 0.0283203125 0.63671875 0.0576171875 0.0615234375
1 0.23046875 0.1259765625 0.0576171875 0.064453125
1 0.982421875 0.03515625 0.03515625 0.0712890625
1 0.8564453125 0.28515625 0.0849609375 0.0498046875
1 0.8388671875 0.333984375 0.064453125 0.06640625
1 0.974609375 0.8193359375 0.0498046875 0.0859375
1 0.400390625 0.1962890625 0.0888671875 0.091796875
1 0.4658203125 0.57421875 0.0693359375 0.037109375
1 0.9140625 0.5078125 0.095703125 0.0888671875
1 0.3056640625 0.1806640625 0.1064453125 0.0400390625
1 0.9404296875 0.615234375 0.11328125 0.0693359375
1 0.0234375 0.244140625 0.046875 0.0869140625
1 0.189453125 0.2353515625 0.08203125 0.0400390625
1 0.423828125 0.265625 0.0849609375 0.12109375
1 0.2705078125 0.5966796875 0.107421875 0.0771484375
1 0.2841796875 0.3525390625 0.1083984375 0.060546875
1 0.9482421875 0.5673828125 0.0400390625 0.07421875
1 0.5810546875 0.1845703125 0.0791015625 0.0517578125
1 0.2626953125 0.875 0.0498046875 0.033203125
1 0.24609375 0.103515625 0.0693359375 0.05859375
1 0.0224609375 0.375 0.044921875 0.0498046875
1 0.869140625 0.3095703125 0.0732421875 0.0400390625
1 0.7275390625 0.947265625 0.0673828125 0.0400390625
1 0.80859375 0.6689453125 0.05078125 0.0498046875
1 0.859375 0.609375 0.0859375 0.0498046875
1 0.15234375 0.9765625 0.1279296875 0.046875
1 0.0205078125 0.4873046875 0.041015625 0.04296875
1 0.6728515625 0.9892578125 0.0380859375 0.021484375
1 0.0224609375 0.3408203125 0.044921875 0.048828125
1 0.0634765625 0.962890625 0.04296875 0.0322265625
1 0.0791015625 0.0126953125 0.033203125 0.0263671875
1 0.03515625 0.8701171875 0.0703125 0.048828125
1 0.052734375 0.9052734375 0.044921875 0.025390625
1 0.015625 0.7841796875 0.03125 0.0166015625
1 0.0146484375 0.6875 0.0302734375 0.0439453125
1 0.4794921875 0.7275390625 0.0595703125 0.02734375
1 0.015625 0.2939453125 0.0322265625 0.068359375
1 0.8271484375 0.8740234375 0.1064453125 0.11328125
1 0.94921875 0.5888671875 0.0830078125 0.05859375
1 0.2265625 0.265625 0.0869140625 0.0810546875
