1 0.16796875 0.03125 0.263671875 0.0625
1 0.2763671875 0.1953125 0.115234375 0.115234375
1 0.435546875 0.228515625 0.1552734375 0.0732421875
1 0.685546875 0.0888671875 0.140625 0.08984375
1 0.5947265625 0.0234375 0.140625 0.0478515625
1 0.40234375 0.037109375 0.0556640625 0.0634765625
1 0.4873046875 0.103515625 0.14453125 0.0849609375
1 0.552734375 0.1591796875 0.2080078125 0.072265625
1 0.8203125 0.1650390625 0.0703125 0.0615234375
1 0.8759765625 0.23828125 0.0771484375 0.0927734375
1 0.8984375 0.1298828125 0.08203125 0.0703125
1 0.9306640625 0.0498046875 0.0625 0.083984375
1 0.78125 0.298828125 0.060546875 0.060546875
1 0.5556640625 0.2255859375 0.0693359375 0.0498046875
1 0.5263671875 0.7470703125 0.0927734375 0.0927734375
1 0.7041015625 0.732421875 0.0869140625 0.0810546875
1 0.7333984375 0.6328125 0.0830078125 0.1123046875
1 0.865234375 0.712890625 0.10546875 0.0751953125
1 0.8203125 0.6298828125 0.0693359375 0.0703125
1 0.9501953125 0.5849609375 0.0986328125 0.1044921875
1 0.974609375 0.7744140625 0.05078125 0.0693359375
1 0.90625 0.830078125 0.0908203125 0.08203125
1 0.8876953125 0.9033203125 0.0859375 0.0830078125
1 0.5986328125 0.3056640625 0.0634765625 0.0751953125
1 0.515625 0.3671875 0.076171875 0.0927734375
1 0.5556640625 0.443359375 0.0751953125 0.1650390625
1 0.4091796875 0.4833984375 0.068359375 0.0810546875
1 0.302734375 0.447265625 0.1025390625 0.0986328125
1 0.1611328125 0.6943359375 0.1005859375 0.115234375
1 0.03515625 0.7783203125 0.0703125 0.0771484375
1 0.0703125 0.845703125 0.12109375 0.1005859375
1 0.4267578125 0.8837890625 0.1513671875 0.232421875
1 0.3330078125 0.943359375 0.095703125 0.1123046875
1 0.029296875 0.6767578125 0.05859375 0.0859375
1 0.068359375 0.451171875 0.091796875 0.064453125
1 0.330078125 0.5107421875 0.103515625 0.076171875
1 0.7958984375 0.1435546875 0.10546875 0.072265625
1 0.705078125 0.1943359375 0.115234375 0.0830078125
1 0.8203125 0.27734375 0.072265625 0.064453125
