1 0.4443359375 0.3681640625 0.05859375 0.0810546875
1 0.37890625 0.373046875 0.060546875 0.0634765625
1 0.3740234375 0.294921875 0.0703125 0.09375
1 0.259765625 0.20703125 0.0908203125 0.1298828125
1 0.28125 0.0615234375 0.0771484375 0.1240234375
1 0.3662109375 0.080078125 0.0693359375 0.1611328125
1 0.525390625 0.046875 0.05859375 0.09375
1 0.57421875 0.0927734375 0.119140625 0.091796875
1 0.7158203125 0.09375 0.150390625 0.134765625
1 0.728515625 0.193359375 0.109375 0.072265625
1 0.7216796875 0.314453125 0.068359375 0.138671875
1 0.673828125 0.34765625 0.064453125 0.0888671875
1 0.634765625 0.2431640625 0.080078125 0.091796875
1 0.8154296875 0.169921875 0.091796875 0.1103515625
1 0.857421875 0.130859375 0.056640625 0.087890625
1 0.912109375 0.0244140625 0.0732421875 0.048828125
1 0.0546875 0.041015625 0.0771484375 0.0830078125
1 0.05078125 0.25390625 0.072265625 0.1591796875
1 0.12890625 0.4384765625 0.1357421875 0.12109375
1 0.1416015625 0.55078125 0.0947265625 0.166015625
1 0.3037109375 0.6259765625 0.1064453125 0.1494140625
1 0.314453125 0.53515625 0.0615234375 0.1748046875
1 0.375 0.494140625 0.044921875 0.1357421875
1 0.45703125 0.607421875 0.091796875 0.11328125
1 0.505859375 0.44140625 0.0791015625 0.0517578125
1 0.59765625 0.470703125 0.0654296875 0.2041015625
1 0.5576171875 0.6064453125 0.0595703125 0.1474609375
1 0.765625 0.5419921875 0.125 0.12109375
1 0.7421875 0.5986328125 0.083984375 0.0654296875
1 0.7509765625 0.6611328125 0.1181640625 0.0830078125
1 0.6943359375 0.76953125 0.1298828125 0.0888671875
1 0.6611328125 0.8173828125 0.1435546875 0.103515625
1 0.9716796875 0.48046875 0.0478515625 0.234375
1 0.9482421875 0.2861328125 0.0673828125 0.0546875
1 0.9775390625 0.634765625 0.0439453125 0.064453125
1 0.9658203125 0.7685546875 0.0673828125 0.09375
1 0.974609375 0.908203125 0.05078125 0.0712890625
1 0.4140625 0.783203125 0.046875 0.0517578125
1 0.4697265625 0.7783203125 0.05078125 0.0537109375
1 0.505859375 0.8759765625 0.0810546875 0.0986328125
1 0.4775390625 0.974609375 0.0654296875 0.05078125
1 0.5732421875 0.9345703125 0.0712890625 0.1298828125
1 0.6201171875 0.935546875 0.0634765625 0.12890625
1 0.6015625 0.9609375 0.0546875 0.078125
1 0.1943359375 0.8486328125 0.1005859375 0.109375
1 0.296875 0.765625 0.11328125 0.103515625
1 0.0498046875 0.765625 0.0517578125 0.080078125
1 0.052734375 0.8603515625 0.10546875 0.05859375
1 0.021484375 0.943359375 0.04296875 0.0966796875
1 0.205078125 0.9248046875 0.076171875 0.046875
1 0.0126953125 0.7119140625 0.025390625 0.072265625
1 0.01953125 0.431640625 0.0400390625 0.0859375
1 0.322265625 0.431640625 0.0576171875 0.12109375
1 0.2490234375 0.4716796875 0.107421875 0.091796875
1 0.64453125 0.708984375 0.0693359375 0.0556640625
