1 0.8984375 0.6083984375 0.0625 0.091796875
1 0.0595703125 0.955078125 0.119140625 0.0888671875
1 0.64453125 0.2021484375 0.080078125 0.0654296875
1 0.767578125 0.1806640625 0.0693359375 0.080078125
1 0.990234375 0.2998046875 0.01953125 0.08984375
1 0.763671875 0.455078125 0.078125 0.0947265625
1 0.60546875 0.146484375 0.0927734375 0.0908203125
1 0.2060546875 0.0205078125 0.0703125 0.041015625
1 0.974609375 0.431640625 0.0498046875 0.0966796875
1 0.177734375 0.56640625 0.1240234375 0.1201171875
1 0.8330078125 0.724609375 0.064453125 0.1015625
1 0.3818359375 0.5927734375 0.1572265625 0.1083984375
1 0.2607421875 0.775390625 0.0849609375 0.095703125
1 0.853515625 0.1005859375 0.1513671875 0.185546875
1 0.048828125 0.9013671875 0.09765625 0.0771484375
1 0.162109375 0.927734375 0.0625 0.1064453125
1 0.8544921875 0.9853515625 0.0771484375 0.029296875
1 0.97265625 0.875 0.0537109375 0.1328125
1 0.921875 0.9619140625 0.056640625 0.0751953125
1 0.8798828125 0.8203125 0.0830078125 0.0771484375
1 0.849609375 0.9013671875 0.0576171875 0.1005859375
1 0.9013671875 0.728515625 0.064453125 0.0517578125
1 0.9765625 0.6650390625 0.046875 0.0849609375
1 0.98046875 0.6103515625 0.0390625 0.06640625
1 0.892578125 0.48828125 0.076171875 0.0595703125
1 0.7685546875 0.38671875 0.08984375 0.0830078125
1 0.86328125 0.404296875 0.05859375 0.056640625
1 0.74609375 0.5810546875 0.0693359375 0.0498046875
1 0.0283203125 0.671875 0.056640625 0.0615234375
1 0.0185546875 0.7265625 0.0380859375 0.046875
1 0.0283203125 0.5859375 0.056640625 0.0546875
1 0.025390625 0.6044921875 0.05078125 0.0458984375
1 0.8955078125 0.234375 0.0537109375 0.0927734375
1 0.8173828125 0.228515625 0.080078125 0.06640625
1 0.9150390625 0.0869140625 0.080078125 0.1748046875
1 0.96875 0.185546875 0.0615234375 0.1015625
1 0.2646484375 0.4501953125 0.1064453125 0.0478515625
