1 0.9765625 0.13671875 0.0458984375 0.0859375
1 0.298828125 0.095703125 0.0693359375 0.087890625
1 0.671875 0.2294921875 0.1103515625 0.0859375
1 0.337890625 0.4580078125 0.087890625 0.0869140625
1 0.9365234375 0.9521484375 0.0830078125 0.0615234375
1 0.9033203125 0.12890625 0.109375 0.1015625
1 0.123046875 0.3759765625 0.091796875 0.0693359375
1 0.5849609375 0.396484375 0.115234375 0.10546875
1 0.8349609375 0.3056640625 0.0830078125 0.0908203125
1 0.947265625 0.4580078125 0.0986328125 0.07421875
1 0.2421875 0.1328125 0.125 0.08984375
1 0.1953125 0.7646484375 0.1318359375 0.0693359375
1 0.0654296875 0.7705078125 0.126953125 0.10546875
1 0.220703125 0.5224609375 0.130859375 0.0576171875
1 0.38671875 0.1904296875 0.0986328125 0.1220703125
1 0.2958984375 0.2958984375 0.0888671875 0.0654296875
1 0.2958984375 0.958984375 0.0888671875 0.0771484375
1 0.0498046875 0.4501953125 0.099609375 0.05078125
1 0.951171875 0.37890625 0.0966796875 0.068359375
1 0.3193359375 0.7412109375 0.0986328125 0.083984375
1 0.93359375 0.84375 0.0859375 0.0732421875
1 0.099609375 0.169921875 0.1103515625 0.0751953125
1 0.57421875 0.9716796875 0.08203125 0.0458984375
1 0.310546875 0.037109375 0.091796875 0.07421875
1 0.15234375 0.130859375 0.0986328125 0.0771484375
1 0.9580078125 0.765625 0.0693359375 0.0634765625
1 0.2119140625 0.916015625 0.083984375 0.0810546875
1 0.6904296875 0.90234375 0.083984375 0.064453125
1 0.2841796875 0.224609375 0.10546875 0.125
1 0.0908203125 0.197265625 0.091796875 0.1025390625
1 0.451171875 0.1611328125 0.072265625 0.0576171875
1 0.8369140625 0.7900390625 0.1181640625 0.0576171875
1 0.8984375 0.5595703125 0.0966796875 0.08984375
1 0.5517578125 0.689453125 0.0751953125 0.0458984375
1 0.462890625 0.2109375 0.107421875 0.119140625
1 0.5263671875 0.767578125 0.1240234375 0.0830078125
1 0.8271484375 0.65234375 0.0927734375 0.04296875
1 0.921875 0.0234375 0.0478515625 0.0478515625
1 0.1328125 0.4384765625 0.119140625 0.080078125
1 0.4912109375 0.5146484375 0.09375 0.0546875
1 0.50390625 0.1171875 0.1455078125 0.076171875
1 0.404296875 0.56640625 0.1103515625 0.0537109375
1 0.07421875 0.609375 0.1484375 0.0458984375
1 0.443359375 0.048828125 0.125 0.080078125
1 0.2529296875 0.87109375 0.0888671875 0.0966796875
1 0.8046875 0.4423828125 0.0732421875 0.064453125
1 0.7353515625 0.1005859375 0.05859375 0.0439453125
1 0.779296875 0.5107421875 0.0771484375 0.060546875
1 0.81640625 0.9521484375 0.126953125 0.0947265625
1 0.8828125 0.4541015625 0.0908203125 0.0595703125
1 0.556640625 0.75390625 0.06640625 0.0546875
1 0.490234375 0.62109375 0.072265625 0.05078125
1 0.27734375 0.640625 0.1171875 0.052734375
1 0.90234375 0.6328125 0.056640625 0.029296875
1 0.9560546875 0.8271484375 0.0869140625 0.068359375
1 0.8427734375 0.916015625 0.091796875 0.0380859375
1 0.0869140625 0.7509765625 0.1044921875 0.0693359375
1 0.43359375 0.9169921875 0.1162109375 0.056640625
1 0.5625 0.302734375 0.091796875 0.0703125
1 0.87890625 0.7236328125 0.044921875 0.123046875
1 0.7802734375 0.576171875 0.0703125 0.052734375
1 0.7890625 0.3662109375 0.099609375 0.041015625
1 0.8251953125 0.5400390625 0.0947265625 0.0625
1 0.6767578125 0.958984375 0.0595703125 0.0673828125
1 0.0234375 0.6904296875 0.046875 0.0751953125
1 0.638671875 0.021484375 0.0615234375 0.0439453125
1 0.2294921875 0.0244140625 0.0458984375 0.048828125
1 0.98046875 0.025390625 0.0390625 0.048828125
1 0.958984375 0.4365234375 0.08203125 0.091796875
1 0.22265625 0.80078125 0.078125 0.048828125
1 0.0224609375 0.033203125 0.0458984375 0.0517578125
1 0.0859375 0.8623046875 0.080078125 0.080078125
1 0.03125 0.8603515625 0.0634765625 0.0458984375
1 0.7958984375 0.3681640625 0.1044921875 0.10546875
1 0.5634765625 0.1826171875 0.107421875 0.1083984375
1 0.02734375 0.5751953125 0.052734375 0.0263671875
1 0.01953125 0.1611328125 0.037109375 0.0517578125
1 0.810546875 0.4287109375 0.126953125 0.044921875
1 0.91796875 0.6005859375 0.044921875 0.0458984375
1 0.517578125 0.8896484375 0.087890625 0.0576171875
1 0.2021484375 0.724609375 0.091796875 0.0869140625
1 0.0234375 0.8037109375 0.046875 0.046875
1 0.19140625 0.5068359375 0.103515625 0.111328125
1 0.7392578125 0.8994140625 0.0751953125 0.0576171875
