1 0.8671875 0.3203125 0.138671875 0.0859375
1 0.84765625 0.35546875 0.05078125 0.041015625
1 0.7431640625 0.322265625 0.0556640625 0.05078125
1 0.685546875 0.25390625 0.0859375 0.0546875
1 0.662109375 0.212890625 0.046875 0.03515625
1 0.6259765625 0.1943359375 0.0546875 0.0595703125
1 0.5830078125 0.2021484375 0.0576171875 0.0693359375
1 0.626953125 0.2744140625 0.0712890625 0.068359375
1 0.73828125 0.115234375 0.037109375 0.072265625
1 0.875 0.177734375 0.0791015625 0.095703125
1 0.8916015625 0.1396484375 0.0849609375 0.091796875
1 0.9521484375 0.0859375 0.0693359375 0.099609375
1 0.96484375 0.22265625 0.0439453125 0.05078125
1 0.4443359375 0.224609375 0.0732421875 0.0986328125
1 0.404296875 0.26953125 0.05078125 0.0810546875
1 0.361328125 0.228515625 0.0615234375 0.0625
1 0.326171875 0.1396484375 0.0634765625 0.0986328125
1 0.2685546875 0.107421875 0.0791015625 0.0546875
1 0.2451171875 0.0419921875 0.05078125 0.060546875
1 0.3837890625 0.0166015625 0.0546875 0.033203125
1 0.134765625 0.072265625 0.123046875 0.1328125
1 0.2041015625 0.18359375 0.1376953125 0.0634765625
1 0.1318359375 0.19140625 0.1494140625 0.1123046875
1 0.287109375 0.271484375 0.10546875 0.0703125
1 0.3876953125 0.390625 0.087890625 0.056640625
1 0.080078125 0.287109375 0.16015625 0.0732421875
1 0.212890625 0.484375 0.052734375 0.0810546875
1 0.0654296875 0.453125 0.1025390625 0.0830078125
1 0.0673828125 0.5224609375 0.111328125 0.091796875
1 0.224609375 0.623046875 0.091796875 0.0595703125
1 0.3037109375 0.5966796875 0.12109375 0.060546875
1 0.3349609375 0.5478515625 0.0673828125 0.076171875
1 0.400390625 0.5615234375 0.078125 0.0498046875
1 0.396484375 0.517578125 0.0625 0.04296875
1 0.521484375 0.56640625 0.1181640625 0.0712890625
1 0.56640625 0.50390625 0.0595703125 0.0537109375
1 0.484375 0.5205078125 0.0751953125 0.0498046875
1 0.712890625 0.5625 0.0546875 0.0693359375
1 0.759765625 0.55078125 0.0615234375 0.080078125
1 0.8583984375 0.5830078125 0.0625 0.087890625
1 0.771484375 0.607421875 0.08203125 0.060546875
1 0.732421875 0.6220703125 0.0546875 0.056640625
1 0.2109375 0.744140625 0.1005859375 0.0576171875
1 0.109375 0.712890625 0.0810546875 0.046875
1 0.0576171875 0.759765625 0.037109375 0.041015625
1 0.029296875 0.654296875 0.05859375 0.052734375
1 0.060546875 0.646484375 0.0703125 0.0478515625
1 0.04296875 0.58984375 0.0859375 0.046875
1 0.142578125 0.92578125 0.0537109375 0.0947265625
1 0.478515625 0.81640625 0.0830078125 0.0380859375
1 0.5234375 0.8349609375 0.0537109375 0.056640625
1 0.3671875 0.8125 0.0830078125 0.0478515625
1 0.3798828125 0.71875 0.0400390625 0.037109375
1 0.283203125 0.6923828125 0.12109375 0.0654296875
1 0.322265625 0.6650390625 0.0625 0.033203125
1 0.3740234375 0.6787109375 0.060546875 0.0439453125
1 0.423828125 0.6533203125 0.0849609375 0.0654296875
1 0.53125 0.6669921875 0.046875 0.0439453125
1 0.603515625 0.671875 0.048828125 0.0458984375
1 0.62890625 0.7529296875 0.076171875 0.0517578125
1 0.5 0.7158203125 0.0556640625 0.046875
1 0.8115234375 0.6953125 0.0625 0.0556640625
1 0.8896484375 0.7158203125 0.07421875 0.0556640625
1 0.865234375 0.7470703125 0.0849609375 0.0458984375
1 0.8916015625 0.7822265625 0.1123046875 0.0400390625
1 0.7529296875 0.8193359375 0.0771484375 0.0576171875
1 0.7314453125 0.92578125 0.052734375 0.0595703125
1 0.6611328125 0.982421875 0.0625 0.0341796875
1 0.84375 0.8603515625 0.0478515625 0.05859375
1 0.79296875 0.87890625 0.0615234375 0.080078125
1 0.8662109375 0.9619140625 0.0478515625 0.0576171875
1 0.90234375 0.9697265625 0.0390625 0.05859375
1 0.8515625 0.912109375 0.0537109375 0.0498046875
1 0.91015625 0.876953125 0.0546875 0.0625
1 0.9775390625 0.9326171875 0.0439453125 0.0478515625
1 0.9775390625 0.8076171875 0.044921875 0.0625
1 0.1123046875 0.392578125 0.0693359375 0.0517578125
1 0.4521484375 0.7333984375 0.0341796875 0.02734375
1 0.6494140625 0.779296875 0.0361328125 0.0341796875
1 0.5732421875 0.703125 0.052734375 0.0341796875
1 0.4453125 0.416015625 0.041015625 0.025390625
1 0.947265625 0.5712890625 0.0419921875 0.076171875
1 0.9736328125 0.5986328125 0.052734375 0.0537109375
1 0.8076171875 0.986328125 0.078125 0.0263671875
1 0.3125 0.5625 0.044921875 0.05859375
1 0.423828125 0.703125 0.046875 0.0302734375
1 0.90625 0.814453125 0.0458984375 0.0517578125
1 0.9013671875 0.69140625 0.04296875 0.0390625
1 0.578125 0.26171875 0.076171875 0.09375
1 0.44921875 0.3173828125 0.0263671875 0.02734375
1 0.7080078125 0.298828125 0.0517578125 0.05859375
1 0.4443359375 0.521484375 0.0439453125 0.0537109375
1 0.6611328125 0.2607421875 0.0458984375 0.0390625
1 0.12109375 0.7021484375 0.0673828125 0.0302734375
1 0.8125 0.8876953125 0.05859375 0.037109375
