1 0.013671875 0.0361328125 0.0283203125 0.072265625
1 0.2548828125 0.0751953125 0.0732421875 0.046875
1 0.302734375 0.1708984375 0.083984375 0.0751953125
1 0.3359375 0.369140625 0.0810546875 0.095703125
1 0.3642578125 0.224609375 0.0703125 0.080078125
1 0.470703125 0.142578125 0.0859375 0.1220703125
1 0.212890625 0.423828125 0.05859375 0.0556640625
1 0.037109375 0.58203125 0.07421875 0.0732421875
1 0.208984375 0.5 0.0498046875 0.0751953125
1 0.2294921875 0.544921875 0.0751953125 0.07421875
1 0.3251953125 0.6630859375 0.0673828125 0.1103515625
1 0.390625 0.794921875 0.0712890625 0.169921875
1 0.2802734375 0.6181640625 0.0458984375 0.056640625
1 0.3017578125 0.474609375 0.0458984375 0.0791015625
1 0.267578125 0.8916015625 0.0546875 0.083984375
1 0.1201171875 0.8154296875 0.072265625 0.068359375
1 0.51171875 0.9248046875 0.1044921875 0.0927734375
1 0.64453125 0.9580078125 0.0791015625 0.0830078125
1 0.3291015625 0.0185546875 0.06640625 0.037109375
1 0.7490234375 0.0927734375 0.05078125 0.099609375
1 0.78515625 0.0693359375 0.0556640625 0.064453125
1 0.9404296875 0.177734375 0.0830078125 0.0556640625
1 0.9677734375 0.0712890625 0.0634765625 0.091796875
1 0.990234375 0.2421875 0.01953125 0.08203125
1 0.8544921875 0.337890625 0.06640625 0.087890625
1 0.7685546875 0.3076171875 0.068359375 0.0849609375
1 0.693359375 0.318359375 0.0947265625 0.09765625
1 0.6943359375 0.4453125 0.095703125 0.064453125
1 0.8798828125 0.4697265625 0.0751953125 0.0732421875
1 0.734375 0.5361328125 0.1103515625 0.0693359375
1 0.5810546875 0.7294921875 0.0615234375 0.0625
1 0.6767578125 0.734375 0.1015625 0.12109375
1 0.8623046875 0.6923828125 0.07421875 0.162109375
1 0.9794921875 0.8466796875 0.041015625 0.0732421875
1 0.796875 0.9375 0.080078125 0.1025390625
1 0.9111328125 0.96875 0.0654296875 0.0615234375
1 0.861328125 0.5283203125 0.0517578125 0.046875
1 0.6005859375 0.4248046875 0.0849609375 0.080078125
