1 0.0244140625 0.9345703125 0.0498046875 0.0771484375
1 0.2353515625 0.955078125 0.0771484375 0.08203125
1 0.1103515625 0.7744140625 0.150390625 0.1064453125
1 0.970703125 0.9638671875 0.05859375 0.0712890625
1 0.6259765625 0.884765625 0.0771484375 0.060546875
1 0.765625 0.9365234375 0.169921875 0.0771484375
1 0.61328125 0.65234375 0.0654296875 0.0859375
1 0.501953125 0.6689453125 0.10546875 0.1005859375
1 0.3798828125 0.5166015625 0.1025390625 0.08203125
1 0.0146484375 0.5126953125 0.029296875 0.119140625
1 0.47265625 0.2607421875 0.119140625 0.08203125
1 0.521484375 0.1494140625 0.1240234375 0.068359375
1 0.22265625 0.0517578125 0.244140625 0.0712890625
1 0.0869140625 0.1162109375 0.173828125 0.0517578125
1 0.0146484375 0.02734375 0.029296875 0.0546875
1 0.7314453125 0.2451171875 0.0830078125 0.06640625
1 0.876953125 0.1513671875 0.0986328125 0.0771484375
1 0.83984375 0.6474609375 0.0947265625 0.0947265625
1 0.767578125 0.5908203125 0.080078125 0.0830078125
1 0.75 0.7548828125 0.1162109375 0.07421875
1 0.7587890625 0.7060546875 0.07421875 0.04296875
1 0.962890625 0.85546875 0.0732421875 0.1181640625
1 0.9560546875 0.033203125 0.072265625 0.0673828125
1 0.703125 0.4814453125 0.1064453125 0.083984375
1 0.9833984375 0.15625 0.0322265625 0.109375
1 0.5478515625 0.79296875 0.1005859375 0.078125
1 0.7109375 0.49609375 0.1396484375 0.115234375
1 0.3125 0.185546875 0.1572265625 0.107421875
