1 0.736328125 0.1298828125 0.0849609375 0.1025390625
1 0.8720703125 0.943359375 0.080078125 0.091796875
1 0.8251953125 0.400390625 0.0732421875 0.1181640625
1 0.7216796875 0.865234375 0.0751953125 0.0732421875
1 0.8759765625 0.255859375 0.09765625 0.091796875
1 0.658203125 0.16015625 0.078125 0.0869140625
1 0.9326171875 0.3515625 0.0771484375 0.1005859375
1 0.966796875 0.6044921875 0.0654296875 0.0849609375
1 0.8447265625 0.501953125 0.064453125 0.064453125
1 0.96875 0.1162109375 0.0625 0.1103515625
1 0.7978515625 0.595703125 0.0830078125 0.09765625
1 0.8935546875 0.775390625 0.05859375 0.0595703125
1 0.5810546875 0.169921875 0.0556640625 0.1162109375
1 0.8330078125 0.662109375 0.087890625 0.109375
1 0.96875 0.265625 0.0625 0.078125
1 0.9716796875 0.796875 0.0517578125 0.0498046875
1 0.947265625 0.845703125 0.0478515625 0.0625
1 0.900390625 0.109375 0.064453125 0.080078125
1 0.654296875 0.1005859375 0.0498046875 0.0576171875
1 0.7255859375 0.7705078125 0.0771484375 0.0673828125
1 0.544921875 0.11328125 0.0703125 0.126953125
