1 0.4052734375 0.478515625 0.056640625 0.0771484375
1 0.6533203125 0.021484375 0.0478515625 0.0439453125
1 0.3232421875 0.5380859375 0.076171875 0.115234375
1 0.0390625 0.9638671875 0.078125 0.0712890625
1 0.599609375 0.03515625 0.064453125 0.0703125
1 0.1064453125 0.4970703125 0.1201171875 0.0595703125
1 0.72265625 0.06640625 0.103515625 0.107421875
1 0.783203125 0.7607421875 0.0693359375 0.0986328125
1 0.0703125 0.82421875 0.080078125 0.1259765625
1 0.6513671875 0.2529296875 0.080078125 0.08203125
1 0.169921875 0.431640625 0.095703125 0.0517578125
1 0.712890625 0.40234375 0.0966796875 0.0625
1 0.7021484375 0.73828125 0.09375 0.09765625
1 0.408203125 0.0576171875 0.1337890625 0.1103515625
1 0.984375 0.5029296875 0.0302734375 0.1279296875
1 0.7255859375 0.150390625 0.0908203125 0.083984375
1 0.7333984375 0.3876953125 0.0546875 0.0849609375
1 0.212890625 0.71875 0.0927734375 0.07421875
1 0.138671875 0.7353515625 0.080078125 0.0654296875
1 0.1220703125 0.8017578125 0.07421875 0.0595703125
1 0.115234375 0.96875 0.0595703125 0.0625
1 0.34765625 0.82421875 0.0419921875 0.0478515625
1 0.76953125 0.8544921875 0.0849609375 0.068359375
1 0.162109375 0.4599609375 0.1005859375 0.04296875
1 0.1181640625 0.3994140625 0.09765625 0.07421875
1 0.1240234375 0.2890625 0.1171875 0.087890625
1 0.1923828125 0.2177734375 0.08203125 0.0986328125
1 0.154296875 0.0859375 0.064453125 0.0771484375
1 0.0302734375 0.43359375 0.060546875 0.072265625
1 0.0400390625 0.296875 0.0810546875 0.0703125
1 0.88671875 0.3212890625 0.0751953125 0.1162109375
1 0.435546875 0.9775390625 0.1123046875 0.0439453125
1 0.6337890625 0.8828125 0.0439453125 0.0341796875
1 0.0390625 0.1044921875 0.056640625 0.0556640625
1 0.11328125 0.154296875 0.0625 0.048828125
