1 0.298828125 0.162109375 0.1044921875 0.0576171875
1 0.0478515625 0.46484375 0.095703125 0.0498046875
1 0.521484375 0.12890625 0.0849609375 0.044921875
1 0.9404296875 0.2451171875 0.11328125 0.0546875
1 0.2822265625 0.48828125 0.1162109375 0.0625
1 0.4013671875 0.2529296875 0.10546875 0.04296875
1 0.6923828125 0.21875 0.1044921875 0.0322265625
1 0.66796875 0.4765625 0.10546875 0.048828125
1 0.9560546875 0.1875 0.0859375 0.064453125
1 0.1728515625 0.263671875 0.0966796875 0.041015625
1 0.5771484375 0.2236328125 0.072265625 0.03515625
1 0.478515625 0.2294921875 0.083984375 0.041015625
1 0.58984375 0.181640625 0.0849609375 0.0400390625
1 0.8544921875 0.458984375 0.0888671875 0.046875
1 0.595703125 0.265625 0.1103515625 0.0419921875
1 0.1220703125 0.4609375 0.1083984375 0.0439453125
1 0.7509765625 0.3623046875 0.0908203125 0.02734375
1 0.4052734375 0.3427734375 0.1337890625 0.0478515625
1 0.7822265625 0.2919921875 0.1025390625 0.044921875
1 0.9638671875 0.65234375 0.0712890625 0.0322265625
1 0.7978515625 0.453125 0.05859375 0.0361328125
1 0.45703125 0.59375 0.109375 0.03515625
1 0.5556640625 0.8046875 0.087890625 0.052734375
1 0.8505859375 0.5654296875 0.080078125 0.033203125
1 0.8154296875 0.244140625 0.0791015625 0.0400390625
1 0.267578125 0.921875 0.126953125 0.0517578125
1 0.044921875 0.6474609375 0.0888671875 0.0302734375
1 0.3427734375 0.8720703125 0.1064453125 0.056640625
1 0.2001953125 0.185546875 0.0751953125 0.0361328125
1 0.9560546875 0.658203125 0.087890625 0.0546875
1 0.140625 0.8916015625 0.080078125 0.0546875
1 0.857421875 0.1669921875 0.1142578125 0.0498046875
1 0.5107421875 0.1669921875 0.0908203125 0.0390625
1 0.841796875 0.5302734375 0.1005859375 0.0390625
1 0.623046875 0.4375 0.103515625 0.0341796875
1 0.7861328125 0.6044921875 0.0732421875 0.033203125
1 0.947265625 0.5 0.0908203125 0.0478515625
1 0.681640625 0.6572265625 0.1171875 0.0341796875
1 0.6318359375 0.818359375 0.0869140625 0.0400390625
1 0.8994140625 0.208984375 0.06640625 0.0361328125
1 0.05859375 0.3037109375 0.1083984375 0.0576171875
1 0.966796875 0.3603515625 0.064453125 0.0517578125
1 0.8505859375 0.77734375 0.099609375 0.046875
1 0.25 0.619140625 0.109375 0.0361328125
1 0.740234375 0.9013671875 0.1083984375 0.056640625
1 0.92578125 0.7568359375 0.08984375 0.0361328125
1 0.6796875 0.6943359375 0.068359375 0.029296875
1 0.873046875 0.900390625 0.080078125 0.0458984375
1 0.42578125 0.1484375 0.0693359375 0.0419921875
1 0.1953125 0.892578125 0.0986328125 0.046875
1 0.2509765625 0.5205078125 0.0947265625 0.041015625
1 0.3828125 0.4970703125 0.125 0.04296875
1 0.8818359375 0.29296875 0.08203125 0.0419921875
1 0.1181640625 0.9580078125 0.1171875 0.0390625
1 0.0380859375 0.6142578125 0.0771484375 0.0361328125
1 0.3369140625 0.2861328125 0.052734375 0.021484375
1 0.302734375 0.8046875 0.0986328125 0.04296875
1 0.466796875 0.5458984375 0.115234375 0.044921875
1 0.529296875 0.6982421875 0.0849609375 0.0390625
1 0.5087890625 0.515625 0.0888671875 0.0380859375
1 0.1689453125 0.9462890625 0.1015625 0.037109375
1 0.1220703125 0.7548828125 0.1142578125 0.0400390625
1 0.666015625 0.8857421875 0.095703125 0.037109375
1 0.255859375 0.6064453125 0.095703125 0.0361328125
1 0.158203125 0.5927734375 0.1083984375 0.044921875
1 0.2568359375 0.3330078125 0.1083984375 0.0400390625
1 0.677734375 0.470703125 0.080078125 0.0361328125
1 0.88671875 0.2724609375 0.0966796875 0.0341796875
1 0.0849609375 0.203125 0.1376953125 0.0380859375
1 0.056640625 0.5888671875 0.11328125 0.0478515625
1 0.7138671875 0.6298828125 0.1064453125 0.0341796875
1 0.380859375 0.4697265625 0.103515625 0.037109375
1 0.328125 0.44140625 0.0712890625 0.0302734375
