1 0.0126953125 0.439453125 0.025390625 0.091796875
1 0.20703125 0.18359375 0.1220703125 0.06640625
1 0.4638671875 0.1865234375 0.189453125 0.0810546875
1 0.796875 0.32421875 0.123046875 0.1640625
1 0.5986328125 0.396484375 0.1728515625 0.1552734375
1 0.84765625 0.55859375 0.2294921875 0.1171875
1 0.515625 0.5859375 0.251953125 0.1015625
1 0.9375 0.798828125 0.125 0.1142578125
1 0.0615234375 0.640625 0.123046875 0.119140625
1 0.0390625 0.7578125 0.0791015625 0.09375
1 0.1796875 0.97265625 0.1064453125 0.0537109375
1 0.658203125 0.82421875 0.1416015625 0.09375
1 0.2568359375 0.701171875 0.1611328125 0.068359375
1 0.0859375 0.4267578125 0.05859375 0.09375
1 0.1572265625 0.2822265625 0.0693359375 0.0703125
1 0.279296875 0.2294921875 0.0654296875 0.0595703125
1 0.30078125 0.3701171875 0.1328125 0.154296875
1 0.453125 0.4091796875 0.0537109375 0.0517578125
1 0.1318359375 0.5263671875 0.05859375 0.076171875
1 0.2705078125 0.6513671875 0.1123046875 0.064453125
1 0.3974609375 0.7080078125 0.0517578125 0.0478515625
1 0.2763671875 0.8427734375 0.0791015625 0.0673828125
1 0.1474609375 0.8017578125 0.0849609375 0.068359375
1 0.2060546875 0.9189453125 0.087890625 0.0625
1 0.6875 0.966796875 0.0771484375 0.06640625
1 0.3857421875 0.861328125 0.095703125 0.076171875
1 0.40625 0.9794921875 0.095703125 0.0400390625
1 0.46484375 0.962890625 0.078125 0.0732421875
1 0.3857421875 0.7763671875 0.09765625 0.07421875
1 0.5859375 0.728515625 0.0693359375 0.0576171875
1 0.65625 0.552734375 0.087890625 0.0830078125
1 0.95703125 0.2470703125 0.0849609375 0.0712890625
1 0.736328125 0.162109375 0.072265625 0.072265625
1 0.6337890625 0.1708984375 0.080078125 0.078125
1 0.4716796875 0.2763671875 0.072265625 0.0712890625
1 0.615234375 0.02734375 0.1455078125 0.0390625
1 0.7470703125 0.0263671875 0.115234375 0.052734375
1 0.55078125 0.8193359375 0.0556640625 0.072265625
1 0.970703125 0.1455078125 0.05859375 0.0771484375
