1 0.0146484375 0.23046875 0.029296875 0.083984375
1 0.0341796875 0.306640625 0.068359375 0.07421875
1 0.201171875 0.4111328125 0.087890625 0.095703125
1 0.1796875 0.29296875 0.0595703125 0.0615234375
1 0.13671875 0.1865234375 0.0556640625 0.05859375
1 0.1044921875 0.107421875 0.0625 0.068359375
1 0.216796875 0.11328125 0.0654296875 0.0693359375
1 0.341796875 0.173828125 0.072265625 0.076171875
1 0.337890625 0.296875 0.083984375 0.0703125
1 0.5810546875 0.365234375 0.1123046875 0.08203125
1 0.2255859375 0.6474609375 0.080078125 0.091796875
1 0.09765625 0.732421875 0.0810546875 0.1083984375
1 0.16015625 0.765625 0.0625 0.0693359375
1 0.2470703125 0.72265625 0.0966796875 0.0654296875
1 0.4248046875 0.9169921875 0.1484375 0.1044921875
1 0.5712890625 0.9560546875 0.0810546875 0.087890625
1 0.5908203125 0.8310546875 0.09375 0.083984375
1 0.45703125 0.7529296875 0.0546875 0.0849609375
1 0.5380859375 0.724609375 0.0654296875 0.0869140625
1 0.38671875 0.6171875 0.0810546875 0.1123046875
1 0.5537109375 0.5390625 0.0947265625 0.0634765625
1 0.541015625 0.6025390625 0.0830078125 0.0615234375
1 0.7900390625 0.74609375 0.0869140625 0.0732421875
1 0.71875 0.6767578125 0.0654296875 0.0693359375
1 0.9296875 0.6611328125 0.0595703125 0.048828125
1 0.939453125 0.7939453125 0.08984375 0.0546875
1 0.876953125 0.9814453125 0.080078125 0.037109375
1 0.6962890625 0.29296875 0.0966796875 0.099609375
1 0.8046875 0.3505859375 0.060546875 0.0654296875
1 0.857421875 0.29296875 0.0732421875 0.0830078125
1 0.9404296875 0.32421875 0.1015625 0.060546875
1 0.7509765625 0.1572265625 0.0859375 0.083984375
1 0.8388671875 0.1728515625 0.08203125 0.0791015625
1 0.5732421875 0.0859375 0.0771484375 0.0732421875
1 0.4697265625 0.169921875 0.0732421875 0.05859375
1 0.4912109375 0.01953125 0.0888671875 0.0390625
1 0.677734375 0.515625 0.0654296875 0.0712890625
1 0.9228515625 0.9521484375 0.0625 0.0595703125
1 0.6357421875 0.212890625 0.052734375 0.0478515625
1 0.62109375 0.0634765625 0.0703125 0.048828125
1 0.189453125 0.3642578125 0.046875 0.052734375
1 0.3779296875 0.65234375 0.0654296875 0.0439453125
1 0.400390625 0.455078125 0.025390625 0.03515625
