1 0.8798828125 0.421875 0.16015625 0.0849609375
1 0.58203125 0.3115234375 0.0859375 0.0654296875
1 0.6953125 0.5029296875 0.0830078125 0.0771484375
1 0.0712890625 0.0107421875 0.0849609375 0.0224609375
1 0.05078125 0.046875 0.091796875 0.064453125
1 0.41015625 0.1103515625 0.0673828125 0.0576171875
1 0.01953125 0.6484375 0.0390625 0.087890625
1 0.095703125 0.1591796875 0.087890625 0.0693359375
1 0.939453125 0.2841796875 0.099609375 0.080078125
1 0.04296875 0.7392578125 0.0869140625 0.0947265625
1 0.3388671875 0.8818359375 0.0751953125 0.064453125
1 0.27734375 0.1630859375 0.1025390625 0.072265625
1 0.3515625 0.4853515625 0.0791015625 0.0625
1 0.564453125 0.0703125 0.123046875 0.078125
1 0.33203125 0.3974609375 0.08984375 0.080078125
1 0.6044921875 0.44140625 0.099609375 0.0751953125
1 0.171875 0.9453125 0.115234375 0.0869140625
1 0.2861328125 0.048828125 0.0849609375 0.0595703125
1 0.138671875 0.7177734375 0.09765625 0.1025390625
1 0.8193359375 0.716796875 0.14453125 0.0849609375
1 0.388671875 0.533203125 0.1201171875 0.078125
1 0.2978515625 0.7197265625 0.107421875 0.0703125
1 0.966796875 0.6220703125 0.0654296875 0.064453125
1 0.3408203125 0.6640625 0.087890625 0.0458984375
1 0.3154296875 0.61328125 0.0869140625 0.056640625
