1 0.6552734375 0.0791015625 0.083984375 0.158203125
1 0.1875 0.83984375 0.1005859375 0.1240234375
1 0.873046875 0.810546875 0.0517578125 0.126953125
1 0.75390625 0.541015625 0.0869140625 0.11328125
1 0.10546875 0.5537109375 0.13671875 0.064453125
1 0.501953125 0.953125 0.11328125 0.0625
1 0.9404296875 0.1318359375 0.0556640625 0.083984375
1 0.638671875 0.48046875 0.119140625 0.068359375
1 0.7900390625 0.427734375 0.072265625 0.1337890625
1 0.642578125 0.96875 0.1103515625 0.056640625
1 0.826171875 0.2158203125 0.1044921875 0.0693359375
1 0.3876953125 0.20703125 0.064453125 0.0419921875
1 0.265625 0.658203125 0.060546875 0.05859375
1 0.869140625 0.0625 0.0576171875 0.1259765625
1 0.0341796875 0.71484375 0.05859375 0.076171875
1 0.4189453125 0.88671875 0.1005859375 0.0791015625
1 0.0419921875 0.9287109375 0.0849609375 0.0517578125
1 0.9716796875 0.5673828125 0.056640625 0.044921875
1 0.4697265625 0.646484375 0.0703125 0.0419921875
1 0.2568359375 0.9580078125 0.083984375 0.056640625
1 0.2353515625 0.5498046875 0.072265625 0.0712890625
1 0.4951171875 0.517578125 0.134765625 0.142578125
1 0.6171875 0.8349609375 0.0927734375 0.044921875
1 0.6845703125 0.37890625 0.080078125 0.0615234375
1 0.4765625 0.4970703125 0.080078125 0.05859375
1 0.814453125 0.65625 0.064453125 0.0498046875
1 0.66796875 0.7236328125 0.029296875 0.0751953125
1 0.630859375 0.72265625 0.0634765625 0.1279296875
1 0.173828125 0.6181640625 0.06640625 0.076171875
1 0.0302734375 0.107421875 0.0546875 0.048828125
1 0.025390625 0.9052734375 0.0517578125 0.0361328125
1 0.7685546875 0.9296875 0.083984375 0.0458984375
1 0.54296875 0.876953125 0.140625 0.0634765625
1 0.345703125 0.5830078125 0.1611328125 0.0556640625
1 0.40234375 0.5029296875 0.08203125 0.1201171875
1 0.328125 0.4521484375 0.095703125 0.0517578125
1 0.1611328125 0.8935546875 0.046875 0.03125
1 0.623046875 0.4169921875 0.060546875 0.0810546875
1 0.3408203125 0.9208984375 0.0869140625 0.052734375
1 0.7197265625 0.8212890625 0.0673828125 0.0693359375
1 0.123046875 0.93359375 0.0390625 0.056640625
1 0.0166015625 0.974609375 0.0341796875 0.046875
1 0.5908203125 0.5693359375 0.0556640625 0.0419921875
1 0.091796875 0.8798828125 0.060546875 0.0732421875
1 0.4619140625 0.19140625 0.06640625 0.06640625
1 0.5927734375 0.6298828125 0.1025390625 0.0625
1 0.283203125 0.619140625 0.1416015625 0.05859375
1 0.7919921875 0.408203125 0.11328125 0.0498046875
1 0.6806640625 0.45703125 0.064453125 0.05859375
1 0.6953125 0.55078125 0.10546875 0.064453125
1 0.5439453125 0.8330078125 0.0546875 0.0576171875
1 0.951171875 0.5927734375 0.048828125 0.0419921875
