1 0.0263671875 0.013671875 0.0537109375 0.0283203125
1 0.150390625 0.0234375 0.06640625 0.046875
1 0.267578125 0.0107421875 0.0986328125 0.021484375
1 0.2587890625 0.0771484375 0.1064453125 0.072265625
1 0.0966796875 0.0673828125 0.099609375 0.0693359375
1 0.064453125 0.2158203125 0.0830078125 0.1640625
1 0.0166015625 0.201171875 0.0341796875 0.0654296875
1 0.13671875 0.30078125 0.0966796875 0.0888671875
1 0.2119140625 0.80859375 0.091796875 0.20703125
1 0.0380859375 0.900390625 0.0771484375 0.087890625
1 0.23828125 0.564453125 0.0859375 0.0751953125
1 0.2060546875 0.474609375 0.0888671875 0.06640625
1 0.31640625 0.9365234375 0.1044921875 0.0625
1 0.623046875 0.9501953125 0.0908203125 0.048828125
1 0.41796875 0.5693359375 0.0859375 0.091796875
1 0.3984375 0.423828125 0.0869140625 0.0830078125
1 0.435546875 0.43359375 0.1083984375 0.0830078125
1 0.5146484375 0.3583984375 0.1123046875 0.0791015625
1 0.5703125 0.28515625 0.1494140625 0.0634765625
1 0.7001953125 0.30078125 0.068359375 0.041015625
1 0.654296875 0.34375 0.0576171875 0.046875
1 0.5703125 0.458984375 0.09765625 0.111328125
1 0.7109375 0.43359375 0.0849609375 0.076171875
1 0.7314453125 0.54296875 0.09765625 0.0908203125
1 0.6376953125 0.599609375 0.0703125 0.0673828125
1 0.62890625 0.681640625 0.06640625 0.12109375
1 0.822265625 0.5263671875 0.0791015625 0.08203125
1 0.9580078125 0.556640625 0.07421875 0.091796875
1 0.806640625 0.337890625 0.0859375 0.06640625
1 0.8916015625 0.3232421875 0.09765625 0.0859375
1 0.978515625 0.365234375 0.0419921875 0.068359375
1 0.8310546875 0.15234375 0.0625 0.0751953125
1 0.8994140625 0.146484375 0.0419921875 0.05859375
1 0.732421875 0.068359375 0.0615234375 0.0576171875
1 0.4716796875 0.099609375 0.072265625 0.068359375
1 0.42578125 0.0322265625 0.06640625 0.05078125
1 0.5244140625 0.6689453125 0.09765625 0.080078125
