1 0.642578125 0.1240234375 0.1025390625 0.0947265625
1 0.76171875 0.5205078125 0.1396484375 0.0771484375
1 0.734375 0.0224609375 0.115234375 0.044921875
1 0.51953125 0.6396484375 0.07421875 0.064453125
1 0.7939453125 0.4375 0.1455078125 0.0771484375
1 0.5556640625 0.767578125 0.123046875 0.1025390625
1 0.841796875 0.373046875 0.0751953125 0.052734375
1 0.5732421875 0.5029296875 0.091796875 0.0771484375
1 0.623046875 0.66015625 0.1025390625 0.1123046875
1 0.1005859375 0.716796875 0.0908203125 0.0947265625
1 0.9365234375 0.8603515625 0.1142578125 0.0869140625
1 0.05078125 0.5546875 0.087890625 0.080078125
1 0.4541015625 0.0283203125 0.1005859375 0.056640625
1 0.4931640625 0.486328125 0.09765625 0.0751953125
1 0.48046875 0.3125 0.1328125 0.0771484375
1 0.5634765625 0.234375 0.087890625 0.099609375
1 0.73828125 0.1923828125 0.15234375 0.0673828125
1 0.6845703125 0.7919921875 0.119140625 0.0703125
1 0.6689453125 0.939453125 0.0849609375 0.07421875
1 0.451171875 0.083984375 0.107421875 0.0693359375
1 0.603515625 0.9287109375 0.119140625 0.107421875
1 0.697265625 0.6669921875 0.080078125 0.0703125
1 0.9755859375 0.3818359375 0.048828125 0.0546875
1 0.025390625 0.7763671875 0.0517578125 0.1328125
1 0.4697265625 0.8349609375 0.0625 0.0830078125
1 0.6376953125 0.9619140625 0.068359375 0.04296875
