1 0.142578125 0.03125 0.1474609375 0.0625
1 0.861328125 0.5546875 0.0927734375 0.1171875
1 0.8095703125 0.658203125 0.099609375 0.0673828125
1 0.6435546875 0.1201171875 0.2265625 0.1630859375
1 0.0283203125 0.0458984375 0.056640625 0.091796875
1 0.6494140625 0.2890625 0.1064453125 0.23828125
1 0.8388671875 0.8271484375 0.1748046875 0.140625
1 0.8544921875 0.42578125 0.1953125 0.126953125
1 0.2998046875 0.736328125 0.3046875 0.234375
1 0.939453125 0.892578125 0.1201171875 0.1220703125
1 0.859375 0.0849609375 0.185546875 0.169921875
1 0.2607421875 0.9150390625 0.408203125 0.1650390625
1 0.923828125 0.37890625 0.15234375 0.103515625
1 0.1865234375 0.7392578125 0.1806640625 0.2900390625
1 0.9833984375 0.7666015625 0.033203125 0.1201171875
1 0.9052734375 0.7685546875 0.1181640625 0.107421875
1 0.1953125 0.9345703125 0.1572265625 0.130859375
1 0.8037109375 0.21875 0.1201171875 0.0947265625
1 0.7138671875 0.376953125 0.0888671875 0.087890625
1 0.693359375 0.2041015625 0.0673828125 0.060546875
