1 0.85546875 0.4609375 0.10546875 0.1171875
1 0.7001953125 0.119140625 0.09765625 0.09765625
1 0.708984375 0.4228515625 0.1396484375 0.0771484375
1 0.056640625 0.265625 0.11328125 0.08203125
1 0.716796875 0.2958984375 0.2001953125 0.087890625
1 0.6416015625 0.509765625 0.080078125 0.099609375
1 0.70703125 0.6083984375 0.154296875 0.072265625
1 0.765625 0.79296875 0.0927734375 0.142578125
1 0.3466796875 0.6328125 0.072265625 0.1376953125
1 0.8505859375 0.8212890625 0.0673828125 0.134765625
1 0.54296875 0.8515625 0.0654296875 0.0732421875
1 0.6552734375 0.8056640625 0.0966796875 0.09765625
1 0.9580078125 0.7734375 0.0830078125 0.123046875
1 0.947265625 0.5966796875 0.10546875 0.0947265625
1 0.953125 0.3056640625 0.0927734375 0.107421875
