1 0.84765625 0.6103515625 0.1123046875 0.0771484375
1 0.650390625 0.9267578125 0.0869140625 0.0703125
1 0.337890625 0.7177734375 0.0771484375 0.0673828125
1 0.63671875 0.8271484375 0.080078125 0.095703125
1 0.79296875 0.9423828125 0.068359375 0.0791015625
1 0.7841796875 0.7451171875 0.0849609375 0.1025390625
1 0.708984375 0.5673828125 0.0947265625 0.1025390625
1 0.646484375 0.3603515625 0.0693359375 0.0732421875
1 0.998046875 0.4365234375 0.0029296875 0.0849609375
1 0.546875 0.927734375 0.0869140625 0.0791015625
1 0.5302734375 0.8115234375 0.0673828125 0.1201171875
1 0.4609375 0.8564453125 0.072265625 0.0654296875
1 0.7802734375 0.1494140625 0.0830078125 0.125
1 0.7548828125 0.46875 0.08203125 0.0712890625
1 0.9638671875 0.34765625 0.072265625 0.107421875
1 0.5654296875 0.5146484375 0.0771484375 0.0703125
1 0.498046875 0.7333984375 0.1025390625 0.091796875
1 0.453125 0.771484375 0.08203125 0.1103515625
1 0.8857421875 0.4501953125 0.07421875 0.0595703125
1 0.763671875 0.03515625 0.1015625 0.06640625
