1 0.013671875 0.94140625 0.0283203125 0.1171875
1 0.0341796875 0.77734375 0.0693359375 0.1650390625
1 0.1318359375 0.6640625 0.0859375 0.1123046875
1 0.203125 0.8359375 0.095703125 0.169921875
1 0.1279296875 0.4833984375 0.154296875 0.08984375
1 0.015625 0.4013671875 0.03125 0.0712890625
1 0.123046875 0.10546875 0.158203125 0.1123046875
1 0.158203125 0.2060546875 0.04296875 0.0751953125
1 0.1220703125 0.3544921875 0.0927734375 0.0625
1 0.2265625 0.373046875 0.146484375 0.0654296875
1 0.89453125 0.05078125 0.0771484375 0.083984375
1 0.78515625 0.08203125 0.142578125 0.1328125
1 0.6806640625 0.125 0.08984375 0.0908203125
1 0.4033203125 0.302734375 0.064453125 0.068359375
1 0.2685546875 0.2861328125 0.109375 0.0625
1 0.5908203125 0.310546875 0.07421875 0.1845703125
1 0.6982421875 0.287109375 0.05859375 0.1171875
1 0.73828125 0.36328125 0.0595703125 0.109375
1 0.951171875 0.3388671875 0.0712890625 0.171875
1 0.9482421875 0.55859375 0.099609375 0.08984375
1 0.8779296875 0.7431640625 0.115234375 0.1484375
1 0.81640625 0.8544921875 0.0986328125 0.1494140625
1 0.73046875 0.833984375 0.076171875 0.0625
1 0.6337890625 0.9599609375 0.076171875 0.0791015625
1 0.4013671875 0.69921875 0.08203125 0.0888671875
1 0.50390625 0.6845703125 0.0849609375 0.08203125
1 0.3671875 0.568359375 0.2216796875 0.115234375
1 0.96875 0.841796875 0.0615234375 0.154296875
