1 0.3544921875 0.8359375 0.10546875 0.0498046875
1 0.9208984375 0.3896484375 0.0869140625 0.0419921875
1 0.6171875 0.392578125 0.1083984375 0.076171875
1 0.23828125 0.4580078125 0.0869140625 0.0625
1 0.1845703125 0.8125 0.08203125 0.0498046875
1 0.4228515625 0.9658203125 0.0341796875 0.068359375
1 0.607421875 0.3203125 0.146484375 0.06640625
1 0.2578125 0.8818359375 0.080078125 0.0400390625
1 0.3857421875 0.154296875 0.140625 0.0458984375
1 0.7294921875 0.2001953125 0.0986328125 0.044921875
1 0.150390625 0.4169921875 0.154296875 0.056640625
1 0.123046875 0.5888671875 0.076171875 0.0380859375
1 0.482421875 0.4384765625 0.11328125 0.064453125
1 0.076171875 0.099609375 0.140625 0.06640625
1 0.447265625 0.6416015625 0.0556640625 0.052734375
1 0.9873046875 0.015625 0.0244140625 0.0302734375
1 0.931640625 0.0654296875 0.130859375 0.0556640625
1 0.390625 0.044921875 0.1005859375 0.03125
1 0.7646484375 0.3916015625 0.1171875 0.0419921875
1 0.7060546875 0.1533203125 0.1103515625 0.0615234375
1 0.9794921875 0.6728515625 0.0400390625 0.0576171875
1 0.435546875 0.109375 0.0888671875 0.056640625
1 0.7578125 0.98046875 0.0341796875 0.0380859375
1 0.228515625 0.7509765625 0.1025390625 0.0458984375
1 0.1201171875 0.0263671875 0.0888671875 0.0537109375
1 0.4091796875 0.2568359375 0.0625 0.0576171875
1 0.826171875 0.0478515625 0.05078125 0.0283203125
1 0.3935546875 0.3447265625 0.107421875 0.0703125
1 0.849609375 0.9892578125 0.076171875 0.0205078125
1 0.4111328125 0.0185546875 0.1337890625 0.0361328125
1 0.68359375 0.380859375 0.0673828125 0.0576171875
1 0.650390625 0.7509765625 0.099609375 0.0390625
1 0.806640625 0.693359375 0.1220703125 0.0341796875
1 0.8115234375 0.7353515625 0.056640625 0.05078125
1 0.33203125 0.712890625 0.0966796875 0.0478515625
1 0.2666015625 0.490234375 0.126953125 0.041015625
1 0.740234375 0.0478515625 0.0537109375 0.05078125
1 0.3720703125 0.7958984375 0.076171875 0.076171875
1 0.666015625 0.6787109375 0.1044921875 0.0498046875
1 0.412109375 0.51953125 0.0966796875 0.029296875
1 0.7978515625 0.439453125 0.1298828125 0.0361328125
1 0.458984375 0.6953125 0.083984375 0.0400390625
1 0.1298828125 0.150390625 0.18359375 0.0615234375
1 0.4697265625 0.091796875 0.0732421875 0.041015625
1 0.2763671875 0.9638671875 0.2763671875 0.0712890625
1 0.8828125 0.640625 0.0634765625 0.03515625
1 0.251953125 0.375 0.1455078125 0.0390625
1 0.630859375 0.0947265625 0.0869140625 0.0361328125
1 0.0244140625 0.9072265625 0.048828125 0.04296875
1 0.0537109375 0.7099609375 0.1025390625 0.0498046875
1 0.1962890625 0.638671875 0.1513671875 0.0625
1 0.9208984375 0.9853515625 0.04296875 0.029296875
1 0.1435546875 0.7265625 0.0888671875 0.0419921875
1 0.919921875 0.513671875 0.0654296875 0.0439453125
1 0.9052734375 0.6962890625 0.0810546875 0.0322265625
1 0.0263671875 0.6650390625 0.0517578125 0.037109375
1 0.8466796875 0.666015625 0.060546875 0.0263671875
1 0.05859375 0.7509765625 0.1083984375 0.0341796875
1 0.3779296875 0.4541015625 0.083984375 0.044921875
1 0.7294921875 0.9716796875 0.09765625 0.04296875
1 0.919921875 0.6572265625 0.0869140625 0.0546875
1 0.244140625 0.638671875 0.11328125 0.09375
