1 0.328125 0.1318359375 0.08984375 0.0546875
1 0.234375 0.166015625 0.1259765625 0.0654296875
1 0.51171875 0.23828125 0.09375 0.0615234375
1 0.6123046875 0.171875 0.09375 0.091796875
1 0.716796875 0.1044921875 0.0751953125 0.0791015625
1 0.7763671875 0.193359375 0.083984375 0.0498046875
1 0.8271484375 0.240234375 0.0732421875 0.0625
1 0.0595703125 0.1552734375 0.1201171875 0.0595703125
1 0.181640625 0.0166015625 0.08984375 0.0341796875
1 0.28515625 0.03515625 0.05078125 0.0703125
1 0.48046875 0.0341796875 0.228515625 0.0693359375
1 0.4736328125 0.0927734375 0.1005859375 0.0810546875
1 0.8173828125 0.1201171875 0.0751953125 0.064453125
1 0.8046875 0.04296875 0.0556640625 0.0791015625
1 0.96875 0.0419921875 0.056640625 0.052734375
1 0.978515625 0.3173828125 0.0419921875 0.0673828125
1 0.5830078125 0.3193359375 0.107421875 0.052734375
1 0.7568359375 0.34765625 0.0595703125 0.09765625
1 0.265625 0.3623046875 0.0673828125 0.0869140625
1 0.423828125 0.37890625 0.115234375 0.060546875
1 0.3740234375 0.3388671875 0.078125 0.0478515625
1 0.1982421875 0.400390625 0.109375 0.064453125
1 0.0283203125 0.3837890625 0.0576171875 0.060546875
1 0.267578125 0.5869140625 0.1611328125 0.0849609375
1 0.2392578125 0.693359375 0.1474609375 0.068359375
1 0.4404296875 0.630859375 0.1259765625 0.064453125
1 0.6923828125 0.5595703125 0.08984375 0.0556640625
1 0.6552734375 0.451171875 0.072265625 0.115234375
1 0.7568359375 0.4833984375 0.0546875 0.0966796875
1 0.837890625 0.5263671875 0.103515625 0.080078125
1 0.923828125 0.625 0.109375 0.0869140625
1 0.734375 0.7587890625 0.0673828125 0.0546875
1 0.3310546875 0.8837890625 0.1328125 0.0625
1 0.970703125 0.828125 0.05859375 0.0693359375
1 0.2890625 0.435546875 0.0634765625 0.0458984375
1 0.923828125 0.3681640625 0.078125 0.064453125
