1 0.056640625 0.3330078125 0.0947265625 0.0927734375
1 0.115234375 0.4755859375 0.177734375 0.107421875
1 0.931640625 0.734375 0.1298828125 0.064453125
1 0.091796875 0.88671875 0.18359375 0.083984375
1 0.0908203125 0.9501953125 0.1044921875 0.0771484375
1 0.02734375 0.1982421875 0.0546875 0.1171875
1 0.0244140625 0.1083984375 0.0498046875 0.123046875
1 0.0185546875 0.04296875 0.037109375 0.0830078125
1 0.076171875 0.037109375 0.0849609375 0.0703125
1 0.1787109375 0.0390625 0.107421875 0.0751953125
1 0.119140625 0.9814453125 0.1005859375 0.0361328125
1 0.9619140625 0.869140625 0.0751953125 0.0556640625
1 0.9501953125 0.67578125 0.0927734375 0.056640625
1 0.94140625 0.55859375 0.0927734375 0.0771484375
