1 0.4404296875 0.2548828125 0.1669921875 0.1025390625
1 0.837890625 0.396484375 0.142578125 0.1025390625
1 0.0244140625 0.84765625 0.0498046875 0.1376953125
1 0.13671875 0.03515625 0.103515625 0.0703125
1 0.9169921875 0.6689453125 0.1650390625 0.0849609375
1 0.162109375 0.78125 0.095703125 0.0947265625
1 0.4384765625 0.681640625 0.1875 0.16015625
1 0.1708984375 0.6865234375 0.109375 0.0849609375
1 0.0849609375 0.21484375 0.0849609375 0.109375
1 0.1806640625 0.4736328125 0.080078125 0.0908203125
1 0.3505859375 0.7431640625 0.109375 0.060546875
1 0.2919921875 0.369140625 0.095703125 0.0693359375
1 0.455078125 0.1337890625 0.25 0.1171875
1 0.6220703125 0.373046875 0.080078125 0.1044921875
