1 0.021484375 0.5478515625 0.0439453125 0.095703125
1 0.0869140625 0.630859375 0.08203125 0.076171875
1 0.0478515625 0.66015625 0.078125 0.068359375
1 0.099609375 0.48828125 0.0869140625 0.1220703125
1 0.2080078125 0.642578125 0.0751953125 0.046875
1 0.361328125 0.6552734375 0.0625 0.0546875
1 0.0234375 0.2626953125 0.046875 0.0693359375
1 0.263671875 0.3408203125 0.1845703125 0.080078125
1 0.1484375 0.2119140625 0.0791015625 0.0927734375
1 0.3154296875 0.27734375 0.0888671875 0.1064453125
1 0.0166015625 0.0849609375 0.0341796875 0.1708984375
1 0.24609375 0.0810546875 0.1669921875 0.140625
1 0.32421875 0.1162109375 0.0361328125 0.03125
1 0.376953125 0.0263671875 0.1298828125 0.0537109375
1 0.80859375 0.154296875 0.1630859375 0.076171875
1 0.5126953125 0.2021484375 0.1015625 0.1083984375
1 0.4775390625 0.208984375 0.0576171875 0.0947265625
1 0.4267578125 0.375 0.0771484375 0.0986328125
1 0.7060546875 0.3564453125 0.0537109375 0.099609375
1 0.82421875 0.3681640625 0.072265625 0.083984375
1 0.7529296875 0.48828125 0.1552734375 0.1513671875
1 0.96875 0.4404296875 0.0625 0.0947265625
1 0.8857421875 0.556640625 0.1904296875 0.111328125
1 0.4150390625 0.6962890625 0.125 0.0966796875
1 0.4658203125 0.7802734375 0.068359375 0.1201171875
1 0.380859375 0.8212890625 0.068359375 0.1357421875
1 0.5400390625 0.85546875 0.0751953125 0.1318359375
1 0.4619140625 0.8916015625 0.0498046875 0.1181640625
1 0.546875 0.955078125 0.078125 0.0810546875
1 0.6298828125 0.7373046875 0.08203125 0.130859375
1 0.67578125 0.8740234375 0.0537109375 0.1494140625
1 0.748046875 0.6708984375 0.0732421875 0.0859375
1 0.791015625 0.7177734375 0.07421875 0.0703125
1 0.8935546875 0.7294921875 0.0869140625 0.115234375
1 0.9658203125 0.7919921875 0.068359375 0.1728515625
1 0.73828125 0.98046875 0.083984375 0.0390625
1 0.013671875 0.86328125 0.0283203125 0.1318359375
1 0.0166015625 0.517578125 0.033203125 0.05078125
