1 0.2939453125 0.4482421875 0.0830078125 0.076171875
1 0.2109375 0.548828125 0.068359375 0.09375
1 0.755859375 0.0908203125 0.0439453125 0.103515625
1 0.6572265625 0.783203125 0.0439453125 0.1171875
1 0.9208984375 0.11328125 0.08203125 0.0703125
1 0.05859375 0.1826171875 0.076171875 0.0908203125
1 0.421875 0.16015625 0.080078125 0.0703125
1 0.107421875 0.7099609375 0.107421875 0.14453125
1 0.9423828125 0.6416015625 0.0869140625 0.0751953125
1 0.27734375 0.16796875 0.1025390625 0.078125
1 0.5263671875 0.2041015625 0.0791015625 0.0625
1 0.8916015625 0.7109375 0.0439453125 0.0986328125
1 0.3349609375 0.1240234375 0.056640625 0.1650390625
1 0.505859375 0.37109375 0.05078125 0.158203125
1 0.2734375 0.884765625 0.08203125 0.072265625
1 0.8388671875 0.2568359375 0.0634765625 0.078125
1 0.32421875 0.560546875 0.11328125 0.0849609375
1 0.3876953125 0.5068359375 0.03515625 0.0908203125
1 0.7841796875 0.4296875 0.0634765625 0.1064453125
1 0.7861328125 0.8251953125 0.13671875 0.05859375
1 0.5859375 0.287109375 0.0361328125 0.0634765625
1 0.53515625 0.85546875 0.0712890625 0.0498046875
1 0.7939453125 0.763671875 0.072265625 0.1142578125
1 0.8251953125 0.5068359375 0.0224609375 0.10546875
1 0.521484375 0.0390625 0.0615234375 0.0498046875
1 0.859375 0.447265625 0.0234375 0.087890625
1 0.654296875 0.234375 0.0576171875 0.0576171875
1 0.0546875 0.5 0.1064453125 0.0400390625
1 0.724609375 0.5166015625 0.15625 0.1201171875
1 0.9599609375 0.794921875 0.080078125 0.0791015625
1 0.5888671875 0.244140625 0.0576171875 0.068359375
1 0.6533203125 0.3583984375 0.0361328125 0.115234375
1 0.5166015625 0.15234375 0.0244140625 0.078125
1 0.90234375 0.951171875 0.0341796875 0.060546875
1 0.8349609375 0.15234375 0.0634765625 0.0341796875
1 0.9443359375 0.75390625 0.0751953125 0.04296875
1 0.28125 0.955078125 0.0546875 0.0830078125
1 0.4150390625 0.9501953125 0.0849609375 0.0380859375
1 0.107421875 0.58984375 0.103515625 0.046875
1 0.5126953125 0.580078125 0.056640625 0.048828125
1 0.2421875 0.0244140625 0.037109375 0.0498046875
1 0.818359375 0.7001953125 0.0341796875 0.056640625
1 0.8173828125 0.3447265625 0.0361328125 0.0615234375
1 0.046875 0.1220703125 0.0322265625 0.09375
1 0.4541015625 0.697265625 0.0517578125 0.029296875
1 0.9169921875 0.2392578125 0.1162109375 0.0556640625
1 0.5908203125 0.9326171875 0.1416015625 0.0400390625
1 0.2626953125 0.2353515625 0.1044921875 0.037109375
1 0.3681640625 0.0234375 0.0400390625 0.0478515625
1 0.7119140625 0.0478515625 0.0791015625 0.095703125
1 0.857421875 0.8212890625 0.0625 0.0517578125
1 0.873046875 0.9072265625 0.0498046875 0.0322265625
1 0.3359375 0.853515625 0.056640625 0.044921875
1 0.658203125 0.67578125 0.0673828125 0.04296875
1 0.4306640625 0.33984375 0.107421875 0.1474609375
1 0.6474609375 0.103515625 0.0302734375 0.0576171875
1 0.236328125 0.203125 0.0478515625 0.037109375
1 0.2275390625 0.916015625 0.0498046875 0.044921875
1 0.80078125 0.05859375 0.0810546875 0.1181640625
1 0.3896484375 0.8984375 0.060546875 0.044921875
1 0.3544921875 0.9736328125 0.123046875 0.052734375
1 0.9248046875 0.962890625 0.0283203125 0.037109375
1 0.98828125 0.7626953125 0.0224609375 0.0693359375
1 0.7177734375 0.5595703125 0.0625 0.025390625
