1 0.01953125 0.849609375 0.0400390625 0.119140625
1 0.099609375 0.7353515625 0.05078125 0.109375
1 0.17578125 0.6943359375 0.08984375 0.0908203125
1 0.220703125 0.9013671875 0.0703125 0.091796875
1 0.3349609375 0.873046875 0.0869140625 0.0673828125
1 0.44921875 0.9306640625 0.095703125 0.0830078125
1 0.60546875 0.9775390625 0.0908203125 0.044921875
1 0.833984375 0.9677734375 0.068359375 0.064453125
1 0.794921875 0.8740234375 0.0654296875 0.0732421875
1 0.642578125 0.7880859375 0.0947265625 0.076171875
1 0.5791015625 0.705078125 0.1328125 0.0888671875
1 0.671875 0.7265625 0.1044921875 0.068359375
1 0.431640625 0.6328125 0.09765625 0.09765625
1 0.21484375 0.59375 0.087890625 0.083984375
1 0.3173828125 0.7041015625 0.0751953125 0.0556640625
1 0.7197265625 0.5439453125 0.0771484375 0.0751953125
1 0.5693359375 0.4228515625 0.1015625 0.0791015625
1 0.3134765625 0.4560546875 0.0908203125 0.0751953125
1 0.7890625 0.6826171875 0.078125 0.0712890625
1 0.83984375 0.6064453125 0.083984375 0.0732421875
1 0.9208984375 0.4443359375 0.091796875 0.0673828125
1 0.923828125 0.6279296875 0.0693359375 0.0810546875
1 0.9658203125 0.70703125 0.068359375 0.0888671875
1 0.9658203125 0.7978515625 0.068359375 0.0927734375
1 0.7685546875 0.455078125 0.099609375 0.0654296875
1 0.7666015625 0.3916015625 0.0966796875 0.0498046875
1 0.7568359375 0.3134765625 0.099609375 0.0869140625
1 0.6611328125 0.2197265625 0.10546875 0.0888671875
1 0.1953125 0.32421875 0.1337890625 0.087890625
1 0.0849609375 0.2666015625 0.0869140625 0.0576171875
1 0.087890625 0.1181640625 0.078125 0.0810546875
1 0.205078125 0.0732421875 0.0849609375 0.0830078125
1 0.32421875 0.1044921875 0.080078125 0.1044921875
1 0.396484375 0.1279296875 0.0595703125 0.0498046875
1 0.4833984375 0.142578125 0.1005859375 0.0986328125
1 0.4697265625 0.26171875 0.0859375 0.08984375
1 0.771484375 0.02734375 0.1005859375 0.0556640625
1 0.9453125 0.1416015625 0.1083984375 0.0927734375
1 0.9716796875 0.283203125 0.056640625 0.0634765625
1 0.8359375 0.724609375 0.0771484375 0.0830078125
1 0.0966796875 0.34765625 0.1201171875 0.064453125
