1 0.9248046875 0.357421875 0.115234375 0.080078125
1 0.923828125 0.0361328125 0.099609375 0.072265625
1 0.771484375 0.744140625 0.1103515625 0.1494140625
1 0.4140625 0.4228515625 0.1142578125 0.1220703125
1 0.4853515625 0.822265625 0.1171875 0.12109375
1 0.3076171875 0.4765625 0.1279296875 0.1357421875
1 0.8876953125 0.4384765625 0.111328125 0.09765625
1 0.15625 0.3115234375 0.1298828125 0.080078125
1 0.7763671875 0.5166015625 0.1064453125 0.1015625
1 0.19140625 0.669921875 0.0947265625 0.080078125
1 0.9326171875 0.8544921875 0.0927734375 0.14453125
1 0.169921875 0.408203125 0.1572265625 0.09765625
1 0.3154296875 0.677734375 0.0869140625 0.0966796875
1 0.1728515625 0.1171875 0.0830078125 0.095703125
1 0.296875 0.828125 0.099609375 0.16796875
1 0.3740234375 0.8857421875 0.0947265625 0.09765625
1 0.357421875 0.9716796875 0.08984375 0.0556640625
1 0.76171875 0.3427734375 0.0498046875 0.0830078125
