1 0.068359375 0.103515625 0.115234375 0.0908203125
1 0.17578125 0.0791015625 0.0966796875 0.126953125
1 0.255859375 0.125 0.083984375 0.1171875
1 0.2216796875 0.2451171875 0.078125 0.06640625
1 0.20703125 0.298828125 0.0556640625 0.07421875
1 0.078125 0.3115234375 0.0703125 0.0576171875
1 0.1171875 0.5849609375 0.046875 0.037109375
1 0.0703125 0.6044921875 0.041015625 0.0322265625
1 0.1005859375 0.6435546875 0.091796875 0.0634765625
1 0.232421875 0.8955078125 0.154296875 0.208984375
1 0.3876953125 0.693359375 0.201171875 0.1025390625
1 0.416015625 0.7646484375 0.1337890625 0.0849609375
1 0.35546875 0.6259765625 0.076171875 0.0673828125
1 0.416015625 0.640625 0.0595703125 0.0498046875
1 0.5419921875 0.7099609375 0.0947265625 0.0703125
1 0.580078125 0.650390625 0.060546875 0.087890625
1 0.609375 0.57421875 0.1123046875 0.0693359375
1 0.6220703125 0.75390625 0.0966796875 0.0986328125
1 0.498046875 0.8798828125 0.23046875 0.12890625
1 0.359375 0.2880859375 0.10546875 0.080078125
1 0.2822265625 0.326171875 0.0595703125 0.0771484375
1 0.431640625 0.341796875 0.091796875 0.083984375
1 0.52734375 0.3505859375 0.0869140625 0.0693359375
1 0.50390625 0.271484375 0.0771484375 0.0810546875
1 0.4453125 0.2333984375 0.05859375 0.08203125
1 0.5927734375 0.251953125 0.0771484375 0.087890625
1 0.615234375 0.1884765625 0.0625 0.041015625
1 0.6572265625 0.2265625 0.0810546875 0.0625
1 0.6875 0.30078125 0.1162109375 0.072265625
1 0.8720703125 0.5888671875 0.0673828125 0.0537109375
1 0.90234375 0.6611328125 0.0537109375 0.1455078125
1 0.966796875 0.6171875 0.05078125 0.0576171875
1 0.9375 0.513671875 0.0732421875 0.1103515625
1 0.9560546875 0.8505859375 0.0615234375 0.0546875
1 0.9306640625 0.8740234375 0.0439453125 0.0634765625
1 0.8955078125 0.771484375 0.0517578125 0.052734375
1 0.84765625 0.8310546875 0.0537109375 0.0537109375
1 0.5751953125 0.1298828125 0.08984375 0.0439453125
1 0.478515625 0.1220703125 0.091796875 0.0732421875
1 0.400390625 0.14453125 0.1142578125 0.076171875
1 0.7685546875 0.2138671875 0.140625 0.056640625
1 0.8486328125 0.2705078125 0.087890625 0.07421875
1 0.826171875 0.2890625 0.05859375 0.087890625
1 0.8984375 0.2666015625 0.0517578125 0.052734375
1 0.86328125 0.212890625 0.064453125 0.044921875
1 0.8759765625 0.1572265625 0.0595703125 0.0732421875
1 0.9443359375 0.1455078125 0.078125 0.1640625
1 0.98046875 0.189453125 0.0380859375 0.0869140625
1 0.9501953125 0.353515625 0.048828125 0.052734375
