1 0.5439453125 0.419921875 0.095703125 0.0908203125
1 0.5244140625 0.5048828125 0.0947265625 0.08984375
1 0.63671875 0.625 0.076171875 0.0771484375
1 0.2734375 0.4736328125 0.16015625 0.0654296875
1 0.4306640625 0.322265625 0.07421875 0.0908203125
1 0.2607421875 0.1728515625 0.068359375 0.060546875
1 0.341796875 0.1201171875 0.0595703125 0.080078125
1 0.369140625 0.0263671875 0.0458984375 0.0537109375
1 0.4033203125 0.044921875 0.0517578125 0.0537109375
1 0.505859375 0.046875 0.0791015625 0.064453125
1 0.5439453125 0.09765625 0.0615234375 0.064453125
1 0.701171875 0.0390625 0.09765625 0.0791015625
1 0.6416015625 0.1162109375 0.072265625 0.0712890625
1 0.603515625 0.017578125 0.07421875 0.0361328125
1 0.921875 0.080078125 0.0703125 0.064453125
1 0.9462890625 0.2939453125 0.1015625 0.1572265625
1 0.96875 0.326171875 0.0615234375 0.0712890625
1 0.873046875 0.3408203125 0.0615234375 0.0693359375
1 0.8583984375 0.5146484375 0.0537109375 0.087890625
1 0.9482421875 0.48828125 0.1025390625 0.072265625
1 0.95703125 0.3974609375 0.0791015625 0.0498046875
1 0.837890625 0.4267578125 0.0703125 0.0693359375
1 0.6669921875 0.76171875 0.1552734375 0.0927734375
1 0.828125 0.83203125 0.060546875 0.0859375
1 0.8828125 0.728515625 0.064453125 0.0810546875
1 0.943359375 0.6865234375 0.1064453125 0.076171875
1 0.9609375 0.6181640625 0.0771484375 0.0703125
1 0.9140625 0.8564453125 0.052734375 0.05859375
1 0.873046875 0.9443359375 0.0908203125 0.0634765625
1 0.771484375 0.9189453125 0.078125 0.0673828125
1 0.63671875 0.9443359375 0.0830078125 0.07421875
1 0.4619140625 0.8720703125 0.09765625 0.0771484375
1 0.5771484375 0.8642578125 0.0634765625 0.0791015625
1 0.419921875 0.970703125 0.08203125 0.05859375
1 0.2158203125 0.9755859375 0.068359375 0.0478515625
1 0.1943359375 0.9033203125 0.08984375 0.0625
1 0.1083984375 0.8671875 0.0791015625 0.0625
1 0.35546875 0.8564453125 0.0693359375 0.0576171875
1 0.333984375 0.7265625 0.083984375 0.06640625
1 0.3837890625 0.6552734375 0.05859375 0.0625
1 0.3037109375 0.6279296875 0.076171875 0.080078125
1 0.259765625 0.55078125 0.0830078125 0.08203125
1 0.0234375 0.03125 0.046875 0.0625
1 0.091796875 0.08984375 0.107421875 0.08984375
1 0.052734375 0.5966796875 0.0615234375 0.0546875
1 0.0234375 0.67578125 0.0478515625 0.0849609375
1 0.0361328125 0.8896484375 0.0732421875 0.1103515625
1 0.0595703125 0.98046875 0.0673828125 0.0380859375
1 0.0947265625 0.6328125 0.07421875 0.05859375
1 0.5478515625 0.947265625 0.0546875 0.0498046875
1 0.587890625 0.814453125 0.0771484375 0.0703125
1 0.6513671875 0.298828125 0.0986328125 0.0849609375
1 0.7978515625 0.4697265625 0.10546875 0.0693359375
