1 0.1474609375 0.048828125 0.0673828125 0.0986328125
1 0.0634765625 0.1640625 0.0546875 0.0546875
1 0.384765625 0.0791015625 0.1298828125 0.0791015625
1 0.4990234375 0.0888671875 0.0908203125 0.0859375
1 0.6611328125 0.0556640625 0.1484375 0.091796875
1 0.7978515625 0.0966796875 0.068359375 0.05859375
1 0.8984375 0.0400390625 0.0693359375 0.0517578125
1 0.025390625 0.5009765625 0.05078125 0.09765625
1 0.0869140625 0.5556640625 0.068359375 0.05859375
1 0.171875 0.5927734375 0.091796875 0.115234375
1 0.2998046875 0.4951171875 0.0830078125 0.0654296875
1 0.328125 0.57421875 0.0771484375 0.125
1 0.1005859375 0.7041015625 0.1005859375 0.0673828125
1 0.2080078125 0.720703125 0.1201171875 0.158203125
1 0.2421875 0.658203125 0.080078125 0.07421875
1 0.3134765625 0.6845703125 0.0517578125 0.0576171875
1 0.314453125 0.7412109375 0.109375 0.0576171875
1 0.1875 0.86328125 0.052734375 0.0576171875
1 0.056640625 0.90234375 0.109375 0.05078125
1 0.517578125 0.8818359375 0.1220703125 0.0771484375
1 0.5517578125 0.755859375 0.0595703125 0.0556640625
1 0.775390625 0.779296875 0.07421875 0.13671875
1 0.8935546875 0.7353515625 0.0615234375 0.064453125
1 0.9677734375 0.572265625 0.0634765625 0.080078125
1 0.89453125 0.57421875 0.0791015625 0.0859375
1 0.767578125 0.552734375 0.0537109375 0.05078125
1 0.5693359375 0.5703125 0.056640625 0.0654296875
1 0.5888671875 0.5361328125 0.0625 0.08203125
1 0.640625 0.5615234375 0.06640625 0.107421875
1 0.7490234375 0.4970703125 0.0673828125 0.0869140625
1 0.9404296875 0.3388671875 0.1181640625 0.103515625
1 0.041015625 0.044921875 0.0634765625 0.0693359375
1 0.701171875 0.5185546875 0.0615234375 0.064453125
1 0.421875 0.0234375 0.11328125 0.0478515625
1 0.8115234375 0.015625 0.0556640625 0.0322265625
1 0.3583984375 0.025390625 0.0595703125 0.0517578125
1 0.177734375 0.0185546875 0.03125 0.037109375
1 0.2900390625 0.6064453125 0.0849609375 0.05859375
1 0.1533203125 0.638671875 0.0341796875 0.0283203125
1 0.748046875 0.9736328125 0.037109375 0.041015625
1 0.009765625 0.5771484375 0.01953125 0.0234375
1 0.86328125 0.3486328125 0.078125 0.12890625
1 0.78125 0.439453125 0.1474609375 0.119140625
1 0.64453125 0.4765625 0.12109375 0.1044921875
