1 0.9111328125 0.0712890625 0.0703125 0.08984375
1 0.9619140625 0.0693359375 0.060546875 0.0859375
1 0.9609375 0.1416015625 0.078125 0.1044921875
1 0.83203125 0.1484375 0.1396484375 0.08203125
1 0.7919921875 0.212890625 0.0673828125 0.060546875
1 0.8583984375 0.2841796875 0.099609375 0.0947265625
1 0.9765625 0.341796875 0.046875 0.0771484375
1 0.7421875 0.328125 0.0859375 0.0751953125
1 0.982421875 0.501953125 0.03515625 0.0625
1 0.8759765625 0.5048828125 0.0771484375 0.080078125
1 0.9248046875 0.68359375 0.1357421875 0.08984375
1 0.6884765625 0.4072265625 0.078125 0.099609375
1 0.5673828125 0.4658203125 0.0654296875 0.06640625
1 0.513671875 0.65625 0.0712890625 0.1201171875
1 0.728515625 0.7041015625 0.0634765625 0.1015625
1 0.8486328125 0.8125 0.0673828125 0.064453125
1 0.978515625 0.90234375 0.04296875 0.1181640625
1 0.830078125 0.9599609375 0.0869140625 0.080078125
1 0.7666015625 0.94921875 0.080078125 0.0751953125
1 0.529296875 0.9716796875 0.0888671875 0.056640625
1 0.7265625 0.8359375 0.0791015625 0.1123046875
1 0.634765625 0.8447265625 0.0712890625 0.134765625
1 0.5166015625 0.8408203125 0.083984375 0.0888671875
1 0.2607421875 0.9599609375 0.09375 0.080078125
1 0.224609375 0.7353515625 0.107421875 0.068359375
1 0.2841796875 0.5654296875 0.138671875 0.1455078125
1 0.3251953125 0.5166015625 0.0888671875 0.115234375
1 0.3837890625 0.478515625 0.0712890625 0.0751953125
1 0.4521484375 0.421875 0.0810546875 0.078125
1 0.22265625 0.4228515625 0.0751953125 0.1142578125
1 0.349609375 0.357421875 0.111328125 0.091796875
1 0.40234375 0.3056640625 0.0693359375 0.0712890625
1 0.48828125 0.24609375 0.0595703125 0.0654296875
1 0.53125 0.1806640625 0.0693359375 0.1298828125
1 0.3525390625 0.1982421875 0.107421875 0.138671875
1 0.21875 0.23828125 0.0849609375 0.0673828125
1 0.2392578125 0.2978515625 0.080078125 0.078125
1 0.130859375 0.201171875 0.1396484375 0.10546875
1 0.048828125 0.046875 0.091796875 0.0888671875
1 0.09375 0.3974609375 0.0625 0.0556640625
1 0.05859375 0.607421875 0.1181640625 0.0947265625
1 0.0234375 0.8955078125 0.0478515625 0.0546875
1 0.4521484375 0.3154296875 0.0654296875 0.064453125
1 0.5458984375 0.623046875 0.05078125 0.05859375
1 0.55078125 0.9306640625 0.05078125 0.0634765625
1 0.8447265625 0.9580078125 0.0478515625 0.0556640625
