1 0.0283203125 0.3759765625 0.056640625 0.064453125
1 0.044921875 0.4365234375 0.0908203125 0.0703125
1 0.103515625 0.640625 0.0947265625 0.11328125
1 0.349609375 0.5380859375 0.0810546875 0.076171875
1 0.3701171875 0.439453125 0.0732421875 0.048828125
1 0.4609375 0.3896484375 0.0498046875 0.0712890625
1 0.4052734375 0.2939453125 0.076171875 0.0712890625
1 0.21484375 0.345703125 0.11328125 0.0693359375
1 0.515625 0.373046875 0.1142578125 0.158203125
1 0.525390625 0.236328125 0.0615234375 0.0693359375
1 0.4560546875 0.189453125 0.0625 0.0703125
1 0.5390625 0.1474609375 0.10546875 0.0849609375
1 0.34375 0.068359375 0.0810546875 0.0576171875
1 0.1513671875 0.0673828125 0.08203125 0.07421875
1 0.6357421875 0.5048828125 0.0830078125 0.083984375
1 0.7333984375 0.333984375 0.0927734375 0.1103515625
1 0.8720703125 0.3173828125 0.193359375 0.099609375
1 0.9658203125 0.3974609375 0.068359375 0.0537109375
1 0.9873046875 0.3173828125 0.0244140625 0.1220703125
1 0.8125 0.0458984375 0.0615234375 0.060546875
1 0.6884765625 0.046875 0.0673828125 0.0517578125
1 0.7353515625 0.0234375 0.0625 0.0478515625
1 0.0498046875 0.9716796875 0.076171875 0.056640625
1 0.5166015625 0.951171875 0.06640625 0.09765625
1 0.59375 0.96875 0.087890625 0.0537109375
1 0.5673828125 0.865234375 0.0888671875 0.072265625
1 0.7529296875 0.935546875 0.0810546875 0.09375
1 0.7646484375 0.7919921875 0.0986328125 0.05859375
1 0.9296875 0.8798828125 0.1015625 0.0732421875
1 0.89453125 0.962890625 0.0673828125 0.07421875
1 0.44140625 0.701171875 0.125 0.064453125
1 0.564453125 0.634765625 0.076171875 0.08203125
1 0.505859375 0.7802734375 0.1826171875 0.1376953125
1 0.939453125 0.583984375 0.0712890625 0.1083984375
1 0.9638671875 0.01171875 0.072265625 0.0244140625
1 0.5576171875 0.703125 0.0625 0.04296875
