1 0.1787109375 0.806640625 0.0888671875 0.068359375
1 0.2353515625 0.7197265625 0.1513671875 0.1416015625
1 0.20703125 0.751953125 0.0908203125 0.095703125
1 0.2373046875 0.63671875 0.080078125 0.1201171875
1 0.375 0.6455078125 0.0869140625 0.0625
1 0.4990234375 0.5224609375 0.0966796875 0.095703125
1 0.3017578125 0.802734375 0.08203125 0.0546875
1 0.3740234375 0.7841796875 0.0751953125 0.087890625
1 0.9755859375 0.8291015625 0.0478515625 0.080078125
1 0.81640625 0.8642578125 0.0693359375 0.064453125
1 0.87109375 0.8515625 0.0888671875 0.091796875
1 0.708984375 0.8310546875 0.0810546875 0.068359375
1 0.9697265625 0.673828125 0.0595703125 0.146484375
1 0.740234375 0.6962890625 0.05859375 0.0634765625
1 0.8515625 0.6123046875 0.05078125 0.052734375
1 0.8740234375 0.544921875 0.0771484375 0.078125
1 0.919921875 0.2890625 0.0830078125 0.130859375
1 0.9697265625 0.306640625 0.0595703125 0.0673828125
1 0.7666015625 0.1572265625 0.1376953125 0.087890625
1 0.77734375 0.2607421875 0.083984375 0.07421875
1 0.7060546875 0.259765625 0.072265625 0.0869140625
1 0.44140625 0.185546875 0.1259765625 0.08203125
1 0.28515625 0.263671875 0.068359375 0.1044921875
1 0.349609375 0.3125 0.0810546875 0.107421875
1 0.2109375 0.3896484375 0.091796875 0.080078125
1 0.134765625 0.2080078125 0.0751953125 0.0830078125
1 0.34375 0.0439453125 0.1025390625 0.080078125
1 0.3212890625 0.6650390625 0.0947265625 0.064453125
1 0.27734375 0.5908203125 0.0419921875 0.052734375
