1 0.9267578125 0.3818359375 0.0791015625 0.08203125
1 0.154296875 0.29296875 0.111328125 0.05078125
1 0.58984375 0.453125 0.0751953125 0.0625
1 0.978515625 0.7587890625 0.0419921875 0.04296875
1 0.111328125 0.685546875 0.12109375 0.06640625
1 0.48046875 0.146484375 0.076171875 0.0546875
1 0.33203125 0.751953125 0.111328125 0.05859375
1 0.8896484375 0.7158203125 0.09765625 0.0634765625
1 0.5517578125 0.03125 0.13671875 0.0615234375
1 0.77734375 0.0390625 0.087890625 0.0615234375
1 0.07421875 0.0625 0.1259765625 0.0625
1 0.3056640625 0.5986328125 0.0849609375 0.0302734375
1 0.3388671875 0.0654296875 0.060546875 0.083984375
1 0.6865234375 0.900390625 0.103515625 0.080078125
1 0.8505859375 0.4248046875 0.0625 0.044921875
1 0.0400390625 0.294921875 0.0810546875 0.0556640625
1 0.47265625 0.7490234375 0.07421875 0.0361328125
1 0.4287109375 0.3603515625 0.126953125 0.0546875
1 0.8955078125 0.5615234375 0.0771484375 0.056640625
1 0.27734375 0.7578125 0.0771484375 0.048828125
1 0.123046875 0.7294921875 0.1357421875 0.0439453125
1 0.533203125 0.9296875 0.099609375 0.0419921875
1 0.791015625 0.0263671875 0.0732421875 0.0537109375
1 0.099609375 0.541015625 0.1083984375 0.064453125
1 0.380859375 0.412109375 0.1181640625 0.048828125
1 0.6748046875 0.3447265625 0.1064453125 0.0615234375
1 0.4296875 0.0302734375 0.134765625 0.060546875
1 0.240234375 0.0390625 0.1064453125 0.0478515625
1 0.212890625 0.8134765625 0.1396484375 0.0595703125
1 0.7841796875 0.0966796875 0.0859375 0.0576171875
1 0.2626953125 0.853515625 0.12109375 0.033203125
1 0.0908203125 0.875 0.12109375 0.0625
1 0.845703125 0.779296875 0.0869140625 0.056640625
1 0.0751953125 0.83203125 0.138671875 0.037109375
1 0.404296875 0.11328125 0.05859375 0.0546875
1 0.4609375 0.3994140625 0.095703125 0.0302734375
1 0.490234375 0.89453125 0.109375 0.046875
1 0.8037109375 0.5341796875 0.064453125 0.05078125
1 0.1396484375 0.6728515625 0.0830078125 0.037109375
1 0.2529296875 0.203125 0.09375 0.037109375
1 0.03125 0.875 0.0625 0.0419921875
1 0.7900390625 0.404296875 0.068359375 0.0498046875
1 0.9296875 0.8525390625 0.09375 0.0390625
1 0.041015625 0.4755859375 0.0830078125 0.0400390625
1 0.6435546875 0.0146484375 0.0673828125 0.0302734375
1 0.4013671875 0.8154296875 0.1162109375 0.037109375
1 0.1796875 0.439453125 0.1328125 0.0478515625
1 0.95703125 0.4951171875 0.083984375 0.052734375
1 0.1767578125 0.7666015625 0.0888671875 0.0390625
1 0.021484375 0.76953125 0.0439453125 0.060546875
1 0.037109375 0.4345703125 0.07421875 0.0478515625
1 0.5029296875 0.5302734375 0.06640625 0.0322265625
1 0.50390625 0.2412109375 0.060546875 0.041015625
1 0.4833984375 0.8505859375 0.068359375 0.0322265625
1 0.6611328125 0.5322265625 0.0625 0.04296875
1 0.298828125 0.8076171875 0.0859375 0.0595703125
1 0.263671875 0.1708984375 0.0791015625 0.0390625
1 0.0595703125 0.4951171875 0.1123046875 0.033203125
1 0.587890625 0.8603515625 0.103515625 0.05859375
1 0.8359375 0.828125 0.09375 0.046875
1 0.0224609375 0.3837890625 0.0458984375 0.0439453125
1 0.7744140625 0.833984375 0.0478515625 0.0419921875
1 0.0400390625 0.0283203125 0.068359375 0.0419921875
1 0.0400390625 0.3408203125 0.076171875 0.02734375
1 0.2998046875 0.8154296875 0.0869140625 0.03125
1 0.310546875 0.017578125 0.0576171875 0.03515625
1 0.1787109375 0.0107421875 0.046875 0.021484375
1 0.7138671875 0.0205078125 0.04296875 0.0400390625
1 0.900390625 0.5029296875 0.0537109375 0.0380859375
