1 0.962890625 0.2158203125 0.05078125 0.0634765625
1 0.80859375 0.1279296875 0.05859375 0.080078125
1 0.8564453125 0.271484375 0.0546875 0.046875
1 0.6484375 0.28125 0.0576171875 0.0439453125
1 0.56640625 0.2197265625 0.0673828125 0.0634765625
1 0.4931640625 0.21484375 0.0556640625 0.052734375
1 0.5185546875 0.177734375 0.046875 0.0498046875
1 0.40625 0.1337890625 0.0458984375 0.0498046875
1 0.3515625 0.1630859375 0.0537109375 0.0419921875
1 0.3759765625 0.1943359375 0.0654296875 0.0390625
1 0.2939453125 0.142578125 0.0478515625 0.0625
1 0.3388671875 0.1015625 0.1142578125 0.076171875
1 0.958984375 0.41015625 0.072265625 0.048828125
1 0.8076171875 0.6298828125 0.11328125 0.0546875
1 0.83203125 0.404296875 0.0615234375 0.072265625
1 0.814453125 0.4482421875 0.0546875 0.0673828125
1 0.8837890625 0.4267578125 0.0537109375 0.0576171875
1 0.89453125 0.3720703125 0.0537109375 0.04296875
1 0.6552734375 0.5048828125 0.0517578125 0.06640625
1 0.5634765625 0.4462890625 0.0556640625 0.0537109375
1 0.501953125 0.4140625 0.0546875 0.0732421875
1 0.5185546875 0.3955078125 0.04296875 0.0498046875
1 0.5244140625 0.32421875 0.080078125 0.044921875
1 0.38671875 0.3896484375 0.06640625 0.0458984375
1 0.3505859375 0.333984375 0.0556640625 0.044921875
1 0.3076171875 0.283203125 0.0693359375 0.0517578125
1 0.291015625 0.328125 0.0576171875 0.0576171875
1 0.232421875 0.3671875 0.04296875 0.041015625
1 0.1796875 0.232421875 0.0478515625 0.06640625
1 0.1533203125 0.1083984375 0.0673828125 0.0634765625
1 0.0732421875 0.23828125 0.0546875 0.0322265625
1 0.0595703125 0.3388671875 0.076171875 0.083984375
1 0.02734375 0.484375 0.0546875 0.046875
1 0.1171875 0.552734375 0.0625 0.0556640625
1 0.041015625 0.564453125 0.0830078125 0.046875
1 0.095703125 0.6123046875 0.107421875 0.0517578125
1 0.2001953125 0.640625 0.06640625 0.046875
1 0.15234375 0.697265625 0.0634765625 0.0546875
1 0.0927734375 0.7216796875 0.0478515625 0.05859375
1 0.1728515625 0.74609375 0.0634765625 0.0361328125
1 0.2216796875 0.736328125 0.072265625 0.0791015625
1 0.2548828125 0.76953125 0.0791015625 0.0810546875
1 0.19921875 0.794921875 0.05859375 0.0439453125
1 0.2890625 0.7109375 0.06640625 0.0595703125
1 0.2705078125 0.8466796875 0.0615234375 0.064453125
1 0.3974609375 0.6572265625 0.06640625 0.0986328125
1 0.3515625 0.666015625 0.0458984375 0.060546875
1 0.4296875 0.5263671875 0.0712890625 0.0712890625
1 0.47265625 0.6328125 0.0625 0.0537109375
1 0.5625 0.6728515625 0.0771484375 0.0751953125
1 0.619140625 0.71875 0.0595703125 0.0947265625
1 0.6796875 0.71875 0.0791015625 0.05078125
1 0.7705078125 0.6669921875 0.046875 0.0380859375
1 0.765625 0.7216796875 0.052734375 0.05859375
1 0.7861328125 0.708984375 0.0439453125 0.056640625
1 0.8212890625 0.7216796875 0.072265625 0.0517578125
1 0.802734375 0.767578125 0.07421875 0.0703125
1 0.8505859375 0.783203125 0.0556640625 0.05859375
1 0.8740234375 0.916015625 0.0615234375 0.0859375
1 0.9248046875 0.931640625 0.07421875 0.1123046875
1 0.814453125 0.9736328125 0.06640625 0.0517578125
1 0.8095703125 0.91796875 0.052734375 0.0751953125
1 0.62109375 0.8681640625 0.05078125 0.0576171875
1 0.580078125 0.9365234375 0.0869140625 0.1005859375
1 0.541015625 0.7470703125 0.0927734375 0.0576171875
1 0.59375 0.7802734375 0.0751953125 0.0673828125
1 0.4755859375 0.744140625 0.0419921875 0.048828125
1 0.109375 0.9833984375 0.09765625 0.0322265625
1 0.232421875 0.2021484375 0.0556640625 0.052734375
1 0.1865234375 0.3115234375 0.0341796875 0.044921875
1 0.8349609375 0.9765625 0.0390625 0.046875
1 0.75 0.2607421875 0.0419921875 0.0400390625
1 0.78515625 0.25390625 0.04296875 0.0537109375
1 0.734375 0.5546875 0.0205078125 0.0390625
1 0.5078125 0.720703125 0.0517578125 0.056640625
1 0.5654296875 0.78515625 0.083984375 0.05078125
1 0.7294921875 0.59375 0.0546875 0.0322265625
1 0.759765625 0.6123046875 0.0361328125 0.0439453125
1 0.9228515625 0.48828125 0.03515625 0.0341796875
1 0.9775390625 0.4658203125 0.0234375 0.02734375
