1 0.541015625 0.94921875 0.0791015625 0.0791015625
1 0.513671875 0.2587890625 0.0693359375 0.103515625
1 0.5498046875 0.775390625 0.0751953125 0.0859375
1 0.9677734375 0.7646484375 0.044921875 0.0908203125
1 0.6640625 0.1708984375 0.060546875 0.08984375
1 0.6728515625 0.8681640625 0.072265625 0.10546875
1 0.125 0.8603515625 0.080078125 0.11328125
1 0.3759765625 0.474609375 0.0517578125 0.0791015625
1 0.6015625 0.296875 0.0673828125 0.078125
1 0.2685546875 0.263671875 0.076171875 0.06640625
1 0.3798828125 0.8896484375 0.068359375 0.076171875
1 0.19140625 0.5185546875 0.1015625 0.046875
1 0.92578125 0.1318359375 0.0703125 0.16796875
1 0.0263671875 0.9501953125 0.052734375 0.07421875
1 0.5986328125 0.890625 0.0654296875 0.068359375
1 0.9013671875 0.783203125 0.041015625 0.10546875
1 0.0244140625 0.3876953125 0.0498046875 0.1015625
1 0.43359375 0.26953125 0.056640625 0.0703125
1 0.2548828125 0.333984375 0.0693359375 0.0537109375
1 0.8369140625 0.224609375 0.056640625 0.0654296875
1 0.8642578125 0.1357421875 0.0546875 0.0927734375
1 0.6748046875 0.509765625 0.0947265625 0.1220703125
1 0.009765625 0.0380859375 0.0205078125 0.064453125
1 0.244140625 0.9677734375 0.0791015625 0.0634765625
1 0.7646484375 0.4892578125 0.0478515625 0.0732421875
1 0.28125 0.880859375 0.0390625 0.060546875
1 0.15625 0.443359375 0.0703125 0.0615234375
1 0.7275390625 0.2919921875 0.0361328125 0.0869140625
1 0.72265625 0.099609375 0.0810546875 0.0439453125
1 0.0244140625 0.486328125 0.048828125 0.0595703125
1 0.6044921875 0.21484375 0.0556640625 0.08984375
1 0.2705078125 0.2255859375 0.05078125 0.0751953125
1 0.7236328125 0.158203125 0.037109375 0.078125
1 0.431640625 0.90234375 0.0576171875 0.0634765625
1 0.802734375 0.33984375 0.0263671875 0.087890625
1 0.08203125 0.591796875 0.052734375 0.05859375
1 0.8125 0.6337890625 0.0625 0.0556640625
1 0.8310546875 0.7412109375 0.0595703125 0.0625
1 0.0458984375 0.3984375 0.0322265625 0.0732421875
1 0.47265625 0.283203125 0.037109375 0.05859375
1 0.7822265625 0.791015625 0.0517578125 0.0595703125
1 0.712890625 0.9541015625 0.052734375 0.0361328125
1 0.171875 0.0517578125 0.0361328125 0.044921875
1 0.2783203125 0.115234375 0.0517578125 0.06640625
1 0.26953125 0.6123046875 0.0478515625 0.060546875
1 0.6630859375 0.0703125 0.076171875 0.0439453125
1 0.1982421875 0.96875 0.05859375 0.0439453125
1 0.3916015625 0.125 0.0458984375 0.07421875
1 0.728515625 0.9892578125 0.0478515625 0.0205078125
1 0.70703125 0.431640625 0.0400390625 0.0595703125
1 0.708984375 0.841796875 0.072265625 0.0341796875
1 0.794921875 0.251953125 0.0458984375 0.0654296875
1 0.9873046875 0.4619140625 0.025390625 0.0693359375
1 0.677734375 0.7099609375 0.0712890625 0.046875
1 0.23046875 0.4638671875 0.025390625 0.0517578125
1 0.583984375 0.15234375 0.060546875 0.033203125
1 0.638671875 0.595703125 0.0693359375 0.0380859375
1 0.88671875 0.9208984375 0.0654296875 0.0556640625
1 0.8134765625 0.2578125 0.046875 0.0712890625
1 0.74609375 0.7548828125 0.037109375 0.048828125
1 0.359375 0.13671875 0.05859375 0.044921875
1 0.7314453125 0.8017578125 0.0283203125 0.0703125
1 0.8837890625 0.9892578125 0.044921875 0.0205078125
1 0.865234375 0.828125 0.08984375 0.046875
1 0.740234375 0.5830078125 0.0458984375 0.0341796875
1 0.5859375 0.578125 0.05078125 0.060546875
1 0.9697265625 0.6015625 0.033203125 0.0341796875
1 0.435546875 0.3671875 0.0771484375 0.04296875
1 0.048828125 0.7841796875 0.0517578125 0.0322265625
1 0.7236328125 0.4873046875 0.0283203125 0.0771484375
1 0.3017578125 0.015625 0.033203125 0.03125
1 0.0185546875 0.9189453125 0.0380859375 0.0458984375
1 0.3134765625 0.0771484375 0.166015625 0.0390625
1 0.234375 0.0830078125 0.1494140625 0.068359375
1 0.419921875 0.7666015625 0.0634765625 0.052734375
1 0.3134765625 0.9931640625 0.046875 0.013671875
1 0.181640625 0.9921875 0.0517578125 0.0146484375
1 0.1416015625 0.7470703125 0.1259765625 0.1220703125
1 0.134765625 0.759765625 0.099609375 0.0751953125
1 0.3173828125 0.7568359375 0.0703125 0.095703125
1 0.28515625 0.7587890625 0.1298828125 0.0556640625
1 0.271484375 0.7236328125 0.0869140625 0.0625
1 0.2138671875 0.7568359375 0.0703125 0.0693359375
1 0.3046875 0.7099609375 0.046875 0.041015625
1 0.8056640625 0.0205078125 0.072265625 0.0419921875
