1 0.4375 0.1572265625 0.17578125 0.1025390625
1 0.4541015625 0.0810546875 0.1416015625 0.0830078125
1 0.8056640625 0.046875 0.1015625 0.09375
1 0.9736328125 0.029296875 0.0517578125 0.05859375
1 0.611328125 0.498046875 0.1015625 0.12109375
1 0.7060546875 0.2470703125 0.1162109375 0.1015625
1 0.41015625 0.3388671875 0.1123046875 0.09375
1 0.1865234375 0.3359375 0.15234375 0.091796875
1 0.20703125 0.23046875 0.1396484375 0.10546875
1 0.076171875 0.53515625 0.1015625 0.1455078125
1 0.1162109375 0.8134765625 0.201171875 0.1279296875
1 0.4814453125 0.841796875 0.2109375 0.1103515625
1 0.984375 0.296875 0.03125 0.1015625
1 0.8779296875 0.796875 0.0888671875 0.130859375
1 0.744140625 0.7822265625 0.099609375 0.1103515625
1 0.7578125 0.6083984375 0.1376953125 0.12890625
1 0.91015625 0.1416015625 0.0859375 0.0849609375
1 0.0810546875 0.2939453125 0.09375 0.0947265625
1 0.0263671875 0.33203125 0.052734375 0.107421875
1 0.634765625 0.8564453125 0.1220703125 0.080078125
1 0.61328125 0.970703125 0.0673828125 0.05859375
1 0.810546875 0.5078125 0.064453125 0.087890625
1 0.90625 0.5478515625 0.0791015625 0.083984375
1 0.966796875 0.6484375 0.06640625 0.0693359375
1 0.9423828125 0.39453125 0.06640625 0.06640625
