1 0.794921875 0.837890625 0.1279296875 0.0712890625
1 0.525390625 0.69921875 0.1630859375 0.2197265625
1 0.1845703125 0.7509765625 0.095703125 0.0947265625
1 0.3515625 0.25390625 0.1025390625 0.1005859375
1 0.2470703125 0.7060546875 0.0947265625 0.0927734375
1 0.9267578125 0.6953125 0.1455078125 0.099609375
1 0.458984375 0.3935546875 0.109375 0.1279296875
1 0.0419921875 0.1826171875 0.0849609375 0.2470703125
1 0.3095703125 0.43359375 0.095703125 0.22265625
1 0.7568359375 0.322265625 0.064453125 0.10546875
1 0.5673828125 0.515625 0.115234375 0.1572265625
1 0.0322265625 0.4873046875 0.064453125 0.134765625
1 0.9794921875 0.2978515625 0.0400390625 0.2529296875
1 0.578125 0.2578125 0.212890625 0.1123046875
1 0.546875 0.9072265625 0.10546875 0.185546875
1 0.08984375 0.9365234375 0.1103515625 0.1201171875
1 0.8134765625 0.44921875 0.1328125 0.248046875
1 0.7705078125 0.0703125 0.15234375 0.1376953125
1 0.6396484375 0.611328125 0.08203125 0.337890625
1 0.9326171875 0.0947265625 0.08984375 0.1611328125
1 0.537109375 0.052734375 0.095703125 0.1025390625
1 0.9423828125 0.3876953125 0.0732421875 0.12109375
1 0.5029296875 0.2119140625 0.107421875 0.169921875
1 0.8447265625 0.1943359375 0.095703125 0.1796875
1 0.3642578125 0.49609375 0.0703125 0.1025390625
1 0.7353515625 0.490234375 0.0966796875 0.1279296875
1 0.9384765625 0.3037109375 0.072265625 0.0947265625
1 0.1513671875 0.9560546875 0.1201171875 0.087890625
1 0.0185546875 0.9375 0.037109375 0.125
1 0.416015625 0.033203125 0.0673828125 0.060546875
1 0.8662109375 0.8076171875 0.0712890625 0.0712890625
1 0.8984375 0.05859375 0.0888671875 0.1025390625
