1 0.9375 0.859375 0.0859375 0.1728515625
1 0.87109375 0.72265625 0.0625 0.0908203125
1 0.7294921875 0.947265625 0.0771484375 0.1044921875
1 0.5791015625 0.962890625 0.0771484375 0.07421875
1 0.96484375 0.4169921875 0.0634765625 0.068359375
1 0.697265625 0.0458984375 0.0859375 0.083984375
1 0.54296875 0.2490234375 0.1474609375 0.140625
1 0.56640625 0.2490234375 0.1162109375 0.1171875
1 0.365234375 0.328125 0.0693359375 0.1689453125
1 0.4482421875 0.3916015625 0.056640625 0.072265625
1 0.392578125 0.48828125 0.1064453125 0.173828125
1 0.2587890625 0.1767578125 0.169921875 0.169921875
1 0.173828125 0.1533203125 0.1025390625 0.28125
1 0.259765625 0.466796875 0.095703125 0.1396484375
1 0.1923828125 0.4375 0.11328125 0.232421875
1 0.1943359375 0.5625 0.0771484375 0.1044921875
1 0.12890625 0.404296875 0.07421875 0.107421875
1 0.099609375 0.462890625 0.130859375 0.0908203125
1 0.1865234375 0.7548828125 0.08203125 0.095703125
1 0.2939453125 0.8427734375 0.0888671875 0.150390625
1 0.0615234375 0.6318359375 0.0888671875 0.09375
1 0.03515625 0.5400390625 0.0703125 0.1064453125
1 0.8935546875 0.0478515625 0.07421875 0.095703125
1 0.1025390625 0.0322265625 0.1171875 0.0625
1 0.388671875 0.279296875 0.072265625 0.1748046875
1 0.642578125 0.296875 0.06640625 0.0439453125
1 0.0166015625 0.4443359375 0.033203125 0.11328125
1 0.1708984375 0.1689453125 0.140625 0.0947265625
1 0.119140625 0.08984375 0.02734375 0.064453125
1 0.0615234375 0.6591796875 0.05078125 0.06640625
