1 0.962890625 0.0947265625 0.0732421875 0.140625
1 0.9853515625 0.8603515625 0.029296875 0.05859375
1 0.9326171875 0.892578125 0.1337890625 0.1064453125
1 0.828125 0.8828125 0.06640625 0.0576171875
1 0.734375 0.970703125 0.0732421875 0.0576171875
1 0.341796875 0.90234375 0.125 0.078125
1 0.390625 0.83203125 0.16796875 0.0986328125
1 0.2177734375 0.73046875 0.1767578125 0.0986328125
1 0.447265625 0.6572265625 0.1689453125 0.0693359375
1 0.4755859375 0.595703125 0.1416015625 0.107421875
1 0.6279296875 0.7294921875 0.1142578125 0.1171875
1 0.5810546875 0.72265625 0.0556640625 0.0908203125
1 0.6455078125 0.59765625 0.0888671875 0.1396484375
1 0.6826171875 0.623046875 0.087890625 0.0966796875
1 0.8515625 0.7392578125 0.099609375 0.083984375
1 0.9462890625 0.755859375 0.1044921875 0.0546875
1 0.9560546875 0.7119140625 0.0869140625 0.072265625
1 0.951171875 0.587890625 0.0732421875 0.15234375
1 0.8798828125 0.6318359375 0.0615234375 0.138671875
1 0.8798828125 0.537109375 0.0546875 0.076171875
1 0.9873046875 0.419921875 0.025390625 0.07421875
1 0.8564453125 0.3271484375 0.0810546875 0.0791015625
1 0.2021484375 0.900390625 0.0947265625 0.1259765625
1 0.1689453125 0.9736328125 0.0771484375 0.0517578125
1 0.03125 0.95703125 0.0625 0.0849609375
1 0.033203125 0.751953125 0.06640625 0.150390625
1 0.0634765625 0.6103515625 0.126953125 0.1142578125
1 0.1787109375 0.4404296875 0.0908203125 0.072265625
1 0.0546875 0.3037109375 0.064453125 0.1484375
1 0.0283203125 0.482421875 0.056640625 0.0908203125
1 0.197265625 0.3486328125 0.1630859375 0.078125
1 0.3955078125 0.3291015625 0.068359375 0.0546875
1 0.5185546875 0.4208984375 0.072265625 0.0693359375
1 0.4697265625 0.2783203125 0.1171875 0.0625
1 0.6904296875 0.2353515625 0.134765625 0.091796875
1 0.83203125 0.1943359375 0.087890625 0.142578125
1 0.7041015625 0.0712890625 0.1025390625 0.142578125
1 0.8583984375 0.06640625 0.099609375 0.1337890625
1 0.9150390625 0.0634765625 0.083984375 0.126953125
1 0.1669921875 0.021484375 0.1181640625 0.04296875
1 0.033203125 0.0185546875 0.0634765625 0.037109375
1 0.1064453125 0.1591796875 0.1171875 0.06640625
1 0.1689453125 0.134765625 0.1044921875 0.103515625
1 0.265625 0.2158203125 0.123046875 0.0673828125
1 0.4912109375 0.2138671875 0.23046875 0.0595703125
1 0.1025390625 0.236328125 0.0556640625 0.087890625
1 0.7412109375 0.53125 0.05078125 0.0546875
1 0.8310546875 0.5234375 0.09375 0.125
1 0.421875 0.4267578125 0.05859375 0.0517578125
1 0.3310546875 0.4931640625 0.0634765625 0.060546875
