1 0.5869140625 0.5927734375 0.0966796875 0.140625
1 0.134765625 0.3095703125 0.0869140625 0.16015625
1 0.59375 0.478515625 0.158203125 0.123046875
1 0.1533203125 0.5966796875 0.0947265625 0.0546875
1 0.55859375 0.25 0.1455078125 0.0625
1 0.708984375 0.95703125 0.0771484375 0.0859375
1 0.7158203125 0.541015625 0.0654296875 0.091796875
1 0.04296875 0.044921875 0.0869140625 0.08984375
1 0.408203125 0.8984375 0.09375 0.07421875
1 0.76171875 0.236328125 0.0791015625 0.0703125
1 0.4970703125 0.16796875 0.14453125 0.0810546875
1 0.693359375 0.408203125 0.0712890625 0.1435546875
1 0.6552734375 0.4853515625 0.0830078125 0.111328125
1 0.5537109375 0.9189453125 0.095703125 0.080078125
1 0.705078125 0.599609375 0.0712890625 0.0771484375
1 0.79296875 0.9833984375 0.0869140625 0.033203125
1 0.6796875 0.892578125 0.0732421875 0.0693359375
1 0.638671875 0.533203125 0.091796875 0.056640625
1 0.7236328125 0.7080078125 0.0849609375 0.1083984375
1 0.9248046875 0.9091796875 0.1484375 0.1240234375
1 0.1005859375 0.517578125 0.1123046875 0.0615234375
1 0.369140625 0.9560546875 0.1220703125 0.0869140625
1 0.68359375 0.748046875 0.1044921875 0.072265625
1 0.48828125 0.8447265625 0.189453125 0.14453125
1 0.73828125 0.3193359375 0.0693359375 0.0537109375
1 0.724609375 0.3662109375 0.0615234375 0.0751953125
1 0.228515625 0.376953125 0.083984375 0.1005859375
1 0.376953125 0.5546875 0.150390625 0.130859375
1 0.181640625 0.4697265625 0.0869140625 0.08203125
1 0.794921875 0.89453125 0.0712890625 0.1279296875
1 0.8427734375 0.6171875 0.072265625 0.087890625
1 0.931640625 0.5712890625 0.1025390625 0.1123046875
1 0.6240234375 0.6865234375 0.103515625 0.07421875
1 0.8173828125 0.763671875 0.068359375 0.1103515625
1 0.8818359375 0.83984375 0.09375 0.1083984375
1 0.783203125 0.67578125 0.076171875 0.1455078125
1 0.912109375 0.7666015625 0.1025390625 0.07421875
1 0.677734375 0.818359375 0.0908203125 0.099609375
1 0.595703125 0.7783203125 0.13671875 0.138671875
1 0.8759765625 0.693359375 0.0673828125 0.05078125
1 0.5009765625 0.251953125 0.1416015625 0.087890625
1 0.7060546875 0.263671875 0.1083984375 0.1298828125
1 0.6240234375 0.193359375 0.0869140625 0.080078125
1 0.6533203125 0.1708984375 0.083984375 0.0849609375
1 0.6982421875 0.0615234375 0.078125 0.1240234375
1 0.62109375 0.0908203125 0.1611328125 0.1015625
1 0.859375 0.017578125 0.056640625 0.0361328125
1 0.955078125 0.7431640625 0.0517578125 0.041015625
1 0.94140625 0.7080078125 0.0771484375 0.0703125
1 0.7529296875 0.8046875 0.0576171875 0.0859375
