1 0.119140625 0.54296875 0.2392578125 0.068359375
1 0.3037109375 0.158203125 0.076171875 0.1220703125
1 0.7685546875 0.66015625 0.1611328125 0.15625
1 0.2685546875 0.3212890625 0.078125 0.130859375
1 0.52734375 0.703125 0.2392578125 0.0771484375
1 0.3974609375 0.423828125 0.0712890625 0.2392578125
1 0.3359375 0.8076171875 0.0751953125 0.111328125
1 0.5361328125 0.1123046875 0.1533203125 0.09375
1 0.6669921875 0.0576171875 0.09375 0.1064453125
1 0.69921875 0.7158203125 0.1044921875 0.15625
1 0.0810546875 0.9443359375 0.0830078125 0.0693359375
1 0.9697265625 0.53515625 0.0595703125 0.0859375
1 0.783203125 0.478515625 0.1337890625 0.0771484375
1 0.8291015625 0.7568359375 0.1240234375 0.3203125
1 0.3896484375 0.8369140625 0.1015625 0.181640625
1 0.419921875 0.2041015625 0.103515625 0.11328125
1 0.5546875 0.2763671875 0.1044921875 0.1083984375
1 0.8271484375 0.384765625 0.083984375 0.1181640625
1 0.7744140625 0.3369140625 0.2197265625 0.12109375
1 0.9326171875 0.2216796875 0.1337890625 0.177734375
