1 0.078125 0.2900390625 0.060546875 0.1064453125
1 0.341796875 0.0390625 0.0634765625 0.078125
1 0.333984375 0.4140625 0.0654296875 0.0810546875
1 0.45703125 0.1259765625 0.0634765625 0.083984375
1 0.2275390625 0.490234375 0.064453125 0.103515625
1 0.1796875 0.509765625 0.0576171875 0.0751953125
1 0.3115234375 0.578125 0.0498046875 0.095703125
1 0.0556640625 0.029296875 0.0595703125 0.05859375
1 0.55078125 0.2275390625 0.0439453125 0.08203125
1 0.61328125 0.5537109375 0.0908203125 0.091796875
1 0.1845703125 0.8876953125 0.044921875 0.0888671875
1 0.5458984375 0.9189453125 0.0546875 0.111328125
1 0.3310546875 0.951171875 0.0341796875 0.0927734375
1 0.1572265625 0.97265625 0.0302734375 0.0546875
1 0.7001953125 0.6201171875 0.0390625 0.0732421875
1 0.5380859375 0.57421875 0.0302734375 0.0859375
1 0.59765625 0.212890625 0.02734375 0.0888671875
1 0.6923828125 0.7939453125 0.0390625 0.072265625
1 0.677734375 0.1796875 0.0537109375 0.1015625
1 0.814453125 0.96875 0.072265625 0.0615234375
1 0.146484375 0.0576171875 0.09765625 0.1015625
1 0.123046875 0.263671875 0.0693359375 0.1005859375
1 0.9091796875 0.8740234375 0.064453125 0.150390625
1 0.0556640625 0.6865234375 0.1123046875 0.0556640625
1 0.6494140625 0.794921875 0.0615234375 0.076171875
1 0.85546875 0.70703125 0.0576171875 0.076171875
1 0.9189453125 0.4228515625 0.0419921875 0.060546875
1 0.7890625 0.2978515625 0.037109375 0.0830078125
1 0.37890625 0.2041015625 0.0634765625 0.1494140625
1 0.1845703125 0.216796875 0.1064453125 0.103515625
1 0.0302734375 0.15234375 0.0615234375 0.0673828125
1 0.4013671875 0.3857421875 0.041015625 0.0693359375
1 0.4873046875 0.927734375 0.064453125 0.07421875
1 0.623046875 0.244140625 0.0322265625 0.076171875
1 0.5205078125 0.6826171875 0.0537109375 0.0654296875
1 0.83203125 0.263671875 0.0625 0.0810546875
1 0.43359375 0.3740234375 0.0361328125 0.1064453125
1 0.7197265625 0.384765625 0.0556640625 0.0927734375
1 0.841796875 0.90234375 0.0458984375 0.1259765625
1 0.17578125 0.701171875 0.0595703125 0.0908203125
1 0.0673828125 0.4453125 0.1064453125 0.1640625
1 0.6201171875 0.9775390625 0.0703125 0.0439453125
1 0.9326171875 0.3427734375 0.0458984375 0.0859375
1 0.5615234375 0.15625 0.056640625 0.0634765625
1 0.7265625 0.1376953125 0.0634765625 0.0537109375
1 0.3310546875 0.7138671875 0.048828125 0.0478515625
1 0.9384765625 0.736328125 0.0517578125 0.0322265625
1 0.8642578125 0.318359375 0.0615234375 0.0625
1 0.60546875 0.0908203125 0.0400390625 0.0693359375
1 0.45703125 0.5732421875 0.0576171875 0.0791015625
1 0.18359375 0.748046875 0.05078125 0.068359375
1 0.609375 0.0263671875 0.02734375 0.0537109375
1 0.072265625 0.765625 0.0419921875 0.060546875
1 0.0458984375 0.724609375 0.091796875 0.048828125
1 0.857421875 0.408203125 0.0400390625 0.048828125
1 0.234375 0.9677734375 0.083984375 0.0361328125
1 0.671875 0.71484375 0.056640625 0.0908203125
1 0.9404296875 0.0869140625 0.05859375 0.060546875
1 0.53125 0.791015625 0.0458984375 0.07421875
1 0.7607421875 0.798828125 0.044921875 0.0537109375
1 0.615234375 0.4716796875 0.0439453125 0.052734375
1 0.9775390625 0.9287109375 0.044921875 0.064453125
1 0.7333984375 0.4130859375 0.04296875 0.0615234375
1 0.375 0.6318359375 0.0947265625 0.0986328125
1 0.107421875 0.9814453125 0.060546875 0.037109375
1 0.6640625 0.9619140625 0.0615234375 0.048828125
1 0.208984375 0.9833984375 0.0517578125 0.0322265625
1 0.9658203125 0.64453125 0.0419921875 0.0439453125
1 0.6357421875 0.6240234375 0.0517578125 0.0517578125
1 0.7861328125 0.7421875 0.0400390625 0.0390625
1 0.6181640625 0.0263671875 0.029296875 0.052734375
1 0.6083984375 0.8125 0.0390625 0.0419921875
1 0.17509765625 0.2517578125 0.0556640625 0.068359375
1 0.89453125 0.9833984375 0.0537109375 0.033203125
1 0.119140625 0.41015625 0.0341796875 0.05078125
1 0.3935546875 0.05078125 0.041015625 0.078125
1 0.7861328125 0.01171875 0.037109375 0.0244140625
1 0.8369140625 0.0048828125 0.0234375 0.0107421875
1 0.990234375 0.611328125 0.0185546875 0.0771484375
1 0.9384765625 0.8134765625 0.0751953125 0.0615234375
1 0.9541015625 0.7919921875 0.0478515625 0.0439453125
