1 0.0625 0.0263671875 0.1259765625 0.0537109375
1 0.3857421875 0.123046875 0.10546875 0.0654296875
1 0.4931640625 0.1923828125 0.083984375 0.052734375
1 0.322265625 0.244140625 0.0712890625 0.08203125
1 0.3828125 0.251953125 0.0791015625 0.0693359375
1 0.2490234375 0.232421875 0.076171875 0.05859375
1 0.1787109375 0.248046875 0.0869140625 0.044921875
1 0.06640625 0.2109375 0.1328125 0.068359375
1 0.080078125 0.28125 0.091796875 0.0576171875
1 0.2431640625 0.3291015625 0.1875 0.05859375
1 0.2548828125 0.3759765625 0.0654296875 0.060546875
1 0.5400390625 0.35546875 0.06640625 0.048828125
1 0.541015625 0.421875 0.06640625 0.0927734375
1 0.6513671875 0.408203125 0.0791015625 0.060546875
1 0.65234375 0.3359375 0.080078125 0.0517578125
1 0.724609375 0.3076171875 0.072265625 0.0693359375
1 0.8818359375 0.24609375 0.0712890625 0.0478515625
1 0.8310546875 0.2880859375 0.1015625 0.0947265625
1 0.9423828125 0.318359375 0.1142578125 0.0673828125
1 0.6982421875 0.5078125 0.0927734375 0.1396484375
1 0.591796875 0.53125 0.0888671875 0.0615234375
1 0.275390625 0.5830078125 0.0810546875 0.0849609375
1 0.1162109375 0.5419921875 0.0791015625 0.1337890625
1 0.044921875 0.5146484375 0.08984375 0.0791015625
1 0.03515625 0.6376953125 0.0703125 0.0986328125
1 0.1748046875 0.841796875 0.1591796875 0.0927734375
1 0.4384765625 0.6982421875 0.1181640625 0.1181640625
1 0.5439453125 0.7119140625 0.0732421875 0.13671875
1 0.6015625 0.6953125 0.0615234375 0.0712890625
1 0.6728515625 0.6787109375 0.0908203125 0.1025390625
1 0.7734375 0.7578125 0.1259765625 0.0849609375
1 0.7548828125 0.837890625 0.060546875 0.0556640625
1 0.8515625 0.796875 0.09375 0.1318359375
1 0.93359375 0.83984375 0.076171875 0.0791015625
1 0.958984375 0.7255859375 0.072265625 0.119140625
1 0.9306640625 0.5830078125 0.09375 0.08984375
1 0.9609375 0.525390625 0.0771484375 0.0751953125
1 0.98046875 0.5029296875 0.0390625 0.095703125
1 0.6298828125 0.9423828125 0.0830078125 0.10546875
1 0.4765625 0.8662109375 0.0869140625 0.072265625
1 0.34765625 0.921875 0.103515625 0.14453125
1 0.1630859375 0.9150390625 0.1220703125 0.0439453125
1 0.1728515625 0.9638671875 0.203125 0.060546875
1 0.52734375 0.9599609375 0.09765625 0.060546875
1 0.8076171875 0.9892578125 0.080078125 0.021484375
1 0.220703125 0.4912109375 0.06640625 0.0830078125
1 0.6943359375 0.0380859375 0.0615234375 0.0771484375
1 0.8779296875 0.0146484375 0.0673828125 0.029296875
1 0.16015625 0.43359375 0.099609375 0.083984375
1 0.0546875 0.36328125 0.1044921875 0.0732421875
1 0.78515625 0.6357421875 0.1044921875 0.150390625
1 0.9296875 0.40234375 0.1025390625 0.1259765625
