1 0.0234375 0.4853515625 0.046875 0.0576171875
1 0.0390625 0.544921875 0.0791015625 0.0693359375
1 0.08203125 0.396484375 0.1005859375 0.0595703125
1 0.0888671875 0.3310546875 0.0712890625 0.0849609375
1 0.1552734375 0.4443359375 0.0693359375 0.09765625
1 0.1494140625 0.62890625 0.05859375 0.1416015625
1 0.03125 0.7529296875 0.0625 0.1064453125
1 0.27734375 0.8759765625 0.0810546875 0.0791015625
1 0.23828125 0.8408203125 0.0693359375 0.072265625
1 0.2041015625 0.76171875 0.0751953125 0.0869140625
1 0.140625 0.7353515625 0.06640625 0.060546875
1 0.3310546875 0.685546875 0.1015625 0.0634765625
1 0.5087890625 0.84765625 0.0625 0.0888671875
1 0.4072265625 0.8564453125 0.072265625 0.076171875
1 0.958984375 0.9765625 0.0517578125 0.0458984375
1 0.701171875 0.8955078125 0.083984375 0.16796875
1 0.9013671875 0.93359375 0.0625 0.0693359375
1 0.88671875 0.64453125 0.0703125 0.046875
1 0.8076171875 0.7041015625 0.064453125 0.0888671875
1 0.767578125 0.6259765625 0.091796875 0.10546875
1 0.7041015625 0.6015625 0.07421875 0.0791015625
1 0.9384765625 0.5361328125 0.087890625 0.1142578125
1 0.962890625 0.4033203125 0.0732421875 0.1513671875
1 0.634765625 0.40234375 0.060546875 0.08203125
1 0.8603515625 0.4775390625 0.0634765625 0.0673828125
1 0.4736328125 0.4580078125 0.0830078125 0.0576171875
1 0.318359375 0.5537109375 0.09765625 0.0908203125
1 0.23828125 0.4609375 0.0693359375 0.1162109375
1 0.4267578125 0.66015625 0.09765625 0.0810546875
1 0.9111328125 0.2685546875 0.056640625 0.1513671875
1 0.8037109375 0.3779296875 0.0537109375 0.078125
1 0.3115234375 0.4228515625 0.0556640625 0.0595703125
1 0.8056640625 0.46875 0.0546875 0.1005859375
1 0.2431640625 0.673828125 0.056640625 0.052734375
1 0.7509765625 0.41015625 0.064453125 0.080078125
1 0.9716796875 0.849609375 0.056640625 0.0712890625
1 0.0224609375 0.8388671875 0.0458984375 0.0732421875
1 0.26953125 0.7421875 0.08984375 0.0751953125
1 0.63671875 0.46875 0.07421875 0.060546875
1 0.7568359375 0.4951171875 0.080078125 0.07421875
1 0.7451171875 0.908203125 0.0439453125 0.04296875
1 0.6337890625 0.9228515625 0.0673828125 0.06640625
1 0.392578125 0.7314453125 0.107421875 0.060546875
1 0.1845703125 0.7158203125 0.056640625 0.05078125
1 0.169921875 0.390625 0.041015625 0.03515625
1 0.0634765625 0.484375 0.048828125 0.0439453125
1 0.5146484375 0.58984375 0.0439453125 0.037109375
1 0.345703125 0.357421875 0.0419921875 0.04296875
1 0.2822265625 0.4013671875 0.03515625 0.03125
1 0.3330078125 0.46875 0.048828125 0.056640625
1 0.970703125 0.740234375 0.0576171875 0.052734375
1 0.7587890625 0.5634765625 0.060546875 0.052734375
1 0.822265625 0.6376953125 0.044921875 0.0498046875
1 0.8671875 0.623046875 0.0537109375 0.04296875
