1 0.353515625 0.4814453125 0.13671875 0.0751953125
1 0.7021484375 0.9228515625 0.14453125 0.1123046875
1 0.4794921875 0.0146484375 0.115234375 0.029296875
1 0.3974609375 0.3232421875 0.125 0.072265625
1 0.328125 0.57421875 0.08984375 0.078125
1 0.3505859375 0.8583984375 0.09765625 0.078125
1 0.5078125 0.38671875 0.1279296875 0.0654296875
1 0.396484375 0.5478515625 0.1005859375 0.0625
1 0.4287109375 0.2099609375 0.150390625 0.0771484375
1 0.71875 0.8017578125 0.1396484375 0.0703125
1 0.466796875 0.6396484375 0.1396484375 0.080078125
1 0.08203125 0.623046875 0.080078125 0.0771484375
1 0.2236328125 0.3056640625 0.1201171875 0.072265625
1 0.7578125 0.17578125 0.1318359375 0.056640625
1 0.498046875 0.5595703125 0.1123046875 0.060546875
1 0.59375 0.623046875 0.1201171875 0.0673828125
1 0.1396484375 0.083984375 0.095703125 0.048828125
1 0.740234375 0.7275390625 0.1279296875 0.1025390625
1 0.751953125 0.390625 0.125 0.072265625
1 0.08203125 0.365234375 0.08984375 0.0576171875
1 0.0751953125 0.525390625 0.0927734375 0.0830078125
1 0.2294921875 0.3603515625 0.0849609375 0.0771484375
1 0.619140625 0.7119140625 0.1044921875 0.0703125
1 0.6845703125 0.5537109375 0.115234375 0.0673828125
1 0.0458984375 0.755859375 0.091796875 0.072265625
1 0.4794921875 0.314453125 0.07421875 0.044921875
1 0.82421875 0.0244140625 0.1455078125 0.0498046875
1 0.349609375 0.15625 0.1796875 0.0625
1 0.7900390625 0.6298828125 0.1474609375 0.1025390625
1 0.5810546875 0.2939453125 0.1328125 0.0849609375
1 0.5234375 0.2314453125 0.107421875 0.0693359375
1 0.826171875 0.56640625 0.2099609375 0.1044921875
1 0.8115234375 0.0869140625 0.1396484375 0.044921875
1 0.015625 0.619140625 0.0322265625 0.0751953125
1 0.896484375 0.052734375 0.1904296875 0.0732421875
1 0.69140625 0.138671875 0.1103515625 0.0751953125
1 0.775390625 0.1328125 0.1318359375 0.0419921875
1 0.8359375 0.2509765625 0.126953125 0.052734375
1 0.931640625 0.2529296875 0.1103515625 0.09765625
1 0.7265625 0.294921875 0.0849609375 0.044921875
1 0.9130859375 0.37109375 0.1328125 0.072265625
1 0.6630859375 0.4609375 0.1025390625 0.052734375
1 0.5205078125 0.4296875 0.1376953125 0.060546875
1 0.775390625 0.4892578125 0.1279296875 0.044921875
1 0.576171875 0.55078125 0.0625 0.056640625
1 0.943359375 0.5078125 0.11328125 0.0771484375
1 0.271484375 0.95703125 0.1298828125 0.0849609375
1 0.5166015625 0.7763671875 0.0732421875 0.046875
