1 0.3544921875 0.3662109375 0.134765625 0.0849609375
1 0.7509765625 0.6015625 0.09765625 0.0791015625
1 0.546875 0.5166015625 0.0703125 0.080078125
1 0.931640625 0.3994140625 0.1298828125 0.0751953125
1 0.021484375 0.486328125 0.04296875 0.0849609375
1 0.265625 0.626953125 0.09765625 0.16015625
1 0.8740234375 0.609375 0.0693359375 0.08984375
1 0.2626953125 0.75390625 0.0830078125 0.1005859375
1 0.333984375 0.224609375 0.0654296875 0.095703125
1 0.96875 0.4853515625 0.0625 0.0830078125
1 0.880859375 0.046875 0.0947265625 0.0673828125
1 0.26171875 0.2041015625 0.0546875 0.0595703125
1 0.080078125 0.158203125 0.0771484375 0.078125
1 0.5712890625 0.6875 0.0849609375 0.0927734375
1 0.984375 0.6142578125 0.0302734375 0.1396484375
1 0.3876953125 0.158203125 0.0927734375 0.072265625
1 0.5712890625 0.74609375 0.078125 0.0830078125
1 0.1123046875 0.099609375 0.0546875 0.07421875
1 0.01953125 0.2939453125 0.03515625 0.1494140625
1 0.01953125 0.625 0.0390625 0.078125
1 0.060546875 0.810546875 0.0673828125 0.0771484375
1 0.3642578125 0.9521484375 0.0849609375 0.095703125
1 0.44921875 0.9443359375 0.080078125 0.1103515625
1 0.4931640625 0.916015625 0.1171875 0.08203125
1 0.677734375 0.9521484375 0.0771484375 0.095703125
