1 0.0380859375 0.3583984375 0.0771484375 0.119140625
1 0.080078125 0.85546875 0.09375 0.0625
1 0.1103515625 0.8115234375 0.078125 0.0703125
1 0.234375 0.6826171875 0.0703125 0.1015625
1 0.197265625 0.55859375 0.05859375 0.0537109375
1 0.1552734375 0.54296875 0.0439453125 0.052734375
1 0.3955078125 0.376953125 0.09375 0.0751953125
1 0.4267578125 0.314453125 0.0595703125 0.05859375
1 0.6171875 0.330078125 0.0546875 0.0830078125
1 0.6416015625 0.388671875 0.06640625 0.0810546875
1 0.744140625 0.33984375 0.0810546875 0.0634765625
1 0.849609375 0.3505859375 0.080078125 0.064453125
1 0.4326171875 0.5 0.048828125 0.0732421875
1 0.3134765625 0.4970703125 0.0439453125 0.0556640625
1 0.5185546875 0.4033203125 0.0458984375 0.060546875
1 0.55078125 0.4853515625 0.04296875 0.05078125
1 0.58984375 0.501953125 0.0498046875 0.0576171875
1 0.4853515625 0.48828125 0.05078125 0.0654296875
1 0.5341796875 0.53125 0.0693359375 0.0439453125
1 0.634765625 0.5791015625 0.0654296875 0.04296875
1 0.755859375 0.5419921875 0.095703125 0.0615234375
1 0.7509765625 0.482421875 0.056640625 0.05078125
1 0.6923828125 0.4833984375 0.0595703125 0.08203125
1 0.7900390625 0.4287109375 0.09765625 0.048828125
1 0.9130859375 0.4453125 0.0556640625 0.0478515625
1 0.9091796875 0.501953125 0.0634765625 0.048828125
1 0.947265625 0.5244140625 0.0625 0.06640625
1 0.96875 0.46875 0.0625 0.0498046875
1 0.884765625 0.58984375 0.052734375 0.0546875
1 0.9580078125 0.6123046875 0.0732421875 0.052734375
1 0.2958984375 0.8408203125 0.037109375 0.0390625
1 0.28125 0.9404296875 0.044921875 0.0517578125
1 0.4091796875 0.94921875 0.044921875 0.0419921875
1 0.3955078125 0.978515625 0.0517578125 0.037109375
1 0.4951171875 0.9765625 0.0625 0.0390625
1 0.515625 0.919921875 0.0634765625 0.05859375
1 0.5869140625 0.927734375 0.05859375 0.041015625
1 0.62890625 0.9833984375 0.0546875 0.0322265625
1 0.6884765625 0.9833984375 0.0576171875 0.033203125
1 0.5986328125 0.7685546875 0.0732421875 0.0517578125
1 0.6875 0.75390625 0.0703125 0.0517578125
1 0.681640625 0.7890625 0.0595703125 0.0537109375
1 0.76171875 0.77734375 0.0546875 0.0556640625
1 0.734375 0.8544921875 0.048828125 0.05859375
1 0.78515625 0.84765625 0.0556640625 0.0556640625
1 0.96484375 0.7236328125 0.0703125 0.0615234375
1 0.8125 0.904296875 0.0673828125 0.0419921875
1 0.845703125 0.97265625 0.0634765625 0.0546875
1 0.8779296875 0.9580078125 0.0517578125 0.0673828125
1 0.798828125 0.9794921875 0.04296875 0.0400390625
1 0.193359375 0.0107421875 0.0517578125 0.0224609375
1 0.5419921875 0.0234375 0.060546875 0.0478515625
1 0.61328125 0.0166015625 0.0693359375 0.033203125
1 0.3515625 0.0234375 0.056640625 0.0478515625
1 0.400390625 0.029296875 0.0673828125 0.05859375
1 0.44921875 0.0322265625 0.0400390625 0.064453125
1 0.6533203125 0.0341796875 0.072265625 0.0615234375
1 0.8056640625 0.078125 0.064453125 0.0546875
1 0.814453125 0.021484375 0.0751953125 0.04296875
1 0.2822265625 0.0478515625 0.0478515625 0.046875
1 0.482421875 0.142578125 0.0380859375 0.033203125
1 0.8134765625 0.1416015625 0.0595703125 0.04296875
1 0.7275390625 0.037109375 0.044921875 0.0390625
1 0.4453125 0.896484375 0.07421875 0.044921875
1 0.4267578125 0.8671875 0.060546875 0.0546875
1 0.041015625 0.8876953125 0.0537109375 0.05859375
1 0.08984375 0.9833984375 0.0546875 0.033203125
1 0.3662109375 0.9462890625 0.05859375 0.04296875
