1 0.912109375 0.07421875 0.0810546875 0.0654296875
1 0.5654296875 0.958984375 0.1279296875 0.0751953125
1 0.9619140625 0.2138671875 0.076171875 0.1171875
1 0.962890625 0.810546875 0.0732421875 0.072265625
1 0.8212890625 0.0869140625 0.0869140625 0.064453125
1 0.322265625 0.0302734375 0.080078125 0.0576171875
1 0.91015625 0.931640625 0.0830078125 0.0751953125
1 0.1015625 0.53515625 0.1298828125 0.1572265625
1 0.283203125 0.5966796875 0.0673828125 0.0751953125
1 0.416015625 0.5029296875 0.072265625 0.1123046875
1 0.19140625 0.814453125 0.1298828125 0.080078125
1 0.8203125 0.7958984375 0.0576171875 0.142578125
1 0.8681640625 0.326171875 0.08203125 0.0849609375
1 0.8046875 0.5322265625 0.064453125 0.080078125
1 0.91015625 0.7626953125 0.0830078125 0.0869140625
1 0.3310546875 0.865234375 0.087890625 0.1181640625
1 0.1826171875 0.8740234375 0.0771484375 0.078125
1 0.689453125 0.3369140625 0.099609375 0.0751953125
