1 0.220703125 0.0537109375 0.103515625 0.1083984375
1 0.392578125 0.248046875 0.1025390625 0.08203125
1 0.4580078125 0.2734375 0.060546875 0.0595703125
1 0.5908203125 0.2490234375 0.080078125 0.0625
1 0.703125 0.294921875 0.1005859375 0.052734375
1 0.8134765625 0.12890625 0.07421875 0.107421875
1 0.8193359375 0.333984375 0.078125 0.0693359375
1 0.98046875 0.55078125 0.0390625 0.115234375
1 0.71875 0.591796875 0.0859375 0.0830078125
1 0.52734375 0.4873046875 0.08984375 0.09765625
1 0.603515625 0.5078125 0.0927734375 0.083984375
1 0.4521484375 0.609375 0.078125 0.0732421875
1 0.4248046875 0.666015625 0.078125 0.0546875
1 0.509765625 0.7353515625 0.1171875 0.0625
1 0.609375 0.7373046875 0.0771484375 0.0986328125
1 0.7763671875 0.6796875 0.1044921875 0.08984375
1 0.6748046875 0.8125 0.08984375 0.0625
1 0.951171875 0.8056640625 0.0966796875 0.08203125
1 0.87890625 0.4794921875 0.1318359375 0.07421875
1 0.298828125 0.6494140625 0.1328125 0.1083984375
1 0.34375 0.5654296875 0.087890625 0.0576171875
1 0.251953125 0.5224609375 0.06640625 0.0634765625
1 0.2255859375 0.4169921875 0.107421875 0.0693359375
1 0.37890625 0.3818359375 0.103515625 0.080078125
1 0.1708984375 0.2783203125 0.0869140625 0.0908203125
1 0.072265625 0.2373046875 0.07421875 0.07421875
1 0.123046875 0.6435546875 0.1083984375 0.115234375
1 0.078125 0.5263671875 0.119140625 0.0908203125
1 0.0439453125 0.763671875 0.064453125 0.068359375
1 0.775390625 0.9658203125 0.091796875 0.0673828125
1 0.5771484375 0.8515625 0.0615234375 0.0712890625
1 0.22265625 0.83984375 0.07421875 0.0556640625
