1 0.1826171875 0.048828125 0.119140625 0.0810546875
1 0.037109375 0.2265625 0.07421875 0.1083984375
1 0.34375 0.0166015625 0.078125 0.033203125
1 0.08203125 0.416015625 0.0595703125 0.060546875
1 0.068359375 0.537109375 0.0693359375 0.11328125
1 0.0390625 0.5732421875 0.0703125 0.130859375
1 0.208984375 0.4609375 0.0810546875 0.0908203125
1 0.2431640625 0.3037109375 0.1015625 0.078125
1 0.2578125 0.134765625 0.080078125 0.09765625
1 0.0576171875 0.8125 0.115234375 0.08984375
1 0.2197265625 0.7509765625 0.0810546875 0.083984375
1 0.029296875 0.69140625 0.05859375 0.0458984375
1 0.30859375 0.8583984375 0.0947265625 0.08203125
1 0.177734375 0.845703125 0.099609375 0.0654296875
1 0.3857421875 0.6494140625 0.06640625 0.1123046875
1 0.4921875 0.8056640625 0.1025390625 0.107421875
1 0.48046875 0.9423828125 0.068359375 0.1142578125
1 0.564453125 0.5869140625 0.0693359375 0.0751953125
1 0.611328125 0.58203125 0.12890625 0.1162109375
1 0.6875 0.5673828125 0.115234375 0.0751953125
1 0.6083984375 0.40625 0.0869140625 0.1328125
1 0.5283203125 0.3046875 0.0888671875 0.068359375
1 0.75 0.3408203125 0.0517578125 0.0693359375
1 0.755859375 0.22265625 0.0693359375 0.0712890625
1 0.58203125 0.1904296875 0.0625 0.0625
1 0.6640625 0.1748046875 0.0615234375 0.08203125
1 0.5771484375 0.1083984375 0.080078125 0.0693359375
1 0.923828125 0.1591796875 0.15234375 0.1025390625
1 0.974609375 0.3154296875 0.05078125 0.08203125
1 0.9775390625 0.419921875 0.0439453125 0.0556640625
1 0.921875 0.5947265625 0.1044921875 0.0732421875
1 0.966796875 0.5966796875 0.06640625 0.0791015625
1 0.8720703125 0.732421875 0.0966796875 0.0810546875
1 0.5986328125 0.83203125 0.0673828125 0.095703125
1 0.8447265625 0.982421875 0.0693359375 0.03515625
1 0.9169921875 0.9521484375 0.0751953125 0.0947265625
1 0.98828125 0.9091796875 0.0224609375 0.0625
1 0.923828125 0.013671875 0.09765625 0.0283203125
1 0.4853515625 0.0498046875 0.0830078125 0.1005859375
1 0.400390625 0.109375 0.0703125 0.0869140625
1 0.7470703125 0.02734375 0.091796875 0.0546875
