1 0.076171875 0.0791015625 0.0771484375 0.1591796875
1 0.0126953125 0.2685546875 0.0263671875 0.1025390625
1 0.17578125 0.232421875 0.1220703125 0.0751953125
1 0.3134765625 0.162109375 0.125 0.072265625
1 0.193359375 0.025390625 0.0810546875 0.05078125
1 0.255859375 0.0087890625 0.0615234375 0.017578125
1 0.279296875 0.328125 0.162109375 0.1015625
1 0.2177734375 0.4833984375 0.138671875 0.12890625
1 0.1044921875 0.3232421875 0.0966796875 0.0908203125
1 0.0087890625 0.5908203125 0.017578125 0.08984375
1 0.16015625 0.6328125 0.068359375 0.064453125
1 0.166015625 0.7822265625 0.0830078125 0.1083984375
1 0.03125 0.9658203125 0.0546875 0.0673828125
1 0.1162109375 0.955078125 0.09765625 0.0654296875
1 0.4150390625 0.943359375 0.1123046875 0.083984375
1 0.4375 0.8369140625 0.107421875 0.158203125
1 0.4443359375 0.6904296875 0.0625 0.0703125
1 0.42578125 0.4619140625 0.0888671875 0.072265625
1 0.5244140625 0.5078125 0.072265625 0.0986328125
1 0.5234375 0.630859375 0.083984375 0.1552734375
1 0.6123046875 0.67578125 0.0712890625 0.0751953125
1 0.4423828125 0.33203125 0.111328125 0.1220703125
1 0.4052734375 0.2353515625 0.0546875 0.0693359375
1 0.5625 0.16015625 0.0732421875 0.0712890625
1 0.677734375 0.16796875 0.068359375 0.068359375
1 0.51953125 0.0595703125 0.0546875 0.0576171875
1 0.8515625 0.306640625 0.1123046875 0.0927734375
1 0.8125 0.546875 0.087890625 0.2109375
1 0.85546875 0.5361328125 0.095703125 0.0927734375
1 0.9111328125 0.7470703125 0.12890625 0.0791015625
1 0.9609375 0.8583984375 0.0771484375 0.134765625
1 0.8212890625 0.841796875 0.08203125 0.05859375
1 0.7412109375 0.908203125 0.0791015625 0.1123046875
1 0.6826171875 0.9482421875 0.083984375 0.103515625
1 0.8251953125 0.9169921875 0.076171875 0.083984375
1 0.8203125 0.123046875 0.072265625 0.072265625
1 0.9541015625 0.1396484375 0.0908203125 0.126953125
1 0.8115234375 0.0087890625 0.087890625 0.017578125
1 0.732421875 0.01953125 0.0498046875 0.0400390625
1 0.3623046875 0.0068359375 0.09375 0.0146484375
