1 0.58984375 0.2666015625 0.06640625 0.1015625
1 0.060546875 0.1953125 0.0634765625 0.08984375
1 0.6962890625 0.2685546875 0.0517578125 0.083984375
1 0.1083984375 0.6787109375 0.0732421875 0.0830078125
1 0.8515625 0.056640625 0.0673828125 0.0771484375
1 0.9462890625 0.345703125 0.0478515625 0.095703125
1 0.12890625 0.0703125 0.080078125 0.09375
1 0.568359375 0.6376953125 0.048828125 0.080078125
1 0.1669921875 0.6953125 0.0654296875 0.080078125
1 0.1162109375 0.78125 0.06640625 0.0537109375
1 0.80859375 0.2333984375 0.0458984375 0.083984375
1 0.23828125 0.5576171875 0.1005859375 0.0869140625
1 0.35546875 0.310546875 0.05078125 0.076171875
1 0.82421875 0.3837890625 0.0556640625 0.0751953125
1 0.048828125 0.0927734375 0.0654296875 0.072265625
1 0.3212890625 0.705078125 0.09375 0.0546875
1 0.103515625 0.5224609375 0.0693359375 0.1123046875
1 0.5576171875 0.388671875 0.0595703125 0.07421875
1 0.9765625 0.095703125 0.0458984375 0.1025390625
1 0.482421875 0.650390625 0.0556640625 0.0673828125
1 0.560546875 0.7646484375 0.109375 0.0703125
1 0.4140625 0.06640625 0.052734375 0.064453125
1 0.2001953125 0.126953125 0.0693359375 0.0615234375
1 0.6025390625 0.697265625 0.046875 0.0830078125
1 0.0712890625 0.40625 0.0732421875 0.0478515625
1 0.8515625 0.443359375 0.0498046875 0.0458984375
1 0.1630859375 0.8505859375 0.0986328125 0.087890625
1 0.1728515625 0.419921875 0.068359375 0.0390625
1 0.1669921875 0.05078125 0.076171875 0.0654296875
1 0.6611328125 0.7099609375 0.048828125 0.068359375
1 0.626953125 0.7646484375 0.0576171875 0.0654296875
1 0.5 0.8671875 0.0458984375 0.0615234375
1 0.0244140625 0.33203125 0.0439453125 0.05859375
1 0.515625 0.4140625 0.0673828125 0.0390625
1 0.6494140625 0.4580078125 0.0986328125 0.0458984375
1 0.630859375 0.6669921875 0.044921875 0.072265625
1 0.796875 0.7021484375 0.0390625 0.0654296875
1 0.71875 0.7900390625 0.046875 0.0830078125
1 0.900390625 0.3583984375 0.0380859375 0.09375
1 0.8671875 0.7998046875 0.044921875 0.078125
1 0.0751953125 0.052734375 0.0546875 0.072265625
1 0.529296875 0.083984375 0.078125 0.0517578125
1 0.7685546875 0.828125 0.048828125 0.0341796875
1 0.744140625 0.4375 0.025390625 0.0712890625
1 0.830078125 0.8291015625 0.044921875 0.0419921875
1 0.583984375 0.029296875 0.03125 0.05859375
1 0.8779296875 0.462890625 0.0693359375 0.0439453125
1 0.357421875 0.72265625 0.09375 0.0556640625
1 0.935546875 0.1083984375 0.052734375 0.048828125
1 0.3603515625 0.4248046875 0.0556640625 0.0546875
1 0.189453125 0.021484375 0.0546875 0.0439453125
1 0.6279296875 0.41015625 0.0625 0.0556640625
1 0.890625 0.8388671875 0.0888671875 0.0537109375
1 0.701171875 0.7109375 0.037109375 0.064453125
1 0.7578125 0.7802734375 0.0625 0.041015625
1 0.4443359375 0.7109375 0.0439453125 0.0546875
1 0.2060546875 0.7744140625 0.083984375 0.0498046875
1 0.5185546875 0.806640625 0.0771484375 0.0556640625
1 0.705078125 0.0654296875 0.0419921875 0.0390625
1 0.072265625 0.0146484375 0.0380859375 0.029296875
1 0.505859375 0.1533203125 0.046875 0.04296875
1 0.6669921875 0.0869140625 0.0478515625 0.0537109375
1 0.779296875 0.3212890625 0.0458984375 0.0654296875
1 0.625 0.0849609375 0.06640625 0.083984375
1 0.9814453125 0.03125 0.0361328125 0.0625
1 0.02734375 0.029296875 0.0556640625 0.0595703125
1 0.8076171875 0.8798828125 0.0634765625 0.0146484375
1 0.8017578125 0.3017578125 0.0517578125 0.0703125
1 0.2421875 0.80859375 0.05078125 0.0244140625
1 0.1064453125 0.482421875 0.0693359375 0.0458984375
1 0.8076171875 0.515625 0.037109375 0.03125
1 0.2587890625 0.4443359375 0.037109375 0.0390625
1 0.62890625 0.08984375 0.029296875 0.11328125
1 0.30859375 0.158203125 0.0634765625 0.0791015625
1 0.048828125 0.92578125 0.09375 0.0693359375
1 0.05859375 0.833984375 0.0322265625 0.037109375
1 0.09375 0.85546875 0.0869140625 0.0419921875
1 0.3994140625 0.98046875 0.1103515625 0.0390625
1 0.419921875 0.9599609375 0.056640625 0.080078125
1 0.4677734375 0.9638671875 0.0478515625 0.06640625
1 0.58984375 0.8828125 0.0400390625 0.0478515625
1 0.3916015625 0.8623046875 0.0986328125 0.0634765625
1 0.798828125 0.9892578125 0.0908203125 0.0205078125
1 0.7314453125 0.9248046875 0.0517578125 0.083984375
1 0.86328125 0.955078125 0.044921875 0.068359375
1 0.01953125 0.4873046875 0.0390625 0.0400390625
