1 0.380859375 0.0595703125 0.0703125 0.0849609375
1 0.5029296875 0.064453125 0.08203125 0.0712890625
1 0.12890625 0.1455078125 0.1240234375 0.0986328125
1 0.09765625 0.181640625 0.05078125 0.05078125
1 0.197265625 0.1982421875 0.0732421875 0.0458984375
1 0.16015625 0.28515625 0.0654296875 0.0478515625
1 0.1025390625 0.314453125 0.0693359375 0.052734375
1 0.0419921875 0.3369140625 0.083984375 0.0556640625
1 0.4140625 0.24609375 0.056640625 0.0478515625
1 0.4716796875 0.228515625 0.0703125 0.0595703125
1 0.498046875 0.2978515625 0.076171875 0.076171875
1 0.5791015625 0.25 0.06640625 0.12109375
1 0.58984375 0.3271484375 0.048828125 0.052734375
1 0.6455078125 0.2841796875 0.1025390625 0.060546875
1 0.6904296875 0.23828125 0.0537109375 0.060546875
1 0.8056640625 0.267578125 0.0634765625 0.0546875
1 0.873046875 0.2041015625 0.0673828125 0.056640625
1 0.919921875 0.2021484375 0.0771484375 0.0615234375
1 0.96875 0.240234375 0.0625 0.1318359375
1 0.986328125 0.154296875 0.0263671875 0.0546875
1 0.798828125 0.095703125 0.05859375 0.0546875
1 0.841796875 0.0673828125 0.05078125 0.0517578125
1 0.7431640625 0.154296875 0.06640625 0.060546875
1 0.5263671875 0.12890625 0.0712890625 0.046875
1 0.466796875 0.138671875 0.05078125 0.0478515625
1 0.8828125 0.3857421875 0.109375 0.0712890625
1 0.759765625 0.3984375 0.150390625 0.0537109375
1 0.9716796875 0.359375 0.0556640625 0.048828125
1 0.9775390625 0.4423828125 0.044921875 0.0712890625
1 0.1826171875 0.474609375 0.0546875 0.0771484375
1 0.0322265625 0.5703125 0.064453125 0.0458984375
1 0.12109375 0.5927734375 0.1416015625 0.09765625
1 0.2333984375 0.5615234375 0.0810546875 0.048828125
1 0.3828125 0.5341796875 0.08984375 0.060546875
1 0.478515625 0.5595703125 0.0634765625 0.0537109375
1 0.5068359375 0.5048828125 0.060546875 0.078125
1 0.5908203125 0.5224609375 0.06640625 0.0673828125
1 0.435546875 0.4267578125 0.1064453125 0.056640625
1 0.6103515625 0.3994140625 0.060546875 0.0537109375
1 0.439453125 0.3515625 0.0859375 0.052734375
1 0.30859375 0.353515625 0.0810546875 0.060546875
1 0.412109375 0.6044921875 0.0791015625 0.076171875
1 0.5556640625 0.60546875 0.083984375 0.095703125
1 0.7802734375 0.59765625 0.1240234375 0.064453125
1 0.888671875 0.5751953125 0.0400390625 0.0361328125
1 0.9931640625 0.583984375 0.0126953125 0.0556640625
1 0.5 0.7744140625 0.0869140625 0.1572265625
1 0.5244140625 0.755859375 0.05859375 0.0830078125
1 0.65234375 0.7685546875 0.0439453125 0.091796875
1 0.70703125 0.7451171875 0.0576171875 0.1279296875
1 0.82421875 0.7822265625 0.0439453125 0.0556640625
1 0.783203125 0.7607421875 0.0439453125 0.0693359375
1 0.7353515625 0.814453125 0.068359375 0.0693359375
1 0.73046875 0.9140625 0.05859375 0.0859375
1 0.8271484375 0.91015625 0.06640625 0.0986328125
1 0.2802734375 0.701171875 0.06640625 0.1279296875
1 0.349609375 0.8212890625 0.0732421875 0.072265625
1 0.2138671875 0.919921875 0.0576171875 0.134765625
1 0.361328125 0.9501953125 0.0771484375 0.0986328125
1 0.2685546875 0.947265625 0.076171875 0.05078125
1 0.296875 0.974609375 0.048828125 0.05078125
1 0.0546875 0.912109375 0.0732421875 0.0439453125
1 0.0927734375 0.962890625 0.1318359375 0.0732421875
1 0.5283203125 0.9755859375 0.0927734375 0.048828125
1 0.66015625 0.986328125 0.0869140625 0.0263671875
1 0.96484375 0.7666015625 0.056640625 0.0478515625
1 0.818359375 0.4443359375 0.0947265625 0.0546875
1 0.8017578125 0.6904296875 0.072265625 0.0458984375
1 0.40234375 0.734375 0.0537109375 0.046875
1 0.4638671875 0.6904296875 0.0546875 0.0625
1 0.4111328125 0.8330078125 0.046875 0.0498046875
1 0.1103515625 0.439453125 0.0556640625 0.0673828125
1 0.025390625 0.9814453125 0.0517578125 0.037109375
1 0.2607421875 0.044921875 0.0390625 0.0791015625
1 0.263671875 0.357421875 0.0419921875 0.044921875
1 0.5126953125 0.4169921875 0.048828125 0.04296875
1 0.3681640625 0.49609375 0.0703125 0.04296875
1 0.2626953125 0.5908203125 0.060546875 0.0458984375
1 0.10546875 0.65234375 0.0341796875 0.033203125
1 0.310546875 0.7333984375 0.060546875 0.0888671875
1 0.4912109375 0.9052734375 0.046875 0.083984375
1 0.076171875 0.1083984375 0.0751953125 0.046875
1 0.076171875 0.3095703125 0.0478515625 0.060546875
1 0.9501953125 0.107421875 0.02734375 0.0302734375
1 0.9384765625 0.2490234375 0.07421875 0.0400390625
1 0.8486328125 0.30078125 0.060546875 0.0458984375
1 0.9677734375 0.5009765625 0.048828125 0.044921875
1 0.162109375 0.505859375 0.0546875 0.0546875
1 0.505859375 0.19140625 0.0517578125 0.048828125
1 0.9248046875 0.0205078125 0.0595703125 0.041015625
1 0.0234375 0.8232421875 0.0478515625 0.0458984375
1 0.783203125 0.490234375 0.06640625 0.0380859375
1 0.7001953125 0.3212890625 0.0517578125 0.0771484375
