1 0.0673828125 0.1455078125 0.1328125 0.06640625
1 0.1376953125 0.0146484375 0.0634765625 0.0302734375
1 0.7568359375 0.052734375 0.0615234375 0.103515625
1 0.708984375 0.0673828125 0.072265625 0.1357421875
1 0.8740234375 0.1328125 0.0673828125 0.052734375
1 0.9248046875 0.1015625 0.056640625 0.099609375
1 0.970703125 0.271484375 0.0576171875 0.103515625
1 0.6416015625 0.255859375 0.080078125 0.0947265625
1 0.7529296875 0.3154296875 0.0947265625 0.0537109375
1 0.8310546875 0.2607421875 0.0830078125 0.04296875
1 0.892578125 0.28515625 0.0634765625 0.0830078125
1 0.9228515625 0.3388671875 0.08203125 0.048828125
1 0.97265625 0.38671875 0.0537109375 0.0478515625
1 0.9423828125 0.4560546875 0.1142578125 0.0517578125
1 0.7666015625 0.5595703125 0.0654296875 0.0625
1 0.8603515625 0.37109375 0.072265625 0.0751953125
1 0.7822265625 0.3740234375 0.0791015625 0.060546875
1 0.5859375 0.3701171875 0.0537109375 0.0478515625
1 0.544921875 0.3974609375 0.068359375 0.1162109375
1 0.5439453125 0.3203125 0.04296875 0.0380859375
1 0.5498046875 0.197265625 0.0546875 0.1015625
1 0.58984375 0.267578125 0.052734375 0.06640625
1 0.6591796875 0.1904296875 0.1162109375 0.0576171875
1 0.86328125 0.1748046875 0.1279296875 0.091796875
1 0.556640625 0.6162109375 0.107421875 0.09375
1 0.712890625 0.732421875 0.041015625 0.046875
1 0.8408203125 0.7587890625 0.080078125 0.107421875
1 0.828125 0.826171875 0.08984375 0.0517578125
1 0.791015625 0.7275390625 0.052734375 0.0791015625
1 0.9658203125 0.92578125 0.0673828125 0.0849609375
1 0.8701171875 0.984375 0.076171875 0.03125
1 0.9111328125 0.9375 0.060546875 0.05078125
1 0.8671875 0.9423828125 0.0478515625 0.0380859375
1 0.8115234375 0.9111328125 0.0537109375 0.06640625
1 0.7509765625 0.8974609375 0.0634765625 0.07421875
1 0.638671875 0.8759765625 0.0849609375 0.072265625
1 0.6533203125 0.94140625 0.0478515625 0.0595703125
1 0.580078125 0.93359375 0.0615234375 0.0537109375
1 0.1953125 0.7802734375 0.0771484375 0.10546875
1 0.076171875 0.8349609375 0.15234375 0.064453125
1 0.2431640625 0.951171875 0.1767578125 0.0517578125
1 0.03125 0.9619140625 0.0615234375 0.0439453125
1 0.5576171875 0.9873046875 0.0791015625 0.0244140625
1 0.3427734375 0.4111328125 0.05859375 0.05078125
1 0.33203125 0.2958984375 0.046875 0.060546875
1 0.1787109375 0.2548828125 0.1240234375 0.0625
1 0.12890625 0.34375 0.1103515625 0.048828125
1 0.134765625 0.4140625 0.1142578125 0.0888671875
1 0.298828125 0.861328125 0.068359375 0.04296875
