1 0.0478515625 0.01953125 0.08984375 0.0390625
1 0.41015625 0.0166015625 0.080078125 0.0341796875
1 0.53515625 0.0224609375 0.06640625 0.044921875
1 0.205078125 0.1201171875 0.060546875 0.072265625
1 0.2861328125 0.064453125 0.0615234375 0.07421875
1 0.3818359375 0.0791015625 0.1142578125 0.0771484375
1 0.4921875 0.1328125 0.091796875 0.1103515625
1 0.390625 0.1826171875 0.119140625 0.0732421875
1 0.595703125 0.146484375 0.0556640625 0.0830078125
1 0.53515625 0.267578125 0.0810546875 0.0576171875
1 0.458984375 0.310546875 0.060546875 0.0712890625
1 0.3916015625 0.33984375 0.056640625 0.0556640625
1 0.3125 0.30859375 0.080078125 0.0546875
1 0.1865234375 0.265625 0.0810546875 0.07421875
1 0.2060546875 0.3720703125 0.076171875 0.1123046875
1 0.1279296875 0.4404296875 0.052734375 0.0625
1 0.39453125 0.4345703125 0.1044921875 0.0673828125
1 0.466796875 0.447265625 0.087890625 0.0517578125
1 0.572265625 0.490234375 0.095703125 0.0869140625
1 0.208984375 0.5673828125 0.064453125 0.0830078125
1 0.185546875 0.6357421875 0.0419921875 0.0791015625
1 0.302734375 0.5185546875 0.076171875 0.0595703125
1 0.3994140625 0.5283203125 0.06640625 0.0869140625
1 0.478515625 0.5576171875 0.0673828125 0.0625
1 0.5576171875 0.6240234375 0.119140625 0.0654296875
1 0.2783203125 0.6240234375 0.0615234375 0.0712890625
1 0.33984375 0.62890625 0.0712890625 0.0791015625
1 0.302734375 0.7294921875 0.05859375 0.0888671875
1 0.38671875 0.6982421875 0.09765625 0.0595703125
1 0.2451171875 0.8505859375 0.0654296875 0.0703125
1 0.0693359375 0.76171875 0.09765625 0.1220703125
1 0.310546875 0.8798828125 0.0712890625 0.099609375
1 0.4267578125 0.8916015625 0.0673828125 0.05859375
1 0.470703125 0.80078125 0.078125 0.0791015625
1 0.5087890625 0.830078125 0.07421875 0.0498046875
1 0.5390625 0.7744140625 0.0537109375 0.048828125
1 0.5361328125 0.908203125 0.0673828125 0.0517578125
1 0.45703125 0.9736328125 0.0576171875 0.0517578125
1 0.6015625 0.9775390625 0.0771484375 0.044921875
1 0.6298828125 0.9169921875 0.068359375 0.056640625
1 0.744140625 0.8837890625 0.1279296875 0.1025390625
1 0.970703125 0.650390625 0.05859375 0.1171875
1 0.9208984375 0.70703125 0.1025390625 0.1318359375
1 0.900390625 0.6376953125 0.072265625 0.0712890625
1 0.7353515625 0.5771484375 0.0693359375 0.060546875
1 0.7099609375 0.7255859375 0.1181640625 0.076171875
1 0.826171875 0.7744140625 0.0771484375 0.072265625
1 0.7119140625 0.6455078125 0.09375 0.0986328125
1 0.8154296875 0.6640625 0.0634765625 0.0458984375
1 0.9140625 0.5703125 0.0927734375 0.0576171875
1 0.7587890625 0.4716796875 0.078125 0.072265625
1 0.859375 0.5087890625 0.1005859375 0.06640625
1 0.9521484375 0.4638671875 0.0947265625 0.05078125
1 0.8740234375 0.4150390625 0.072265625 0.06640625
1 0.73046875 0.396484375 0.0771484375 0.056640625
1 0.9169921875 0.236328125 0.166015625 0.1123046875
1 0.857421875 0.1220703125 0.0654296875 0.06640625
1 0.9677734375 0.03515625 0.064453125 0.0703125
1 0.015625 0.873046875 0.0322265625 0.04296875
1 0.482421875 0.71875 0.0625 0.052734375
1 0.69921875 0.009765625 0.0615234375 0.01953125
