1 0.765625 0.0673828125 0.107421875 0.1357421875
1 0.8017578125 0.060546875 0.0888671875 0.1220703125
1 0.970703125 0.1494140625 0.0576171875 0.0830078125
1 0.896484375 0.1015625 0.076171875 0.076171875
1 0.9013671875 0.1953125 0.1064453125 0.0576171875
1 0.7333984375 0.306640625 0.0966796875 0.0625
1 0.5546875 0.3125 0.123046875 0.0673828125
1 0.9375 0.359375 0.1240234375 0.0732421875
1 0.3330078125 0.1572265625 0.0869140625 0.0751953125
1 0.201171875 0.1494140625 0.0830078125 0.0703125
1 0.2431640625 0.2021484375 0.0859375 0.064453125
1 0.1845703125 0.228515625 0.060546875 0.0859375
1 0.3232421875 0.4130859375 0.0859375 0.17578125
1 0.537109375 0.48046875 0.0625 0.0654296875
1 0.396484375 0.5556640625 0.0966796875 0.1611328125
1 0.17578125 0.548828125 0.06640625 0.052734375
1 0.1083984375 0.4697265625 0.1611328125 0.1943359375
1 0.19921875 0.0380859375 0.2822265625 0.0771484375
1 0.05859375 0.185546875 0.11328125 0.173828125
1 0.103515625 0.65625 0.0771484375 0.0595703125
1 0.0810546875 0.755859375 0.072265625 0.0478515625
1 0.3310546875 0.693359375 0.0458984375 0.107421875
1 0.20703125 0.697265625 0.111328125 0.1533203125
1 0.2138671875 0.802734375 0.0771484375 0.0625
1 0.0400390625 0.88671875 0.068359375 0.146484375
1 0.166015625 0.9140625 0.1689453125 0.1484375
1 0.36328125 0.7626953125 0.0654296875 0.1982421875
1 0.4716796875 0.8701171875 0.091796875 0.18359375
1 0.74609375 0.7568359375 0.060546875 0.0732421875
1 0.77734375 0.7646484375 0.0673828125 0.0888671875
1 0.908203125 0.7646484375 0.11328125 0.1748046875
1 0.9765625 0.716796875 0.0458984375 0.1181640625
1 0.7939453125 0.587890625 0.0751953125 0.06640625
1 0.66796875 0.6416015625 0.15234375 0.1201171875
1 0.736328125 0.4580078125 0.2177734375 0.154296875
1 0.59765625 0.6357421875 0.0908203125 0.1708984375
1 0.9580078125 0.5400390625 0.0830078125 0.0888671875
1 0.779296875 0.6728515625 0.0673828125 0.0732421875
1 0.5537109375 0.9716796875 0.0703125 0.0556640625
1 0.357421875 0.970703125 0.0615234375 0.05859375
