1 0.193359375 0.025390625 0.0703125 0.05078125
1 0.185546875 0.0869140625 0.076171875 0.052734375
1 0.1708984375 0.138671875 0.08984375 0.0732421875
1 0.052734375 0.2294921875 0.103515625 0.126953125
1 0.1796875 0.22265625 0.07421875 0.0732421875
1 0.3818359375 0.2529296875 0.091796875 0.0673828125
1 0.296875 0.3740234375 0.052734375 0.12109375
1 0.171875 0.431640625 0.1484375 0.068359375
1 0.15234375 0.482421875 0.080078125 0.0634765625
1 0.2958984375 0.521484375 0.091796875 0.078125
1 0.271484375 0.576171875 0.0615234375 0.0732421875
1 0.44921875 0.41796875 0.06640625 0.1767578125
1 0.4091796875 0.578125 0.078125 0.0634765625
1 0.1015625 0.736328125 0.06640625 0.10546875
1 0.2373046875 0.705078125 0.0625 0.1220703125
1 0.1875 0.7734375 0.0986328125 0.05078125
1 0.3603515625 0.724609375 0.0673828125 0.0751953125
1 0.4130859375 0.6650390625 0.107421875 0.0888671875
1 0.5146484375 0.619140625 0.0849609375 0.0634765625
1 0.458984375 0.8046875 0.0654296875 0.052734375
1 0.158203125 0.9697265625 0.10546875 0.060546875
1 0.6962890625 0.9677734375 0.0712890625 0.064453125
1 0.6083984375 0.96484375 0.064453125 0.0703125
1 0.5888671875 0.90625 0.12109375 0.1240234375
1 0.7607421875 0.8837890625 0.1220703125 0.0693359375
1 0.69921875 0.7470703125 0.068359375 0.0859375
1 0.7646484375 0.6904296875 0.12890625 0.0634765625
1 0.6494140625 0.662109375 0.07421875 0.0595703125
1 0.7314453125 0.5693359375 0.078125 0.07421875
1 0.669921875 0.5380859375 0.056640625 0.0595703125
1 0.93359375 0.546875 0.072265625 0.06640625
1 0.6923828125 0.35546875 0.0654296875 0.09765625
1 0.51171875 0.236328125 0.095703125 0.0849609375
1 0.6455078125 0.1650390625 0.1416015625 0.078125
1 0.6640625 0.224609375 0.1015625 0.08984375
1 0.771484375 0.1630859375 0.056640625 0.05078125
1 0.81640625 0.21875 0.05078125 0.0654296875
1 0.8935546875 0.1103515625 0.1103515625 0.189453125
1 0.96875 0.1435546875 0.0625 0.1552734375
1 0.9794921875 0.0283203125 0.041015625 0.056640625
1 0.9619140625 0.3818359375 0.060546875 0.0908203125
1 0.9560546875 0.693359375 0.087890625 0.0546875
1 0.2119140625 0.265625 0.048828125 0.0576171875
