1 0.228515625 0.9833984375 0.1337890625 0.033203125
1 0.40234375 0.9716796875 0.12109375 0.0556640625
1 0.2900390625 0.916015625 0.1279296875 0.060546875
1 0.3369140625 0.8330078125 0.0849609375 0.052734375
1 0.44140625 0.896484375 0.0771484375 0.076171875
1 0.5283203125 0.8232421875 0.1064453125 0.0830078125
1 0.0576171875 0.9111328125 0.0556640625 0.0654296875
1 0.1396484375 0.7529296875 0.087890625 0.1064453125
1 0.033203125 0.6884765625 0.06640625 0.111328125
1 0.05078125 0.3994140625 0.091796875 0.0673828125
1 0.3291015625 0.49609375 0.1962890625 0.0751953125
1 0.47265625 0.48828125 0.0771484375 0.083984375
1 0.5009765625 0.705078125 0.1181640625 0.0859375
1 0.40625 0.744140625 0.0419921875 0.0625
1 0.2578125 0.3759765625 0.0751953125 0.0849609375
1 0.3046875 0.3203125 0.072265625 0.046875
1 0.4521484375 0.322265625 0.1591796875 0.119140625
1 0.2275390625 0.2080078125 0.154296875 0.0771484375
1 0.228515625 0.1591796875 0.0908203125 0.0634765625
1 0.33203125 0.1416015625 0.0595703125 0.0791015625
1 0.0927734375 0.2529296875 0.0810546875 0.15234375
1 0.0537109375 0.0927734375 0.107421875 0.11328125
1 0.5380859375 0.2197265625 0.0625 0.0498046875
1 0.5966796875 0.0498046875 0.0615234375 0.099609375
1 0.4931640625 0.025390625 0.0517578125 0.05078125
1 0.724609375 0.11328125 0.060546875 0.1728515625
1 0.8544921875 0.0595703125 0.1650390625 0.08203125
1 0.6748046875 0.0517578125 0.048828125 0.0947265625
1 0.654296875 0.232421875 0.1220703125 0.05078125
1 0.6455078125 0.28515625 0.078125 0.0830078125
1 0.751953125 0.306640625 0.0693359375 0.080078125
1 0.8427734375 0.353515625 0.056640625 0.109375
1 0.939453125 0.3173828125 0.072265625 0.1220703125
1 0.732421875 0.4375 0.0810546875 0.12109375
1 0.615234375 0.5078125 0.10546875 0.177734375
1 0.7841796875 0.58984375 0.1328125 0.0791015625
1 0.8642578125 0.4814453125 0.0654296875 0.134765625
1 0.970703125 0.1416015625 0.0576171875 0.0966796875
1 0.6416015625 0.736328125 0.142578125 0.0517578125
1 0.6220703125 0.8193359375 0.0654296875 0.103515625
1 0.873046875 0.814453125 0.1416015625 0.1005859375
1 0.7880859375 0.8955078125 0.125 0.0654296875
1 0.876953125 0.9384765625 0.068359375 0.0703125
1 0.6171875 0.9853515625 0.087890625 0.0283203125
1 0.9599609375 0.72265625 0.0625 0.056640625
1 0.951171875 0.6337890625 0.0400390625 0.048828125
1 0.9599609375 0.515625 0.0673828125 0.111328125
