1 0.779296875 0.650390625 0.1005859375 0.1064453125
1 0.6533203125 0.7802734375 0.083984375 0.0869140625
1 0.8798828125 0.7431640625 0.0654296875 0.0546875
1 0.75390625 0.8095703125 0.0908203125 0.1259765625
1 0.56640625 0.9052734375 0.1123046875 0.1396484375
1 0.6591796875 0.9384765625 0.091796875 0.0654296875
1 0.69140625 0.3203125 0.0849609375 0.1064453125
1 0.5341796875 0.4228515625 0.076171875 0.1591796875
1 0.8056640625 0.9560546875 0.13671875 0.064453125
1 0.5888671875 0.97265625 0.1298828125 0.0537109375
1 0.5087890625 0.900390625 0.0673828125 0.080078125
1 0.8232421875 0.728515625 0.052734375 0.1103515625
1 0.6953125 0.7021484375 0.0751953125 0.0908203125
1 0.5673828125 0.5908203125 0.1103515625 0.080078125
1 0.3603515625 0.8359375 0.103515625 0.0927734375
1 0.6083984375 0.021484375 0.0869140625 0.0439453125
1 0.3974609375 0.5322265625 0.0859375 0.1220703125
1 0.412109375 0.810546875 0.091796875 0.0986328125
1 0.248046875 0.0791015625 0.1669921875 0.087890625
1 0.04296875 0.5380859375 0.0869140625 0.1826171875
1 0.1796875 0.7587890625 0.123046875 0.0830078125
1 0.958984375 0.2158203125 0.0810546875 0.0908203125
1 0.6064453125 0.45703125 0.1064453125 0.0810546875
1 0.228515625 0.240234375 0.2216796875 0.1064453125
1 0.5146484375 0.54296875 0.107421875 0.091796875
1 0.33984375 0.42578125 0.083984375 0.07421875
1 0.1328125 0.6611328125 0.1240234375 0.0849609375
1 0.6630859375 0.2509765625 0.05859375 0.0654296875
1 0.6025390625 0.275390625 0.0654296875 0.099609375
1 0.5419921875 0.248046875 0.046875 0.080078125
1 0.48828125 0.208984375 0.080078125 0.1025390625
1 0.6943359375 0.0546875 0.083984375 0.0732421875
1 0.0478515625 0.0400390625 0.0859375 0.0703125
1 0.2177734375 0.0419921875 0.095703125 0.0771484375
1 0.2861328125 0.41015625 0.064453125 0.060546875
