1 0.5986328125 0.0986328125 0.1220703125 0.0703125
1 0.1982421875 0.466796875 0.1259765625 0.068359375
1 0.81640625 0.298828125 0.1416015625 0.1044921875
1 0.5390625 0.353515625 0.1005859375 0.150390625
1 0.6826171875 0.1083984375 0.1083984375 0.060546875
1 0.0693359375 0.501953125 0.1396484375 0.0556640625
1 0.6396484375 0.423828125 0.08203125 0.0595703125
1 0.9326171875 0.1044921875 0.1240234375 0.0751953125
1 0.2490234375 0.5185546875 0.103515625 0.05859375
1 0.91015625 0.865234375 0.1591796875 0.05078125
1 0.53515625 0.5390625 0.1171875 0.0478515625
1 0.978515625 0.46484375 0.04296875 0.06640625
1 0.142578125 0.1416015625 0.0986328125 0.033203125
1 0.48046875 0.8671875 0.080078125 0.0478515625
1 0.2822265625 0.3359375 0.115234375 0.126953125
1 0.7626953125 0.8359375 0.0615234375 0.1103515625
1 0.9619140625 0.4326171875 0.0751953125 0.03515625
1 0.5712890625 0.8544921875 0.138671875 0.033203125
1 0.97265625 0.228515625 0.0537109375 0.0986328125
1 0.57421875 0.134765625 0.1328125 0.033203125
1 0.357421875 0.1005859375 0.19921875 0.064453125
1 0.0576171875 0.751953125 0.1162109375 0.060546875
1 0.13671875 0.8623046875 0.1240234375 0.037109375
1 0.2646484375 0.9609375 0.14453125 0.0712890625
1 0.2525390625 0.74541015625 0.09990234374999998 0.08222656250000004
1 0.626953125 0.35546875 0.091796875 0.048828125
1 0.31640625 0.12890625 0.12626953125 0.06494140625
1 0.6796875 0.1328125 0.044921875 0.0732421875
1 0.1669921875 0.0244140625 0.0966796875 0.0458984375
1 0.048828125 0.287109375 0.080078125 0.021484375
1 0.5546875 0.9482421875 0.1064453125 0.0400390625
1 0.9228515625 0.521484375 0.134765625 0.03515625
1 0.3349609375 0.828125 0.1357421875 0.0302734375
1 0.9912109375 0.9794921875 0.0166015625 0.03515625
1 0.388671875 0.90625 0.138671875 0.029296875
1 0.5068359375 0.4697265625 0.1044921875 0.033203125
1 0.8935546875 0.130859375 0.2080078125 0.0791015625
1 0.5302734375 0.505859375 0.1767578125 0.04296875
1 0.791015625 0.7470703125 0.0693359375 0.017578125
1 0.1103515625 0.0751953125 0.162109375 0.03515625
1 0.9052734375 0.90625 0.12890625 0.0654296875
1 0.0400390625 0.5810546875 0.076171875 0.0205078125
1 0.3525390625 0.5078125 0.15625 0.03515625
1 0.6533203125 0.3876953125 0.1826171875 0.05859375
1 0.0263671875 0.134765625 0.0517578125 0.0556640625
1 0.1015625 0.375 0.203125 0.06640625
1 0.2099609375 0.912109375 0.09375 0.1123046875
1 0.0166015625 0.095703125 0.033203125 0.03515625
1 0.04296875 0.017578125 0.0712890625 0.0322265625
1 0.6064453125 0.013671875 0.0419921875 0.02734375
1 0.865234375 0.36328125 0.0712890625 0.0498046875
1 0.7080078125 0.62109375 0.2548828125 0.044921875
1 0.4541015625 0.4638671875 0.1845703125 0.1025390625
1 0.34375 0.7490234375 0.130859375 0.078125
1 0.5849609375 0.5654296875 0.0947265625 0.0400390625
1 0.533203125 0.1826171875 0.0380859375 0.02734375
1 0.1240234375 0.91015625 0.0966796875 0.04296875
1 0.169921875 0.9638671875 0.05859375 0.0322265625
