1 0.376953125 0.57421875 0.0732421875 0.0859375
1 0.1171875 0.6181640625 0.0810546875 0.064453125
1 0.2412109375 0.3720703125 0.0576171875 0.0830078125
1 0.576171875 0.9228515625 0.0634765625 0.08203125
1 0.25390625 0.203125 0.09375 0.0712890625
1 0.0224609375 0.2626953125 0.0458984375 0.0615234375
1 0.322265625 0.421875 0.08203125 0.046875
1 0.1103515625 0.0888671875 0.1142578125 0.044921875
1 0.330078125 0.2119140625 0.087890625 0.083984375
1 0.712890625 0.4267578125 0.1171875 0.0908203125
1 0.345703125 0.947265625 0.0712890625 0.09375
1 0.6962890625 0.3681640625 0.0908203125 0.0751953125
1 0.76171875 0.82421875 0.0849609375 0.0478515625
1 0.1240234375 0.7119140625 0.107421875 0.0439453125
1 0.4462890625 0.056640625 0.095703125 0.0439453125
1 0.1943359375 0.0263671875 0.0859375 0.052734375
1 0.2783203125 0.3291015625 0.072265625 0.05859375
1 0.6552734375 0.822265625 0.072265625 0.064453125
1 0.626953125 0.4658203125 0.0751953125 0.0478515625
1 0.962890625 0.2421875 0.068359375 0.044921875
1 0.736328125 0.2353515625 0.1279296875 0.0517578125
1 0.30859375 0.4697265625 0.0830078125 0.0458984375
1 0.5771484375 0.755859375 0.0966796875 0.05078125
1 0.064453125 0.6611328125 0.076171875 0.0546875
1 0.9697265625 0.3076171875 0.0595703125 0.05859375
1 0.4921875 0.1005859375 0.064453125 0.0615234375
1 0.3876953125 0.9384765625 0.08984375 0.0439453125
1 0.3115234375 0.0458984375 0.052734375 0.0400390625
1 0.3681640625 0.4697265625 0.076171875 0.0400390625
1 0.1201171875 0.8955078125 0.068359375 0.052734375
1 0.2265625 0.935546875 0.0654296875 0.0517578125
1 0.298828125 0.8828125 0.0830078125 0.046875
1 0.1455078125 0.6943359375 0.07421875 0.0673828125
1 0.587890625 0.5595703125 0.111328125 0.05859375
1 0.90625 0.48046875 0.056640625 0.05078125
1 0.142578125 0.5517578125 0.0791015625 0.0380859375
1 0.18359375 0.9736328125 0.044921875 0.052734375
1 0.01171875 0.0947265625 0.0234375 0.033203125
1 0.6298828125 0.6044921875 0.0927734375 0.037109375
1 0.8955078125 0.1298828125 0.1044921875 0.037109375
1 0.9677734375 0.166015625 0.0595703125 0.041015625
1 0.5888671875 0.3974609375 0.064453125 0.068359375
1 0.6083984375 0.7216796875 0.1064453125 0.033203125
1 0.1171875 0.3857421875 0.0859375 0.046875
1 0.416015625 0.7802734375 0.0810546875 0.01953125
1 0.4990234375 0.9404296875 0.099609375 0.033203125
1 0.7353515625 0.3369140625 0.0751953125 0.041015625
1 0.0439453125 0.98046875 0.0859375 0.0380859375
1 0.134765625 0.513671875 0.0859375 0.0537109375
1 0.1640625 0.1552734375 0.056640625 0.021484375
1 0.16015625 0.0732421875 0.0625 0.0595703125
1 0.8798828125 0.712890625 0.0498046875 0.0576171875
1 0.1298828125 0.4298828125 0.087890625 0.03398437500000001
1 0.134765625 0.3486328125 0.10546875 0.06640625
1 0.4140625 0.3544921875 0.0517578125 0.0419921875
1 0.0439453125 0.5654296875 0.0615234375 0.041015625
1 0.818359375 0.3720703125 0.0908203125 0.033203125
1 0.9814453125 0.841796875 0.0361328125 0.0185546875
1 0.193359375 0.896484375 0.072265625 0.0302734375
1 0.0224609375 0.705078125 0.044921875 0.037109375
1 0.54296875 0.4453125 0.0458984375 0.048828125
1 0.5146484375 0.9033203125 0.080078125 0.0400390625
1 0.9560546875 0.3955078125 0.0556640625 0.03515625
1 0.228515625 0.2666015625 0.0546875 0.0546875
1 0.962890625 0.7314453125 0.02734375 0.02734375
1 0.1875 0.5673828125 0.0712890625 0.0595703125
1 0.900390625 0.3564453125 0.0732421875 0.0595703125
1 0.740234375 0.3037109375 0.046875 0.056640625
1 0.5703125 0.0185546875 0.146484375 0.037109375
1 0.75390625 0.986328125 0.0546875 0.0263671875
1 0.0595703125 0.3330078125 0.060546875 0.0478515625
