1 0.62109375 0.5966796875 0.1875 0.2255859375
1 0.068359375 0.1025390625 0.13671875 0.1923828125
1 0.3203125 0.685546875 0.1318359375 0.08203125
1 0.1533203125 0.9130859375 0.10546875 0.107421875
1 0.10546875 0.7783203125 0.2060546875 0.12109375
1 0.302734375 0.3056640625 0.1376953125 0.16796875
1 0.4794921875 0.5380859375 0.1025390625 0.107421875
1 0.818359375 0.087890625 0.3583984375 0.171875
1 0.365234375 0.4921875 0.107421875 0.1044921875
1 0.736328125 0.1943359375 0.068359375 0.0791015625
1 0.431640625 0.7744140625 0.1298828125 0.0849609375
1 0.189453125 0.2734375 0.080078125 0.0625
1 0.333984375 0.7939453125 0.0751953125 0.0751953125
1 0.56640625 0.876953125 0.1025390625 0.11328125
1 0.291015625 0.6318359375 0.09765625 0.1015625
