1 0.078125 0.439453125 0.1484375 0.123046875
1 0.095703125 0.4853515625 0.09765625 0.0859375
1 0.072265625 0.6484375 0.09765625 0.0732421875
1 0.2841796875 0.3896484375 0.240234375 0.099609375
1 0.40625 0.458984375 0.1572265625 0.1201171875
1 0.5224609375 0.3486328125 0.1005859375 0.095703125
1 0.5087890625 0.58984375 0.0927734375 0.0673828125
1 0.2431640625 0.6171875 0.06640625 0.076171875
1 0.3486328125 0.642578125 0.0986328125 0.0791015625
1 0.4853515625 0.6806640625 0.0751953125 0.0751953125
1 0.3486328125 0.7958984375 0.080078125 0.107421875
1 0.4365234375 0.6171875 0.0615234375 0.083984375
1 0.4775390625 0.54296875 0.0712890625 0.0751953125
1 0.3916015625 0.9716796875 0.1064453125 0.0556640625
1 0.38671875 0.18359375 0.1513671875 0.08203125
1 0.3583984375 0.0869140625 0.1708984375 0.1005859375
1 0.6103515625 0.1064453125 0.099609375 0.2138671875
1 0.791015625 0.33984375 0.0888671875 0.1103515625
1 0.79296875 0.4345703125 0.0888671875 0.0732421875
1 0.7265625 0.49609375 0.0576171875 0.0595703125
1 0.8642578125 0.5791015625 0.052734375 0.056640625
1 0.9453125 0.5654296875 0.109375 0.0625
1 0.69140625 0.650390625 0.0927734375 0.078125
1 0.8056640625 0.681640625 0.0927734375 0.0595703125
1 0.955078125 0.318359375 0.087890625 0.123046875
1 0.896484375 0.8662109375 0.076171875 0.171875
1 0.4931640625 0.4970703125 0.0947265625 0.0732421875
1 0.5546875 0.4345703125 0.060546875 0.0537109375
1 0.0634765625 0.0712890625 0.0673828125 0.0703125
1 0.544921875 0.025390625 0.0537109375 0.05078125
1 0.248046875 0.017578125 0.044921875 0.0361328125
1 0.197265625 0.017578125 0.048828125 0.0361328125
1 0.98828125 0.212890625 0.0224609375 0.109375
1 0.982421875 0.470703125 0.0341796875 0.0771484375
1 0.251953125 0.482421875 0.09375 0.08984375
