1 0.0283203125 0.572265625 0.0576171875 0.080078125
1 0.0498046875 0.3388671875 0.099609375 0.103515625
1 0.1142578125 0.4453125 0.09375 0.0849609375
1 0.3046875 0.5244140625 0.0849609375 0.0888671875
1 0.1787109375 0.8046875 0.1103515625 0.1162109375
1 0.494140625 0.8330078125 0.1181640625 0.0703125
1 0.53515625 0.90234375 0.080078125 0.09375
1 0.58984375 0.6962890625 0.125 0.2880859375
1 0.470703125 0.4208984375 0.1416015625 0.0908203125
1 0.3388671875 0.3798828125 0.076171875 0.1005859375
1 0.2744140625 0.28515625 0.111328125 0.14453125
1 0.4013671875 0.25 0.060546875 0.1220703125
1 0.44921875 0.265625 0.0625 0.0859375
1 0.55078125 0.146484375 0.083984375 0.091796875
1 0.5263671875 0.0810546875 0.08203125 0.0615234375
1 0.2255859375 0.01953125 0.177734375 0.0380859375
1 0.2470703125 0.05078125 0.0654296875 0.0478515625
1 0.423828125 0.0283203125 0.1982421875 0.0556640625
1 0.38671875 0.0712890625 0.07421875 0.064453125
1 0.6982421875 0.033203125 0.0654296875 0.0673828125
1 0.9765625 0.138671875 0.0458984375 0.1728515625
1 0.9609375 0.0478515625 0.05078125 0.0947265625
1 0.7626953125 0.4912109375 0.107421875 0.0732421875
1 0.8564453125 0.498046875 0.0849609375 0.0888671875
1 0.9140625 0.50390625 0.068359375 0.0888671875
1 0.875 0.611328125 0.0556640625 0.0830078125
1 0.9091796875 0.64453125 0.0712890625 0.07421875
1 0.9609375 0.7216796875 0.078125 0.142578125
1 0.96484375 0.5556640625 0.0654296875 0.0751953125
1 0.974609375 0.5625 0.05078125 0.2900390625
1 0.9443359375 0.869140625 0.1064453125 0.0849609375
1 0.9326171875 0.359375 0.0625 0.060546875
1 0.7998046875 0.0087890625 0.048828125 0.017578125
1 0.990234375 0.7763671875 0.0185546875 0.060546875
