1 0.1240234375 0.0771484375 0.0703125 0.095703125
1 0.31640625 0.4052734375 0.076171875 0.068359375
1 0.9677734375 0.0341796875 0.064453125 0.068359375
1 0.4921875 0.0595703125 0.060546875 0.103515625
1 0.689453125 0.6728515625 0.052734375 0.0888671875
1 0.7265625 0.755859375 0.076171875 0.05859375
1 0.5927734375 0.1767578125 0.1103515625 0.078125
1 0.4072265625 0.1298828125 0.0556640625 0.0830078125
1 0.240234375 0.2685546875 0.11328125 0.134765625
1 0.0537109375 0.134765625 0.107421875 0.0693359375
1 0.4287109375 0.3642578125 0.087890625 0.083984375
1 0.3310546875 0.3564453125 0.0478515625 0.1357421875
1 0.9541015625 0.880859375 0.0869140625 0.0439453125
1 0.16015625 0.9716796875 0.056640625 0.0517578125
1 0.8984375 0.3056640625 0.0654296875 0.12890625
1 0.1904296875 0.478515625 0.0751953125 0.05078125
1 0.9462890625 0.3955078125 0.0888671875 0.0595703125
1 0.189453125 0.19140625 0.068359375 0.037109375
1 0.1162109375 0.1435546875 0.078125 0.0595703125
1 0.41796875 0.4267578125 0.0478515625 0.0693359375
1 0.2666015625 0.6669921875 0.0693359375 0.046875
1 0.2138671875 0.1103515625 0.0771484375 0.0791015625
1 0.412109375 0.8125 0.0400390625 0.0625
1 0.048828125 0.3876953125 0.0947265625 0.087890625
1 0.3701171875 0.822265625 0.0517578125 0.0595703125
1 0.095703125 0.79296875 0.0458984375 0.044921875
1 0.306640625 0.7958984375 0.0732421875 0.0576171875
1 0.611328125 0.1142578125 0.0322265625 0.060546875
1 0.421875 0.193359375 0.146484375 0.060546875
1 0.5966796875 0.640625 0.0986328125 0.09375
1 0.2431640625 0.853515625 0.0888671875 0.0400390625
1 0.734375 0.4443359375 0.0810546875 0.04296875
1 0.361328125 0.1123046875 0.08984375 0.0244140625
1 0.6025390625 0.4375 0.068359375 0.0625
1 0.91015625 0.619140625 0.078125 0.0498046875
1 0.5537109375 0.8515625 0.1142578125 0.0380859375
1 0.6142578125 0.96875 0.0263671875 0.0595703125
1 0.716796875 0.9345703125 0.08203125 0.05078125
1 0.3896484375 0.767578125 0.0830078125 0.0390625
1 0.849609375 0.05078125 0.12890625 0.046875
1 0.796875 0.4775390625 0.0673828125 0.0537109375
1 0.0869140625 0.240234375 0.0927734375 0.0576171875
1 0.0478515625 0.55859375 0.095703125 0.0498046875
1 0.5126953125 0.1943359375 0.05078125 0.044921875
1 0.4228515625 0.5078125 0.0537109375 0.0283203125
1 0.814453125 0.8583984375 0.091796875 0.0458984375
1 0.9833984375 0.599609375 0.0283203125 0.0517578125
1 0.0498046875 0.0078125 0.0478515625 0.013671875
1 0.640625 0.8359375 0.0625 0.0458984375
1 0.3701171875 0.08984375 0.0439453125 0.1318359375
1 0.98046875 0.259765625 0.0380859375 0.015625
1 0.2607421875 0.103515625 0.0869140625 0.03125
1 0.4169921875 0.5419921875 0.0439453125 0.0517578125
1 0.5380859375 0.3486328125 0.029296875 0.064453125
1 0.716796875 0.3984375 0.0908203125 0.044921875
1 0.9638671875 0.71484375 0.0546875 0.0400390625
1 0.4111328125 0.5498046875 0.0400390625 0.046875
1 0.04296875 0.4248046875 0.046875 0.0263671875
1 0.984375 0.0947265625 0.0302734375 0.0556640625
1 0.8701171875 0.4931640625 0.0458984375 0.05859375
1 0.375 0.650390625 0.060546875 0.0517578125
1 0.0966796875 0.4951171875 0.0732421875 0.0537109375
1 0.1982421875 0.8271484375 0.091796875 0.029296875
1 0.486328125 0.83984375 0.041015625 0.029296875
1 0.607421875 0.798828125 0.052734375 0.056640625
1 0.5341796875 0.513671875 0.09765625 0.0478515625
1 0.5458984375 0.48828125 0.052734375 0.037109375
1 0.4580078125 0.8671875 0.0927734375 0.0556640625
1 0.5810546875 0.8955078125 0.0654296875 0.0615234375
1 0.5234375 0.9423828125 0.080078125 0.0537109375
1 0.5908203125 0.9560546875 0.052734375 0.0478515625
