1 0.8232421875 0.9677734375 0.09765625 0.0634765625
1 0.5498046875 0.9580078125 0.0771484375 0.0830078125
1 0.6728515625 0.9345703125 0.1064453125 0.060546875
1 0.62890625 0.96875 0.0771484375 0.0615234375
1 0.6884765625 0.9794921875 0.068359375 0.0400390625
1 0.4267578125 0.9130859375 0.0712890625 0.0859375
1 0.7451171875 0.861328125 0.078125 0.0703125
1 0.3095703125 0.8173828125 0.08203125 0.1103515625
1 0.2353515625 0.8505859375 0.0556640625 0.0859375
1 0.4765625 0.8349609375 0.0595703125 0.072265625
1 0.375 0.8203125 0.0732421875 0.083984375
1 0.1220703125 0.9384765625 0.0810546875 0.1220703125
1 0.0791015625 0.8671875 0.08984375 0.064453125
1 0.626953125 0.80859375 0.0595703125 0.0576171875
1 0.0498046875 0.6943359375 0.0576171875 0.0810546875
1 0.12890625 0.595703125 0.080078125 0.1181640625
1 0.369140625 0.6875 0.0712890625 0.056640625
1 0.314453125 0.5595703125 0.0859375 0.115234375
1 0.66796875 0.5673828125 0.08203125 0.09765625
1 0.5693359375 0.6064453125 0.0576171875 0.0703125
1 0.7568359375 0.533203125 0.0869140625 0.07421875
1 0.5751953125 0.51953125 0.060546875 0.09375
1 0.8056640625 0.82421875 0.0888671875 0.1240234375
1 0.9091796875 0.8271484375 0.0771484375 0.1005859375
1 0.884765625 0.681640625 0.109375 0.09765625
1 0.646484375 0.423828125 0.0654296875 0.07421875
1 0.4716796875 0.4111328125 0.0751953125 0.1279296875
1 0.54296875 0.32421875 0.134765625 0.0712890625
1 0.5537109375 0.2734375 0.091796875 0.05859375
1 0.2861328125 0.37109375 0.0771484375 0.0986328125
1 0.20703125 0.404296875 0.1171875 0.07421875
1 0.1455078125 0.3486328125 0.076171875 0.0693359375
1 0.4716796875 0.205078125 0.060546875 0.076171875
1 0.4296875 0.0986328125 0.1005859375 0.068359375
1 0.490234375 0.0419921875 0.07421875 0.083984375
1 0.7158203125 0.3173828125 0.06640625 0.05859375
1 0.7626953125 0.3623046875 0.0654296875 0.0654296875
1 0.7724609375 0.2919921875 0.072265625 0.1005859375
1 0.810546875 0.255859375 0.1611328125 0.0703125
1 0.9501953125 0.388671875 0.0986328125 0.0673828125
1 0.9658203125 0.30078125 0.06640625 0.0625
1 0.05859375 0.251953125 0.0712890625 0.0595703125
1 0.427734375 0.8466796875 0.0576171875 0.072265625
1 0.294921875 0.0244140625 0.0791015625 0.0498046875
1 0.2412109375 0.0283203125 0.0380859375 0.0546875
1 0.8876953125 0.0341796875 0.0849609375 0.068359375
1 0.1708984375 0.541015625 0.041015625 0.05859375
1 0.009765625 0.6328125 0.0205078125 0.041015625
1 0.5927734375 0.443359375 0.0537109375 0.0517578125
1 0.59765625 0.9541015625 0.0478515625 0.068359375
1 0.982421875 0.3505859375 0.03515625 0.041015625
1 0.2431640625 0.7998046875 0.03125 0.037109375
1 0.3955078125 0.658203125 0.0546875 0.044921875
1 0.57421875 0.5654296875 0.041015625 0.0322265625
1 0.6064453125 0.603515625 0.02734375 0.0537109375
