1 0.8720703125 0.3095703125 0.099609375 0.154296875
1 0.8505859375 0.9453125 0.1171875 0.0771484375
1 0.9404296875 0.169921875 0.107421875 0.08984375
1 0.0390625 0.646484375 0.068359375 0.07421875
1 0.0380859375 0.82421875 0.0625 0.0595703125
1 0.0283203125 0.130859375 0.056640625 0.078125
1 0.060546875 0.203125 0.0546875 0.1083984375
1 0.83203125 0.2333984375 0.080078125 0.072265625
1 0.900390625 0.9228515625 0.0869140625 0.0966796875
1 0.9287109375 0.3154296875 0.0751953125 0.1279296875
1 0.953125 0.359375 0.0625 0.0703125
1 0.978515625 0.0341796875 0.04296875 0.0654296875
1 0.0234375 0.2353515625 0.04296875 0.1240234375
