1 0.6728515625 0.4990234375 0.0830078125 0.0751953125
1 0.158203125 0.5498046875 0.11328125 0.0703125
1 0.931640625 0.6357421875 0.1142578125 0.08203125
1 0.8759765625 0.47265625 0.15234375 0.1123046875
1 0.0517578125 0.974609375 0.1044921875 0.05078125
1 0.8466796875 0.32421875 0.1005859375 0.0751953125
1 0.6279296875 0.3994140625 0.1123046875 0.099609375
1 0.64453125 0.5859375 0.099609375 0.078125
1 0.0322265625 0.6025390625 0.064453125 0.0927734375
1 0.845703125 0.9169921875 0.087890625 0.0703125
1 0.015625 0.5390625 0.0322265625 0.0908203125
1 0.8046875 0.966796875 0.0703125 0.0654296875
1 0.77734375 0.4794921875 0.115234375 0.07421875
1 0.8203125 0.287109375 0.0869140625 0.115234375
1 0.658203125 0.193359375 0.072265625 0.078125
1 0.6005859375 0.10546875 0.0673828125 0.0869140625
1 0.0458984375 0.1728515625 0.052734375 0.0751953125
1 0.7265625 0.0341796875 0.0849609375 0.0654296875
1 0.7919921875 0.1494140625 0.07421875 0.1201171875
