1 0.29296875 0.0302734375 0.125 0.0615234375
1 0.2138671875 0.1533203125 0.091796875 0.115234375
1 0.0947265625 0.0712890625 0.1142578125 0.1328125
1 0.0302734375 0.1787109375 0.060546875 0.125
1 0.353515625 0.177734375 0.08984375 0.0888671875
1 0.1357421875 0.263671875 0.1259765625 0.1181640625
1 0.056640625 0.4228515625 0.0927734375 0.080078125
1 0.6572265625 0.365234375 0.091796875 0.099609375
1 0.5478515625 0.1865234375 0.05859375 0.064453125
1 0.4677734375 0.4580078125 0.08203125 0.0859375
1 0.1708984375 0.6171875 0.1298828125 0.0703125
1 0.26953125 0.5830078125 0.0849609375 0.0849609375
1 0.404296875 0.5166015625 0.0576171875 0.078125
1 0.4755859375 0.55078125 0.091796875 0.0712890625
1 0.5517578125 0.5078125 0.0888671875 0.060546875
1 0.6328125 0.5400390625 0.0849609375 0.09765625
1 0.35546875 0.697265625 0.099609375 0.1123046875
1 0.12890625 0.951171875 0.0791015625 0.080078125
1 0.228515625 0.921875 0.08984375 0.07421875
1 0.287109375 0.876953125 0.0654296875 0.0830078125
1 0.4853515625 0.8017578125 0.1103515625 0.080078125
1 0.53515625 0.859375 0.1181640625 0.0654296875
1 0.9697265625 0.8759765625 0.0595703125 0.150390625
1 0.876953125 0.716796875 0.078125 0.0732421875
1 0.857421875 0.65625 0.068359375 0.068359375
1 0.638671875 0.73046875 0.0771484375 0.1298828125
1 0.7109375 0.8251953125 0.1171875 0.19921875
1 0.8876953125 0.462890625 0.1044921875 0.1015625
1 0.8330078125 0.390625 0.0830078125 0.080078125
1 0.7333984375 0.3017578125 0.140625 0.080078125
1 0.7392578125 0.1494140625 0.10546875 0.083984375
1 0.841796875 0.1259765625 0.099609375 0.08984375
1 0.9658203125 0.029296875 0.068359375 0.05859375
1 0.720703125 0.0322265625 0.12109375 0.0654296875
1 0.8564453125 0.7939453125 0.06640625 0.076171875
1 0.0927734375 0.3603515625 0.1328125 0.0732421875
1 0.26171875 0.9453125 0.123046875 0.0830078125
1 0.73046875 0.3056640625 0.0712890625 0.1611328125
1 0.8974609375 0.0419921875 0.0517578125 0.0615234375
1 0.7041015625 0.5458984375 0.052734375 0.0693359375
