1 0.044921875 0.7431640625 0.08984375 0.1474609375
1 0.6826171875 0.3515625 0.1123046875 0.0908203125
1 0.7587890625 0.0205078125 0.0751953125 0.0419921875
1 0.8857421875 0.8759765625 0.1357421875 0.0849609375
1 0.0263671875 0.9697265625 0.0537109375 0.060546875
1 0.8994140625 0.24609375 0.095703125 0.072265625
1 0.7216796875 0.12890625 0.1044921875 0.0595703125
1 0.7646484375 0.2431640625 0.150390625 0.072265625
1 0.7333984375 0.92578125 0.1171875 0.068359375
1 0.7890625 0.537109375 0.1708984375 0.064453125
1 0.7080078125 0.6640625 0.1279296875 0.0458984375
1 0.9189453125 0.3701171875 0.1005859375 0.048828125
1 0.9443359375 0.0400390625 0.1103515625 0.0673828125
1 0.66015625 0.578125 0.0673828125 0.1328125
1 0.8095703125 0.650390625 0.095703125 0.0625
1 0.7177734375 0.2119140625 0.1025390625 0.0703125
1 0.810546875 0.1357421875 0.0771484375 0.0625
1 0.720703125 0.61328125 0.08203125 0.087890625
1 0.943359375 0.7265625 0.11328125 0.0693359375
1 0.9052734375 0.51171875 0.1318359375 0.080078125
1 0.896484375 0.392578125 0.1123046875 0.0947265625
1 0.9677734375 0.3525390625 0.0634765625 0.072265625
