1 0.751953125 0.9072265625 0.1298828125 0.0703125
1 0.13671875 0.9716796875 0.0947265625 0.0556640625
1 0.08203125 0.89453125 0.1640625 0.09765625
1 0.9384765625 0.775390625 0.1171875 0.0830078125
1 0.14453125 0.685546875 0.130859375 0.1328125
1 0.7841796875 0.693359375 0.0947265625 0.107421875
1 0.173828125 0.8603515625 0.1455078125 0.0732421875
1 0.9130859375 0.951171875 0.1123046875 0.087890625
1 0.076171875 0.783203125 0.1201171875 0.078125
1 0.8056640625 0.80078125 0.107421875 0.091796875
1 0.0830078125 0.666015625 0.15234375 0.072265625
1 0.1767578125 0.7666015625 0.08984375 0.0693359375
1 0.8984375 0.68359375 0.1298828125 0.1171875
