1 0.1435546875 0.0830078125 0.0771484375 0.1376953125
1 0.0791015625 0.0654296875 0.09375 0.107421875
1 0.0537109375 0.0927734375 0.0927734375 0.1328125
1 0.0087890625 0.0400390625 0.0185546875 0.0810546875
1 0.2119140625 0.0859375 0.0625 0.1240234375
1 0.23828125 0.22265625 0.052734375 0.0732421875
1 0.28515625 0.25390625 0.06640625 0.076171875
1 0.4873046875 0.1171875 0.0654296875 0.0986328125
1 0.583984375 0.041015625 0.07421875 0.060546875
1 0.6552734375 0.02734375 0.0810546875 0.0546875
1 0.6015625 0.08984375 0.052734375 0.0732421875
1 0.5859375 0.20703125 0.0693359375 0.07421875
1 0.623046875 0.3310546875 0.0546875 0.0732421875
1 0.7470703125 0.2431640625 0.05859375 0.0546875
1 0.740234375 0.26953125 0.0595703125 0.0595703125
1 0.71875 0.380859375 0.064453125 0.0634765625
1 0.791015625 0.4150390625 0.0732421875 0.0791015625
1 0.841796875 0.28125 0.0810546875 0.0849609375
1 0.849609375 0.181640625 0.0712890625 0.1015625
1 0.822265625 0.080078125 0.0849609375 0.103515625
1 0.89453125 0.009765625 0.05859375 0.0205078125
1 0.0693359375 0.552734375 0.09375 0.083984375
1 0.3994140625 0.5712890625 0.0732421875 0.119140625
1 0.2783203125 0.62890625 0.0693359375 0.091796875
1 0.263671875 0.7001953125 0.0625 0.1025390625
1 0.3115234375 0.693359375 0.0546875 0.056640625
1 0.5185546875 0.7314453125 0.1123046875 0.09765625
1 0.5380859375 0.5673828125 0.11328125 0.11328125
1 0.6171875 0.6650390625 0.0908203125 0.1005859375
1 0.2470703125 0.43359375 0.083984375 0.0595703125
1 0.4755859375 0.8837890625 0.0625 0.0625
1 0.8525390625 0.962890625 0.0810546875 0.07421875
1 0.8671875 0.8095703125 0.072265625 0.0869140625
1 0.7353515625 0.740234375 0.0576171875 0.072265625
1 0.826171875 0.71875 0.0634765625 0.0654296875
1 0.830078125 0.61328125 0.060546875 0.0908203125
1 0.0302734375 0.734375 0.060546875 0.083984375
1 0.1552734375 0.703125 0.0517578125 0.06640625
1 0.5751953125 0.8564453125 0.076171875 0.087890625
1 0.7119140625 0.7080078125 0.080078125 0.0986328125
1 0.71484375 0.0537109375 0.044921875 0.1083984375
