1 0.052734375 0.2958984375 0.0625 0.087890625
1 0.1240234375 0.310546875 0.072265625 0.1015625
1 0.259765625 0.2841796875 0.0703125 0.1162109375
1 0.2373046875 0.1884765625 0.087890625 0.06640625
1 0.427734375 0.330078125 0.0712890625 0.1025390625
1 0.388671875 0.4638671875 0.068359375 0.0400390625
1 0.2158203125 0.453125 0.0771484375 0.0537109375
1 0.23046875 0.5322265625 0.0693359375 0.060546875
1 0.2763671875 0.5302734375 0.06640625 0.056640625
1 0.337890625 0.5244140625 0.0576171875 0.05859375
1 0.361328125 0.5830078125 0.0771484375 0.064453125
1 0.5185546875 0.521484375 0.06640625 0.05859375
1 0.4443359375 0.5 0.0673828125 0.072265625
1 0.4560546875 0.41015625 0.080078125 0.068359375
1 0.5146484375 0.435546875 0.05859375 0.0615234375
1 0.6064453125 0.4384765625 0.0771484375 0.0634765625
1 0.6650390625 0.431640625 0.0556640625 0.056640625
1 0.7138671875 0.412109375 0.0810546875 0.0791015625
1 0.8271484375 0.4296875 0.0625 0.0654296875
1 0.9140625 0.482421875 0.0859375 0.0673828125
1 0.8671875 0.587890625 0.05078125 0.05859375
1 0.955078125 0.599609375 0.0751953125 0.060546875
1 0.9716796875 0.5341796875 0.0546875 0.0458984375
1 0.8779296875 0.2890625 0.0625 0.0400390625
1 0.958984375 0.3173828125 0.05859375 0.08203125
1 0.96875 0.21484375 0.0615234375 0.0732421875
1 0.7587890625 0.017578125 0.080078125 0.0361328125
1 0.6806640625 0.1220703125 0.0517578125 0.0771484375
1 0.693359375 0.185546875 0.0615234375 0.05078125
1 0.7470703125 0.1123046875 0.0634765625 0.052734375
1 0.79296875 0.1396484375 0.041015625 0.0615234375
1 0.8623046875 0.09765625 0.1220703125 0.0634765625
1 0.888671875 0.1416015625 0.134765625 0.052734375
1 0.953125 0.05078125 0.0927734375 0.0390625
1 0.6416015625 0.037109375 0.0595703125 0.0634765625
1 0.1591796875 0.021484375 0.134765625 0.04296875
1 0.302734375 0.015625 0.0693359375 0.0322265625
1 0.08203125 0.017578125 0.1201171875 0.0361328125
1 0.048828125 0.5849609375 0.0634765625 0.0634765625
1 0.1572265625 0.5732421875 0.0546875 0.0634765625
1 0.04296875 0.6513671875 0.0869140625 0.0693359375
1 0.1455078125 0.7021484375 0.07421875 0.0830078125
1 0.1650390625 0.7177734375 0.0625 0.1298828125
1 0.21875 0.7109375 0.0654296875 0.08203125
1 0.451171875 0.7001953125 0.06640625 0.0595703125
1 0.533203125 0.7373046875 0.10546875 0.0830078125
1 0.5859375 0.681640625 0.05859375 0.06640625
1 0.609375 0.763671875 0.044921875 0.083984375
1 0.65625 0.7939453125 0.064453125 0.080078125
1 0.7119140625 0.7412109375 0.06640625 0.0537109375
1 0.7685546875 0.7734375 0.0546875 0.052734375
1 0.7568359375 0.8232421875 0.0703125 0.0517578125
1 0.8583984375 0.8115234375 0.0537109375 0.0693359375
1 0.9130859375 0.7822265625 0.080078125 0.0712890625
1 0.87890625 0.9296875 0.123046875 0.0732421875
1 0.775390625 0.9541015625 0.0478515625 0.0654296875
1 0.6787109375 0.890625 0.0615234375 0.0732421875
1 0.6103515625 0.9375 0.0634765625 0.0595703125
1 0.5625 0.9091796875 0.0615234375 0.0458984375
1 0.4814453125 0.8515625 0.08984375 0.078125
1 0.45703125 0.7978515625 0.0625 0.05078125
1 0.380859375 0.8193359375 0.060546875 0.0576171875
1 0.32421875 0.841796875 0.052734375 0.0546875
1 0.3447265625 0.8935546875 0.041015625 0.056640625
1 0.275390625 0.849609375 0.0556640625 0.0595703125
1 0.259765625 0.9375 0.0615234375 0.125
1 0.435546875 0.921875 0.1435546875 0.0654296875
1 0.0341796875 0.8662109375 0.0693359375 0.048828125
1 0.125 0.962890625 0.134765625 0.0703125
1 0.1357421875 0.880859375 0.109375 0.068359375
1 0.728515625 0.5107421875 0.0478515625 0.0478515625
1 0.8759765625 0.1923828125 0.056640625 0.0478515625
1 0.8466796875 0.56640625 0.0341796875 0.0517578125
1 0.88671875 0.5576171875 0.0625 0.0380859375
1 0.0517578125 0.712890625 0.08203125 0.072265625
1 0.0537109375 0.833984375 0.06640625 0.05078125
1 0.2763671875 0.5888671875 0.0615234375 0.056640625
1 0.45703125 0.2646484375 0.0537109375 0.0595703125
1 0.642578125 0.21875 0.0830078125 0.048828125
1 0.4619140625 0.1748046875 0.072265625 0.0654296875
