1 0.9296875 0.9384765625 0.064453125 0.08203125
1 0.7705078125 0.359375 0.1171875 0.10546875
1 0.79296875 0.7216796875 0.0869140625 0.1806640625
1 0.9580078125 0.814453125 0.072265625 0.0546875
1 0.0908203125 0.76953125 0.1826171875 0.1474609375
1 0.541015625 0.2705078125 0.134765625 0.0673828125
1 0.51171875 0.69140625 0.1396484375 0.0556640625
1 0.9169921875 0.640625 0.064453125 0.0625
1 0.810546875 0.8994140625 0.1025390625 0.0546875
1 0.5107421875 0.3505859375 0.181640625 0.15234375
1 0.7998046875 0.095703125 0.099609375 0.1875
1 0.7587890625 0.2626953125 0.0751953125 0.1728515625
1 0.6435546875 0.328125 0.0625 0.1474609375
1 0.1904296875 0.18359375 0.0732421875 0.099609375
1 0.4443359375 0.8408203125 0.134765625 0.126953125
1 0.3623046875 0.9072265625 0.080078125 0.150390625
1 0.783203125 0.455078125 0.0625 0.1220703125
1 0.92578125 0.2998046875 0.1474609375 0.173828125
1 0.2841796875 0.1171875 0.1103515625 0.1796875
1 0.0732421875 0.900390625 0.072265625 0.0771484375
1 0.5947265625 0.1982421875 0.060546875 0.052734375
1 0.6376953125 0.91015625 0.0673828125 0.1474609375
1 0.498046875 0.517578125 0.107421875 0.0771484375
1 0.3388671875 0.376953125 0.0498046875 0.109375
1 0.3828125 0.6669921875 0.0732421875 0.234375
1 0.5673828125 0.564453125 0.0576171875 0.07421875
1 0.9619140625 0.400390625 0.0751953125 0.0830078125
1 0.91015625 0.517578125 0.1025390625 0.0673828125
1 0.2177734375 0.41015625 0.1123046875 0.0771484375
1 0.048828125 0.552734375 0.0947265625 0.0771484375
1 0.3369140625 0.4873046875 0.109375 0.134765625
1 0.228515625 0.533203125 0.15234375 0.1328125
1 0.7060546875 0.775390625 0.052734375 0.0625
1 0.873046875 0.4873046875 0.0625 0.080078125
1 0.0791015625 0.3701171875 0.1455078125 0.0947265625
1 0.6357421875 0.8427734375 0.107421875 0.1923828125
1 0.1484375 0.2109375 0.087890625 0.107421875
1 0.095703125 0.1455078125 0.13671875 0.2470703125
1 0.455078125 0.541015625 0.1025390625 0.267578125
1 0.61328125 0.638671875 0.087890625 0.142578125
1 0.0390625 0.431640625 0.0751953125 0.1650390625
1 0.4296875 0.0380859375 0.080078125 0.072265625
1 0.6220703125 0.6865234375 0.10546875 0.0654296875
1 0.67578125 0.6416015625 0.068359375 0.2197265625
1 0.6240234375 0.8720703125 0.0556640625 0.21484375
1 0.6396484375 0.013671875 0.0654296875 0.0234375
1 0.0751953125 0.3369140625 0.1474609375 0.1650390625
1 0.2578125 0.54296875 0.064453125 0.287109375
1 0.5234375 0.744140625 0.09765625 0.1552734375
1 0.9716796875 0.0966796875 0.056640625 0.115234375
1 0.0380859375 0.04296875 0.072265625 0.0830078125
1 0.0517578125 0.6748046875 0.0947265625 0.0703125
1 0.32421875 0.13671875 0.0849609375 0.21484375
1 0.3583984375 0.0263671875 0.0751953125 0.0537109375
1 0.0283203125 0.6494140625 0.052734375 0.0751953125
1 0.3232421875 0.9423828125 0.08203125 0.1025390625
1 0.32421875 0.7265625 0.0498046875 0.1708984375
1 0.6591796875 0.6181640625 0.0751953125 0.046875
1 0.5556640625 0.017578125 0.033203125 0.0322265625
1 0.3505859375 0.6123046875 0.13671875 0.119140625
1 0.9072265625 0.015625 0.044921875 0.02734375
