1 0.150390625 0.064453125 0.0810546875 0.078125
1 0.1611328125 0.12109375 0.05078125 0.060546875
1 0.267578125 0.2041015625 0.068359375 0.109375
1 0.0517578125 0.2392578125 0.1015625 0.099609375
1 0.3408203125 0.224609375 0.0537109375 0.0859375
1 0.419921875 0.1806640625 0.0634765625 0.0869140625
1 0.3984375 0.3017578125 0.1220703125 0.0576171875
1 0.3076171875 0.337890625 0.0830078125 0.0888671875
1 0.1611328125 0.48828125 0.0732421875 0.0859375
1 0.1064453125 0.4736328125 0.0615234375 0.0576171875
1 0.3974609375 0.48046875 0.08984375 0.072265625
1 0.4296875 0.54296875 0.099609375 0.0888671875
1 0.5009765625 0.58203125 0.0693359375 0.044921875
1 0.4384765625 0.6318359375 0.0595703125 0.0888671875
1 0.314453125 0.5732421875 0.0478515625 0.0537109375
1 0.0576171875 0.6982421875 0.1123046875 0.0595703125
1 0.2451171875 0.76171875 0.0869140625 0.083984375
1 0.3369140625 0.85546875 0.0771484375 0.0771484375
1 0.4990234375 0.720703125 0.1162109375 0.142578125
1 0.5888671875 0.6875 0.0546875 0.080078125
1 0.6845703125 0.623046875 0.068359375 0.08984375
1 0.724609375 0.6435546875 0.078125 0.107421875
1 0.6884765625 0.79296875 0.0830078125 0.072265625
1 0.7939453125 0.8037109375 0.080078125 0.0595703125
1 0.681640625 0.5048828125 0.0673828125 0.11328125
1 0.7294921875 0.51171875 0.0625 0.0478515625
1 0.80078125 0.462890625 0.1064453125 0.060546875
1 0.75390625 0.3994140625 0.052734375 0.064453125
1 0.8291015625 0.4033203125 0.095703125 0.056640625
1 0.8154296875 0.302734375 0.0654296875 0.0537109375
1 0.6875 0.3154296875 0.095703125 0.0615234375
1 0.5068359375 0.2431640625 0.087890625 0.1103515625
1 0.6044921875 0.1533203125 0.1005859375 0.07421875
1 0.7919921875 0.2216796875 0.0595703125 0.048828125
1 0.8642578125 0.109375 0.08984375 0.0791015625
1 0.7744140625 0.0703125 0.0654296875 0.0615234375
1 0.9638671875 0.203125 0.068359375 0.0751953125
1 0.984375 0.154296875 0.0302734375 0.109375
1 0.986328125 0.2763671875 0.02734375 0.0869140625
1 0.9677734375 0.5791015625 0.0634765625 0.095703125
1 0.9716796875 0.7822265625 0.0556640625 0.083984375
1 0.873046875 0.87890625 0.0947265625 0.0625
1 0.4970703125 0.986328125 0.0849609375 0.02734375
1 0.5869140625 0.9765625 0.1083984375 0.0458984375
1 0.849609375 0.9853515625 0.0693359375 0.029296875
1 0.87109375 0.9697265625 0.0859375 0.0595703125
1 0.125 0.962890625 0.095703125 0.0732421875
1 0.0380859375 0.9697265625 0.068359375 0.060546875
1 0.05859375 0.02734375 0.1015625 0.0546875
1 0.0869140625 0.5048828125 0.11328125 0.076171875
1 0.54296875 0.16015625 0.0439453125 0.0390625
1 0.634765625 0.1982421875 0.0361328125 0.0625
1 0.5888671875 0.2880859375 0.0390625 0.0498046875
1 0.53515625 0.0126953125 0.1025390625 0.025390625
1 0.837890625 0.0302734375 0.0595703125 0.060546875
1 0.4375 0.01171875 0.0380859375 0.0234375
1 0.3349609375 0.0390625 0.0634765625 0.0771484375
1 0.318359375 0.0263671875 0.033203125 0.048828125
1 0.0146484375 0.580078125 0.0302734375 0.0439453125
1 0.486328125 0.7607421875 0.0498046875 0.0712890625
