1 0.255859375 0.6689453125 0.130859375 0.1201171875
1 0.4384765625 0.0478515625 0.123046875 0.095703125
1 0.7978515625 0.5439453125 0.1357421875 0.1103515625
1 0.8388671875 0.630859375 0.125 0.0849609375
1 0.8349609375 0.228515625 0.1337890625 0.1240234375
1 0.833984375 0.1171875 0.09375 0.0966796875
1 0.3349609375 0.34765625 0.130859375 0.1318359375
1 0.73046875 0.029296875 0.107421875 0.0595703125
1 0.4140625 0.5126953125 0.091796875 0.0771484375
1 0.224609375 0.9345703125 0.123046875 0.1015625
1 0.0224609375 0.138671875 0.044921875 0.0947265625
1 0.107421875 0.76953125 0.080078125 0.0810546875
1 0.123046875 0.8818359375 0.087890625 0.1162109375
1 0.5224609375 0.8173828125 0.1376953125 0.08984375
1 0.244140625 0.28515625 0.1650390625 0.1025390625
1 0.7783203125 0.4541015625 0.099609375 0.0693359375
1 0.5439453125 0.5751953125 0.1650390625 0.1025390625
1 0.4921875 0.9423828125 0.1611328125 0.111328125
1 0.93359375 0.265625 0.130859375 0.09765625
1 0.517578125 0.66015625 0.1220703125 0.140625
1 0.0234375 0.4365234375 0.046875 0.05859375
1 0.9599609375 0.123046875 0.080078125 0.0927734375
1 0.482421875 0.8701171875 0.125 0.0830078125
1 0.07421875 0.95703125 0.0703125 0.060546875
1 0.2333984375 0.2275390625 0.1328125 0.0927734375
1 0.1787109375 0.033203125 0.0771484375 0.060546875
1 0.9775390625 0.0458984375 0.0439453125 0.087890625
1 0.3349609375 0.6064453125 0.0654296875 0.0703125
