1 0.1328125 0.021484375 0.1396484375 0.0439453125
1 0.310546875 0.14453125 0.0732421875 0.0712890625
1 0.1513671875 0.1845703125 0.0732421875 0.0830078125
1 0.0439453125 0.1943359375 0.080078125 0.0751953125
1 0.3095703125 0.41796875 0.1552734375 0.10546875
1 0.1123046875 0.39453125 0.0771484375 0.078125
1 0.5341796875 0.2060546875 0.0654296875 0.0595703125
1 0.6005859375 0.13671875 0.140625 0.09375
1 0.611328125 0.0283203125 0.111328125 0.056640625
1 0.7978515625 0.0146484375 0.0751953125 0.0302734375
1 0.767578125 0.0693359375 0.0751953125 0.0712890625
1 0.8525390625 0.158203125 0.09765625 0.1015625
1 0.5595703125 0.2998046875 0.0947265625 0.0712890625
1 0.3369140625 0.26171875 0.109375 0.09765625
1 0.498046875 0.3876953125 0.0947265625 0.138671875
1 0.255859375 0.57421875 0.0830078125 0.087890625
1 0.134765625 0.607421875 0.0673828125 0.080078125
1 0.021484375 0.318359375 0.0439453125 0.1162109375
1 0.6396484375 0.677734375 0.0732421875 0.1123046875
1 0.6513671875 0.5869140625 0.087890625 0.10546875
1 0.7080078125 0.4853515625 0.0830078125 0.1044921875
1 0.376953125 0.79296875 0.0595703125 0.08203125
1 0.46875 0.77734375 0.095703125 0.08203125
1 0.1318359375 0.818359375 0.0849609375 0.1201171875
1 0.0205078125 0.7490234375 0.0419921875 0.0849609375
1 0.0107421875 0.65234375 0.0224609375 0.0712890625
1 0.1640625 0.9619140625 0.09375 0.0751953125
1 0.2783203125 0.876953125 0.0771484375 0.0947265625
1 0.43359375 0.9189453125 0.0966796875 0.0673828125
1 0.7255859375 0.71875 0.060546875 0.103515625
1 0.87890625 0.7236328125 0.1279296875 0.1796875
1 0.9501953125 0.9287109375 0.0986328125 0.0908203125
1 0.8583984375 0.4189453125 0.1494140625 0.087890625
1 0.9912109375 0.2109375 0.017578125 0.072265625
1 0.041015625 0.0390625 0.046875 0.0791015625
1 0.9052734375 0.271484375 0.1025390625 0.0849609375
