1 0.6259765625 0.572265625 0.0654296875 0.1279296875
1 0.630859375 0.40234375 0.0654296875 0.080078125
1 0.6123046875 0.3115234375 0.083984375 0.072265625
1 0.744140625 0.392578125 0.033203125 0.18359375
1 0.705078125 0.796875 0.09375 0.078125
1 0.53125 0.662109375 0.068359375 0.068359375
1 0.642578125 0.8125 0.0712890625 0.1640625
1 0.0556640625 0.4189453125 0.060546875 0.0634765625
1 0.0302734375 0.580078125 0.0615234375 0.1552734375
1 0.9052734375 0.4189453125 0.1474609375 0.068359375
1 0.0380859375 0.06640625 0.072265625 0.0830078125
1 0.5068359375 0.3779296875 0.0810546875 0.0810546875
1 0.96484375 0.0625 0.0693359375 0.068359375
1 0.5478515625 0.08984375 0.134765625 0.076171875
1 0.1142578125 0.07421875 0.0703125 0.0546875
1 0.5849609375 0.728515625 0.08203125 0.3154296875
1 0.5966796875 0.0302734375 0.1064453125 0.060546875
1 0.89453125 0.6064453125 0.2109375 0.078125
1 0.3798828125 0.896484375 0.1689453125 0.0849609375
1 0.01953125 0.8134765625 0.0400390625 0.1015625
1 0.431640625 0.4228515625 0.1015625 0.0712890625
1 0.2685546875 0.4013671875 0.0859375 0.06640625
1 0.7421875 0.1337890625 0.1103515625 0.09765625
1 0.9013671875 0.7001953125 0.1298828125 0.0771484375
1 0.76953125 0.673828125 0.1318359375 0.0732421875
1 0.796875 0.7421875 0.2177734375 0.083984375
1 0.90625 0.8125 0.177734375 0.0712890625
1 0.814453125 0.869140625 0.1181640625 0.0673828125
1 0.919921875 0.890625 0.1064453125 0.0556640625
1 0.8994140625 0.9677734375 0.0703125 0.0595703125
1 0.9658203125 0.962890625 0.0673828125 0.068359375
1 0.7177734375 0.3994140625 0.0673828125 0.0537109375
1 0.72265625 0.3447265625 0.052734375 0.041015625
1 0.7529296875 0.3740234375 0.0859375 0.0732421875
1 0.8037109375 0.2919921875 0.1142578125 0.0537109375
1 0.7841796875 0.2236328125 0.1064453125 0.07421875
1 0.275390625 0.0546875 0.1796875 0.083984375
1 0.826171875 0.009765625 0.0458984375 0.0205078125
1 0.115234375 0.3740234375 0.0751953125 0.0634765625
1 0.029296875 0.3544921875 0.0517578125 0.0703125
1 0.1708984375 0.888671875 0.0478515625 0.03125
1 0.015625 0.9921875 0.0283203125 0.0146484375
1 0.0400390625 0.015625 0.068359375 0.0322265625
