1 0.8642578125 0.1689453125 0.0830078125 0.0947265625
1 0.9072265625 0.5947265625 0.0673828125 0.0927734375
1 0.515625 0.333984375 0.0869140625 0.05859375
1 0.4013671875 0.0693359375 0.0908203125 0.0810546875
1 0.220703125 0.533203125 0.109375 0.0576171875
1 0.0634765625 0.60546875 0.1025390625 0.064453125
1 0.3720703125 0.916015625 0.1083984375 0.0771484375
1 0.853515625 0.5478515625 0.0625 0.0771484375
1 0.60546875 0.5390625 0.0908203125 0.05859375
1 0.5810546875 0.1123046875 0.0654296875 0.169921875
1 0.6982421875 0.2724609375 0.115234375 0.0615234375
1 0.2431640625 0.6552734375 0.134765625 0.05859375
1 0.5869140625 0.2509765625 0.10546875 0.0703125
1 0.158203125 0.25 0.080078125 0.044921875
1 0.841796875 0.583984375 0.0634765625 0.060546875
1 0.044921875 0.9345703125 0.08984375 0.048828125
1 0.2265625 0.9228515625 0.134765625 0.0517578125
1 0.2568359375 0.4794921875 0.146484375 0.1162109375
1 0.3076171875 0.2001953125 0.1455078125 0.064453125
1 0.5888671875 0.78515625 0.0927734375 0.0263671875
1 0.8623046875 0.2158203125 0.0673828125 0.072265625
1 0.9892578125 0.6123046875 0.0205078125 0.05078125
1 0.47265625 0.625 0.109375 0.06640625
1 0.3798828125 0.5048828125 0.1083984375 0.0751953125
1 0.96875 0.4619140625 0.0126953125 0.080078125
1 0.7373046875 0.60546875 0.091796875 0.0302734375
1 0.5966796875 0.5634765625 0.0927734375 0.072265625
1 0.576171875 0.91796875 0.0654296875 0.060546875
1 0.6669921875 0.982421875 0.0908203125 0.0341796875
1 0.1611328125 0.89453125 0.0888671875 0.0322265625
1 0.8427734375 0.0224609375 0.1240234375 0.0361328125
1 0.732421875 0.6826171875 0.107421875 0.0625
1 0.7861328125 0.181640625 0.06640625 0.041015625
1 0.75390625 0.349609375 0.05859375 0.0537109375
1 0.2900390625 0.6142578125 0.1318359375 0.0478515625
1 0.443359375 0.7958984375 0.0791015625 0.046875
1 0.025390625 0.88671875 0.05078125 0.0693359375
1 0.7314453125 0.96875 0.06640625 0.04296875
1 0.1884765625 0.703125 0.1123046875 0.0966796875
1 0.4638671875 0.90234375 0.0888671875 0.037109375
1 0.1337890625 0.6640625 0.080078125 0.060546875
1 0.8759765625 0.6298828125 0.0576171875 0.0458984375
1 0.3818359375 0.572265625 0.09375 0.060546875
1 0.8447265625 0.234375 0.0732421875 0.0537109375
1 0.3896484375 0.54296875 0.099609375 0.0859375
1 0.23828125 0.58203125 0.0732421875 0.033203125
1 0.54296875 0.5341796875 0.05859375 0.056640625
1 0.171875 0.6005859375 0.0732421875 0.05078125
1 0.7041015625 0.6474609375 0.12890625 0.056640625
1 0.4375 0.6904296875 0.0654296875 0.0380859375
1 0.8720703125 0.5087890625 0.083984375 0.0478515625
1 0.36328125 0.6865234375 0.0810546875 0.0458984375
1 0.57421875 0.697265625 0.099609375 0.06640625
