1 0.70703125 0.0234375 0.125 0.046875
1 0.21484375 0.20703125 0.115234375 0.080078125
1 0.7333984375 0.11328125 0.15234375 0.1171875
1 0.0703125 0.185546875 0.1416015625 0.08203125
1 0.509765625 0.8701171875 0.0703125 0.0673828125
1 0.6396484375 0.3193359375 0.10546875 0.1103515625
1 0.4228515625 0.859375 0.1123046875 0.0849609375
1 0.4990234375 0.341796875 0.1005859375 0.0751953125
1 0.623046875 0.9609375 0.162109375 0.078125
1 0.123046875 0.7919921875 0.1220703125 0.07421875
1 0.0947265625 0.4482421875 0.115234375 0.08203125
1 0.060546875 0.376953125 0.1220703125 0.10546875
1 0.08203125 0.646484375 0.1640625 0.0654296875
1 0.568359375 0.29296875 0.11328125 0.09765625
1 0.08984375 0.70703125 0.16015625 0.07421875
1 0.578125 0.5966796875 0.171875 0.0859375
1 0.5546875 0.7958984375 0.08203125 0.0703125
1 0.41796875 0.5166015625 0.140625 0.064453125
