1 0.044921875 0.390625 0.078125 0.072265625
1 0.0771484375 0.4833984375 0.076171875 0.1025390625
1 0.0185546875 0.904296875 0.037109375 0.1748046875
1 0.1845703125 0.86328125 0.068359375 0.0732421875
1 0.21875 0.74609375 0.0771484375 0.0986328125
1 0.310546875 0.77734375 0.0771484375 0.064453125
1 0.3330078125 0.8720703125 0.078125 0.0654296875
1 0.408203125 0.9052734375 0.0673828125 0.0615234375
1 0.4072265625 0.9755859375 0.068359375 0.0478515625
1 0.728515625 0.9384765625 0.0869140625 0.1220703125
1 0.8310546875 0.7001953125 0.064453125 0.0517578125
1 0.9375 0.5859375 0.1240234375 0.109375
1 0.966796875 0.6826171875 0.05859375 0.0615234375
1 0.6328125 0.5869140625 0.0615234375 0.0966796875
1 0.708984375 0.646484375 0.08984375 0.0693359375
1 0.2470703125 0.3359375 0.109375 0.05859375
1 0.1943359375 0.0986328125 0.078125 0.0693359375
1 0.47265625 0.0185546875 0.115234375 0.037109375
1 0.728515625 0.103515625 0.06640625 0.0849609375
1 0.80078125 0.1953125 0.078125 0.1318359375
1 0.66015625 0.255859375 0.087890625 0.076171875
1 0.56640625 0.3642578125 0.0771484375 0.0859375
1 0.4541015625 0.1865234375 0.068359375 0.0693359375
1 0.318359375 0.4052734375 0.12109375 0.0830078125
1 0.3125 0.4716796875 0.091796875 0.1005859375
1 0.39453125 0.5849609375 0.087890625 0.1142578125
1 0.509765625 0.53515625 0.0712890625 0.091796875
1 0.7158203125 0.5302734375 0.091796875 0.0615234375
1 0.7802734375 0.4931640625 0.0751953125 0.0849609375
1 0.654296875 0.41796875 0.0634765625 0.0732421875
1 0.779296875 0.3544921875 0.0625 0.1044921875
1 0.8232421875 0.408203125 0.046875 0.0498046875
1 0.8994140625 0.439453125 0.041015625 0.111328125
1 0.703125 0.814453125 0.0791015625 0.0625
1 0.8125 0.96875 0.0654296875 0.0556640625
1 0.962890625 0.0693359375 0.0732421875 0.0673828125
1 0.6435546875 0.015625 0.0625 0.03125
1 0.2314453125 0.51171875 0.06640625 0.0654296875
1 0.748046875 0.4052734375 0.056640625 0.0537109375
1 0.64453125 0.326171875 0.078125 0.0625
1 0.396484375 0.69140625 0.0703125 0.0576171875
1 0.3818359375 0.7626953125 0.0390625 0.05859375
