1 0.30859375 0.796875 0.1171875 0.099609375
1 0.962890625 0.888671875 0.0732421875 0.15234375
1 0.275390625 0.1806640625 0.1025390625 0.1123046875
1 0.666015625 0.6494140625 0.107421875 0.1201171875
1 0.634765625 0.9052734375 0.14453125 0.1318359375
1 0.3173828125 0.2919921875 0.134765625 0.095703125
1 0.8505859375 0.3994140625 0.15234375 0.1650390625
1 0.7705078125 0.302734375 0.1220703125 0.1123046875
1 0.1708984375 0.3876953125 0.142578125 0.1376953125
1 0.751953125 0.9287109375 0.109375 0.1044921875
1 0.1650390625 0.05078125 0.1025390625 0.1015625
1 0.904296875 0.1640625 0.08984375 0.0849609375
1 0.6953125 0.427734375 0.1318359375 0.1279296875
1 0.908203125 0.095703125 0.11328125 0.072265625
1 0.0625 0.12890625 0.1025390625 0.1298828125
1 0.876953125 0.9140625 0.083984375 0.1298828125
1 0.046875 0.0068359375 0.08984375 0.0146484375
1 0.6474609375 0.0302734375 0.099609375 0.0615234375
