1 0.189453125 0.384765625 0.060546875 0.0791015625
1 0.943359375 0.375 0.052734375 0.08984375
1 0.095703125 0.69921875 0.0712890625 0.080078125
1 0.61328125 0.181640625 0.0517578125 0.091796875
1 0.2705078125 0.4794921875 0.05859375 0.080078125
1 0.984375 0.4736328125 0.0302734375 0.0693359375
1 0.31640625 0.134765625 0.0615234375 0.0849609375
1 0.2255859375 0.802734375 0.08203125 0.0693359375
1 0.587890625 0.2529296875 0.0390625 0.0791015625
1 0.7236328125 0.0478515625 0.0859375 0.0810546875
1 0.6611328125 0.5654296875 0.0498046875 0.0703125
1 0.064453125 0.60546875 0.0986328125 0.046875
1 0.802734375 0.8232421875 0.0693359375 0.0546875
1 0.138671875 0.0361328125 0.0908203125 0.0634765625
1 0.3740234375 0.26953125 0.0810546875 0.0693359375
1 0.2509765625 0.103515625 0.0849609375 0.0927734375
1 0.2158203125 0.4931640625 0.072265625 0.0673828125
1 0.6044921875 0.4609375 0.083984375 0.0791015625
1 0.1484375 0.1015625 0.09765625 0.08203125
1 0.4091796875 0.8076171875 0.0888671875 0.056640625
1 0.4287109375 0.9462890625 0.111328125 0.0732421875
1 0.3720703125 0.0537109375 0.0615234375 0.0615234375
1 0.685546875 0.203125 0.078125 0.083984375
1 0.9365234375 0.2119140625 0.076171875 0.0947265625
1 0.03125 0.55078125 0.0625 0.0693359375
1 0.3984375 0.7373046875 0.0546875 0.060546875
1 0.4619140625 0.1103515625 0.04296875 0.06640625
1 0.109375 0.4189453125 0.0478515625 0.0625
1 0.1708984375 0.3037109375 0.0400390625 0.072265625
1 0.5576171875 0.5263671875 0.0615234375 0.080078125
1 0.0771484375 0.869140625 0.05859375 0.0517578125
1 0.646484375 0.7412109375 0.05859375 0.0595703125
1 0.1669921875 0.8388671875 0.0615234375 0.0634765625
1 0.93359375 0.8330078125 0.060546875 0.056640625
1 0.767578125 0.9462890625 0.0966796875 0.044921875
1 0.15625 0.8818359375 0.0390625 0.0771484375
1 0.9287109375 0.7900390625 0.0654296875 0.05078125
1 0.400390625 0.4375 0.052734375 0.0791015625
1 0.8544921875 0.408203125 0.046875 0.0537109375
1 0.95703125 0.640625 0.0673828125 0.0361328125
1 0.369140625 0.8662109375 0.0546875 0.05859375
1 0.0205078125 0.986328125 0.041015625 0.02734375
1 0.83984375 0.8935546875 0.0595703125 0.0458984375
1 0.2060546875 0.2666015625 0.05859375 0.0439453125
1 0.3203125 0.8974609375 0.0380859375 0.0703125
1 0.8037109375 0.5 0.0517578125 0.0546875
1 0.65625 0.3251953125 0.0634765625 0.0595703125
1 0.9755859375 0.28515625 0.0380859375 0.06640625
1 0.232421875 0.7421875 0.05078125 0.06640625
1 0.4833984375 0.7548828125 0.0322265625 0.07421875
1 0.64453125 0.8857421875 0.0400390625 0.0693359375
1 0.685546875 0.412109375 0.0966796875 0.12109375
1 0.4482421875 0.6064453125 0.0751953125 0.037109375
1 0.677734375 0.9833984375 0.0810546875 0.0283203125
1 0.8955078125 0.658203125 0.0576171875 0.029296875
1 0.7529296875 0.6875 0.0732421875 0.080078125
1 0.56640625 0.6650390625 0.0673828125 0.0439453125
1 0.8232421875 0.978515625 0.052734375 0.033203125
1 0.7041015625 0.3681640625 0.03125 0.083984375
1 0.796875 0.5703125 0.0654296875 0.044921875
1 0.8017578125 0.0654296875 0.0458984375 0.048828125
1 0.484375 0.9833984375 0.091796875 0.033203125
1 0.650390625 0.068359375 0.0576171875 0.0419921875
1 0.8271484375 0.130859375 0.0693359375 0.0546875
1 0.4638671875 0.169921875 0.0546875 0.05859375
1 0.9111328125 0.25 0.0419921875 0.052734375
1 0.322265625 0.2041015625 0.0869140625 0.0390625
1 0.271484375 0.9501953125 0.109375 0.0478515625
1 0.369140625 0.66015625 0.09375 0.0615234375
1 0.435546875 0.5673828125 0.0498046875 0.0439453125
1 0.4853515625 0.29296875 0.048828125 0.03515625
1 0.21484375 0.662109375 0.044921875 0.05859375
1 0.6484375 0.494140625 0.0390625 0.064453125
1 0.8046875 0.59765625 0.091796875 0.0283203125
1 0.7041015625 0.9150390625 0.072265625 0.0498046875
1 0.4521484375 0.623046875 0.0556640625 0.0341796875
1 0.5302734375 0.736328125 0.0498046875 0.03125
1 0.216796875 0.5498046875 0.0302734375 0.0556640625
1 0.697265625 0.1884765625 0.091796875 0.09765625
1 0.2822265625 0.9833984375 0.0986328125 0.0205078125
1 0.013671875 0.8115234375 0.02734375 0.060546875
1 0.93359375 0.9189453125 0.0380859375 0.0478515625
1 0.966796875 0.9501953125 0.052734375 0.0283203125
1 0.65234375 0.01171875 0.0380859375 0.0234375
1 0.470703125 0.7333984375 0.0322265625 0.046875
1 0.5615234375 0.8779296875 0.0498046875 0.0400390625
1 0.8583984375 0.021484375 0.046875 0.041015625
1 0.2685546875 0.05859375 0.0576171875 0.037109375
