1 0.8603515625 0.48046875 0.0732421875 0.126953125
1 0.9599609375 0.7646484375 0.0791015625 0.0654296875
1 0.1767578125 0.056640625 0.1396484375 0.1103515625
1 0.1953125 0.546875 0.0927734375 0.0751953125
1 0.2705078125 0.2744140625 0.1025390625 0.080078125
1 0.119140625 0.453125 0.0849609375 0.087890625
1 0.150390625 0.212890625 0.0869140625 0.1279296875
1 0.7607421875 0.7373046875 0.09765625 0.0703125
1 0.7421875 0.79296875 0.080078125 0.0625
1 0.0341796875 0.3583984375 0.0693359375 0.072265625
1 0.0615234375 0.7138671875 0.0908203125 0.0849609375
1 0.08203125 0.208984375 0.095703125 0.0849609375
1 0.0576171875 0.576171875 0.0771484375 0.0849609375
1 0.9541015625 0.810546875 0.091796875 0.0595703125
1 0.90234375 0.5048828125 0.0576171875 0.0849609375
1 0.765625 0.283203125 0.064453125 0.052734375
