1 0.087890625 0.4697265625 0.091796875 0.080078125
1 0.1474609375 0.4169921875 0.09765625 0.068359375
1 0.173828125 0.478515625 0.083984375 0.080078125
1 0.244140625 0.4951171875 0.087890625 0.0927734375
1 0.408203125 0.5791015625 0.119140625 0.123046875
1 0.2138671875 0.72265625 0.1015625 0.0771484375
1 0.212890625 0.8134765625 0.083984375 0.0654296875
1 0.130859375 0.8740234375 0.109375 0.0810546875
1 0.3330078125 0.9267578125 0.0908203125 0.146484375
1 0.361328125 0.732421875 0.072265625 0.0673828125
1 0.4521484375 0.4296875 0.1015625 0.115234375
1 0.3642578125 0.2822265625 0.1220703125 0.0986328125
1 0.56640625 0.4287109375 0.1123046875 0.1201171875
1 0.1865234375 0.255859375 0.0849609375 0.05859375
1 0.2958984375 0.0302734375 0.083984375 0.0615234375
1 0.767578125 0.056640625 0.0771484375 0.076171875
1 0.7978515625 0.130859375 0.1103515625 0.080078125
1 0.7763671875 0.27734375 0.0947265625 0.0771484375
1 0.5966796875 0.2333984375 0.078125 0.0615234375
1 0.548828125 0.5458984375 0.09765625 0.1318359375
1 0.7119140625 0.5791015625 0.0849609375 0.1396484375
1 0.7998046875 0.501953125 0.0751953125 0.1025390625
1 0.9677734375 0.3935546875 0.0634765625 0.080078125
1 0.685546875 0.7265625 0.09375 0.0634765625
1 0.7666015625 0.8017578125 0.1494140625 0.0673828125
1 0.8955078125 0.8935546875 0.1064453125 0.072265625
1 0.73828125 0.9296875 0.107421875 0.1220703125
1 0.5859375 0.904296875 0.091796875 0.0888671875
1 0.623046875 0.8916015625 0.09375 0.08203125
1 0.576171875 0.970703125 0.0859375 0.05859375
1 0.23046875 0.966796875 0.0546875 0.05078125
1 0.3095703125 0.3623046875 0.0771484375 0.0546875
1 0.6953125 0.7998046875 0.0732421875 0.0537109375
