1 0.6953125 0.9375 0.0712890625 0.1220703125
1 0.849609375 0.8916015625 0.0849609375 0.087890625
1 0.841796875 0.80859375 0.076171875 0.07421875
1 0.701171875 0.7861328125 0.1220703125 0.125
1 0.7265625 0.7060546875 0.0791015625 0.1142578125
1 0.6982421875 0.611328125 0.091796875 0.06640625
1 0.4697265625 0.6962890625 0.080078125 0.076171875
1 0.421875 0.625 0.080078125 0.107421875
1 0.05859375 0.6162109375 0.1181640625 0.095703125
1 0.220703125 0.6689453125 0.0927734375 0.0986328125
1 0.2734375 0.73828125 0.125 0.0869140625
1 0.32421875 0.701171875 0.0498046875 0.048828125
1 0.181640625 0.7666015625 0.0732421875 0.0751953125
1 0.2158203125 0.837890625 0.0869140625 0.068359375
1 0.275390625 0.56640625 0.05078125 0.08203125
1 0.81640625 0.6103515625 0.078125 0.0615234375
1 0.884765625 0.62890625 0.087890625 0.0888671875
1 0.9267578125 0.439453125 0.0595703125 0.1123046875
1 0.4599609375 0.4072265625 0.0751953125 0.060546875
1 0.7216796875 0.2646484375 0.0966796875 0.0703125
1 0.513671875 0.2099609375 0.0673828125 0.083984375
1 0.4609375 0.283203125 0.1015625 0.0849609375
1 0.2939453125 0.228515625 0.095703125 0.0654296875
1 0.33203125 0.265625 0.1044921875 0.0615234375
1 0.18359375 0.279296875 0.0625 0.0673828125
1 0.361328125 0.0947265625 0.0791015625 0.1142578125
1 0.1640625 0.1611328125 0.087890625 0.0810546875
1 0.080078125 0.05859375 0.06640625 0.0712890625
1 0.3974609375 0.8056640625 0.072265625 0.0615234375
1 0.345703125 0.0263671875 0.068359375 0.0537109375
1 0.5830078125 0.0107421875 0.0546875 0.0224609375
1 0.53125 0.01171875 0.05078125 0.0234375
1 0.0478515625 0.779296875 0.06640625 0.056640625
