1 0.75390625 0.5048828125 0.06640625 0.0869140625
1 0.4658203125 0.4638671875 0.080078125 0.1103515625
1 0.03515625 0.04296875 0.0703125 0.0751953125
1 0.1484375 0.1474609375 0.087890625 0.072265625
1 0.0380859375 0.32421875 0.0771484375 0.099609375
1 0.4931640625 0.953125 0.0947265625 0.06640625
1 0.53515625 0.40234375 0.12109375 0.0859375
1 0.453125 0.61328125 0.087890625 0.0517578125
1 0.1845703125 0.111328125 0.0546875 0.0771484375
1 0.392578125 0.2421875 0.09375 0.060546875
1 0.638671875 0.935546875 0.1318359375 0.0595703125
1 0.7919921875 0.2197265625 0.0693359375 0.0791015625
1 0.546875 0.6171875 0.041015625 0.0625
1 0.404296875 0.0615234375 0.1123046875 0.1142578125
1 0.060546875 0.830078125 0.0908203125 0.037109375
1 0.12109375 0.7978515625 0.072265625 0.04296875
1 0.3291015625 0.482421875 0.0869140625 0.0517578125
1 0.3330078125 0.876953125 0.08203125 0.0498046875
1 0.7841796875 0.2314453125 0.056640625 0.078125
1 0.716796875 0.57421875 0.05859375 0.060546875
1 0.1435546875 0.927734375 0.1005859375 0.0439453125
1 0.6806640625 0.6708984375 0.0556640625 0.03125
1 0.5185546875 0.8115234375 0.1240234375 0.060546875
1 0.1962890625 0.501953125 0.0634765625 0.0361328125
1 0.361328125 0.6220703125 0.0625 0.0400390625
1 0.5673828125 0.7412109375 0.0859375 0.0498046875
1 0.4208984375 0.5498046875 0.07421875 0.046875
1 0.025390625 0.7138671875 0.0517578125 0.0244140625
1 0.8310546875 0.6015625 0.0625 0.048828125
1 0.0078125 0.7939453125 0.015625 0.0439453125
1 0.0791015625 0.564453125 0.0615234375 0.041015625
1 0.939453125 0.484375 0.064453125 0.0830078125
1 0.9130859375 0.935546875 0.0654296875 0.044921875
1 0.38671875 0.697265625 0.025390625 0.080078125
1 0.6474609375 0.4765625 0.052734375 0.0537109375
1 0.908203125 0.578125 0.1142578125 0.0556640625
1 0.859375 0.5263671875 0.0439453125 0.029296875
1 0.8193359375 0.64453125 0.0830078125 0.0546875
1 0.1787109375 0.0224609375 0.0478515625 0.0419921875
1 0.4482421875 0.89453125 0.046875 0.0283203125
1 0.419921875 0.63671875 0.0732421875 0.0361328125
1 0.9326171875 0.2314453125 0.0537109375 0.056640625
1 0.0380859375 0.94921875 0.076171875 0.0595703125
1 0.2626953125 0.75 0.068359375 0.0439453125
1 0.4033203125 0.515625 0.064453125 0.037109375
1 0.5625 0.5380859375 0.037109375 0.0771484375
1 0.5927734375 0.615234375 0.0732421875 0.0341796875
1 0.1220703125 0.6240234375 0.0654296875 0.0390625
1 0.7177734375 0.5478515625 0.0751953125 0.033203125
1 0.39453125 0.9443359375 0.0771484375 0.04296875
1 0.2646484375 0.533203125 0.05859375 0.06640625
1 0.9873046875 0.5087890625 0.025390625 0.0732421875
1 0.83203125 0.9560546875 0.07421875 0.0400390625
1 0.61328125 0.28515625 0.1435546875 0.052734375
1 0.009765625 0.7763671875 0.01953125 0.025390625
1 0.244140625 0.775390625 0.0859375 0.033203125
1 0.2841796875 0.0771484375 0.0703125 0.0419921875
1 0.8623046875 0.8779296875 0.0673828125 0.0322265625
1 0.0615234375 0.5146484375 0.0849609375 0.0654296875
1 0.8505859375 0.916015625 0.072265625 0.0419921875
1 0.1796875 0.6650390625 0.1005859375 0.0517578125
1 0.0068359375 0.9921875 0.0146484375 0.015625
1 0.3662109375 0.8662109375 0.0673828125 0.021484375
1 0.26171875 0.962890625 0.076171875 0.0390625
1 0.43359375 0.7060546875 0.0908203125 0.0400390625
1 0.5576171875 0.791015625 0.0966796875 0.0634765625
1 0.1298828125 0.234375 0.046875 0.0302734375
1 0.6552734375 0.6015625 0.076171875 0.0546875
1 0.3408203125 0.701171875 0.072265625 0.025390625
1 0.8115234375 0.8427734375 0.0869140625 0.0400390625
1 0.3056640625 0.935546875 0.0908203125 0.03515625
1 0.4619140625 0.8701171875 0.04296875 0.03515625
1 0.7275390625 0.18359375 0.060546875 0.0888671875
1 0.3544921875 0.9541015625 0.05859375 0.044921875
1 0.3115234375 0.013671875 0.029296875 0.0263671875
1 0.3291015625 0.7763671875 0.103515625 0.0361328125
1 0.5263671875 0.26953125 0.080078125 0.1171875
1 0.4140625 0.7177734375 0.07421875 0.0859375
1 0.240234375 0.927734375 0.083984375 0.0439453125
1 0.8779296875 0.0107421875 0.0849609375 0.021484375
1 0.599609375 0.9697265625 0.1181640625 0.044921875
1 0.0751953125 0.49609375 0.087890625 0.087890625
1 0.984375 0.8935546875 0.03125 0.0966796875
