1 0.4267578125 0.1103515625 0.1162109375 0.10546875
1 0.6044921875 0.494140625 0.115234375 0.0947265625
1 0.283203125 0.4130859375 0.123046875 0.1025390625
1 0.2919921875 0.6943359375 0.08984375 0.08984375
1 0.6162109375 0.8984375 0.0869140625 0.1181640625
1 0.4248046875 0.66015625 0.099609375 0.0869140625
1 0.5263671875 0.5537109375 0.1005859375 0.0947265625
1 0.416015625 0.734375 0.107421875 0.134765625
1 0.7109375 0.1064453125 0.09765625 0.0791015625
1 0.2421875 0.2216796875 0.109375 0.1201171875
1 0.5029296875 0.939453125 0.119140625 0.12109375
1 0.39453125 0.0380859375 0.10546875 0.0771484375
1 0.826171875 0.1123046875 0.14453125 0.0654296875
1 0.4794921875 0.3896484375 0.0849609375 0.10546875
1 0.16796875 0.98046875 0.0966796875 0.0380859375
1 0.19140625 0.91796875 0.1123046875 0.072265625
1 0.3857421875 0.2705078125 0.08203125 0.087890625
1 0.484375 0.2158203125 0.0751953125 0.078125
