1 0.4228515625 0.193359375 0.06640625 0.080078125
1 0.4951171875 0.078125 0.0595703125 0.08984375
1 0.3623046875 0.0888671875 0.0478515625 0.1025390625
1 0.6513671875 0.9375 0.0810546875 0.1044921875
1 0.302734375 0.2548828125 0.064453125 0.0654296875
1 0.4453125 0.2939453125 0.0732421875 0.0888671875
1 0.310546875 0.4111328125 0.0498046875 0.07421875
1 0.4775390625 0.4345703125 0.0576171875 0.0771484375
1 0.4091796875 0.4267578125 0.0634765625 0.078125
1 0.5419921875 0.380859375 0.0703125 0.0830078125
1 0.5673828125 0.216796875 0.1025390625 0.0966796875
1 0.5498046875 0.2734375 0.0556640625 0.0615234375
1 0.6435546875 0.3193359375 0.0703125 0.0751953125
1 0.69921875 0.3837890625 0.05859375 0.0517578125
1 0.642578125 0.4560546875 0.072265625 0.0771484375
1 0.1787109375 0.0771484375 0.08203125 0.037109375
1 0.701171875 0.2119140625 0.0361328125 0.1005859375
1 0.740234375 0.201171875 0.0478515625 0.04296875
1 0.9033203125 0.3955078125 0.06640625 0.076171875
1 0.904296875 0.712890625 0.0859375 0.0625
1 0.9404296875 0.7978515625 0.064453125 0.0732421875
1 0.8740234375 0.8408203125 0.05859375 0.0654296875
1 0.6923828125 0.71484375 0.064453125 0.0654296875
1 0.7734375 0.689453125 0.0859375 0.0888671875
1 0.552734375 0.802734375 0.0947265625 0.0615234375
1 0.6884765625 0.8642578125 0.1015625 0.087890625
1 0.8115234375 0.8388671875 0.0556640625 0.072265625
1 0.703125 0.9638671875 0.076171875 0.072265625
1 0.3291015625 0.8896484375 0.166015625 0.0634765625
1 0.4970703125 0.873046875 0.0751953125 0.046875
1 0.3759765625 0.7490234375 0.072265625 0.068359375
1 0.4541015625 0.708984375 0.11328125 0.08203125
1 0.3056640625 0.8330078125 0.0927734375 0.0556640625
1 0.2119140625 0.9658203125 0.0400390625 0.068359375
1 0.1748046875 0.9482421875 0.0517578125 0.0498046875
1 0.083984375 0.927734375 0.1064453125 0.048828125
1 0.1376953125 0.849609375 0.0634765625 0.0537109375
1 0.171875 0.7744140625 0.060546875 0.056640625
1 0.0595703125 0.7490234375 0.05078125 0.0439453125
1 0.3935546875 0.8837890625 0.0498046875 0.0390625
1 0.6025390625 0.923828125 0.0615234375 0.06640625
1 0.0224609375 0.1328125 0.044921875 0.07421875
1 0.1962890625 0.1337890625 0.064453125 0.0732421875
1 0.2587890625 0.1767578125 0.0361328125 0.0498046875
1 0.2578125 0.1474609375 0.0908203125 0.0615234375
1 0.833984375 0.0791015625 0.048828125 0.0673828125
1 0.6728515625 0.2216796875 0.029296875 0.0419921875
1 0.615234375 0.3896484375 0.0439453125 0.0654296875
1 0.6669921875 0.3564453125 0.0322265625 0.041015625
1 0.9140625 0.8359375 0.046875 0.0498046875
1 0.1201171875 0.787109375 0.0517578125 0.037109375
1 0.279296875 0.955078125 0.08203125 0.064453125
1 0.361328125 0.9296875 0.044921875 0.033203125
1 0.8125 0.009765625 0.072265625 0.0205078125
