1 0.1005859375 0.33203125 0.099609375 0.1513671875
1 0.162109375 0.115234375 0.06640625 0.0849609375
1 0.3544921875 0.26953125 0.06640625 0.107421875
1 0.388671875 0.34765625 0.0791015625 0.0634765625
1 0.2802734375 0.439453125 0.1396484375 0.1142578125
1 0.1689453125 0.5712890625 0.1279296875 0.1533203125
1 0.06640625 0.7294921875 0.1328125 0.0947265625
1 0.6962890625 0.9833984375 0.0859375 0.0322265625
1 0.58203125 0.947265625 0.095703125 0.09375
1 0.67578125 0.8359375 0.1259765625 0.1015625
1 0.228515625 0.896484375 0.150390625 0.1005859375
1 0.1904296875 0.7255859375 0.0771484375 0.091796875
1 0.4248046875 0.775390625 0.1513671875 0.1572265625
1 0.4423828125 0.646484375 0.087890625 0.1015625
1 0.2822265625 0.54296875 0.07421875 0.107421875
1 0.544921875 0.5126953125 0.083984375 0.103515625
1 0.6416015625 0.4521484375 0.125 0.1162109375
1 0.7333984375 0.478515625 0.11328125 0.142578125
1 0.841796875 0.453125 0.076171875 0.1005859375
1 0.7900390625 0.7529296875 0.0791015625 0.0703125
1 0.7890625 0.916015625 0.08203125 0.07421875
1 0.8818359375 0.990234375 0.080078125 0.01953125
1 0.673828125 0.6015625 0.1171875 0.123046875
1 0.658203125 0.2275390625 0.0869140625 0.091796875
1 0.4140625 0.169921875 0.0634765625 0.064453125
1 0.78125 0.0830078125 0.0703125 0.0986328125
1 0.875 0.2021484375 0.1171875 0.09765625
1 0.8896484375 0.025390625 0.0595703125 0.05078125
1 0.662109375 0.0244140625 0.109375 0.048828125
1 0.1875 0.1787109375 0.0947265625 0.177734375
1 0.2939453125 0.017578125 0.109375 0.03515625
1 0.3330078125 0.751953125 0.0546875 0.080078125
1 0.4267578125 0.2216796875 0.083984375 0.078125
