1 0.158203125 0.419921875 0.1328125 0.08984375
1 0.4716796875 0.17578125 0.115234375 0.09765625
1 0.208984375 0.83984375 0.0947265625 0.08984375
1 0.96875 0.7080078125 0.0625 0.1025390625
1 0.529296875 0.5478515625 0.0947265625 0.1123046875
1 0.76171875 0.85546875 0.0849609375 0.091796875
1 0.083984375 0.060546875 0.0654296875 0.0771484375
1 0.2158203125 0.203125 0.078125 0.08203125
1 0.775390625 0.7265625 0.0869140625 0.080078125
1 0.5546875 0.2490234375 0.0625 0.1025390625
1 0.234375 0.3203125 0.10546875 0.0771484375
1 0.96875 0.2958984375 0.0625 0.078125
1 0.623046875 0.7451171875 0.142578125 0.1220703125
1 0.5107421875 0.7568359375 0.1025390625 0.0751953125
1 0.1943359375 0.533203125 0.134765625 0.078125
1 0.796875 0.044921875 0.080078125 0.08984375
1 0.4248046875 0.8291015625 0.0703125 0.1142578125
1 0.380859375 0.31640625 0.078125 0.0693359375
1 0.3955078125 0.712890625 0.1474609375 0.1025390625
1 0.62890625 0.4072265625 0.1201171875 0.189453125
1 0.4326171875 0.05859375 0.1220703125 0.1171875
1 0.873046875 0.9306640625 0.0927734375 0.09765625
1 0.3896484375 0.619140625 0.0703125 0.1201171875
1 0.17578125 0.6640625 0.1328125 0.1142578125
1 0.6650390625 0.2470703125 0.08203125 0.0654296875
1 0.1220703125 0.7626953125 0.07421875 0.16015625
1 0.2421875 0.927734375 0.0703125 0.0869140625
1 0.337890625 0.83984375 0.0830078125 0.21484375
1 0.7109375 0.3896484375 0.0576171875 0.0830078125
1 0.4345703125 0.55859375 0.064453125 0.052734375
1 0.2890625 0.6982421875 0.0654296875 0.068359375
1 0.6904296875 0.283203125 0.0771484375 0.0625
1 0.96875 0.873046875 0.0625 0.09765625
1 0.7392578125 0.6318359375 0.0654296875 0.060546875
1 0.0634765625 0.3017578125 0.107421875 0.08984375
1 0.1103515625 0.5712890625 0.1279296875 0.1552734375
1 0.0830078125 0.1748046875 0.162109375 0.099609375
1 0.4970703125 0.0732421875 0.064453125 0.1474609375
1 0.701171875 0.1650390625 0.0625 0.0673828125
1 0.96484375 0.9228515625 0.0703125 0.1025390625
1 0.2958984375 0.59765625 0.0625 0.1376953125
1 0.0791015625 0.2265625 0.080078125 0.0908203125
1 0.0244140625 0.8486328125 0.048828125 0.060546875
1 0.3486328125 0.9697265625 0.072265625 0.060546875
1 0.0869140625 0.19921875 0.0703125 0.1796875
1 0.6103515625 0.48046875 0.107421875 0.0673828125
1 0.998046875 0.7158203125 0.0029296875 0.056640625
1 0.6064453125 0.7822265625 0.0947265625 0.115234375
1 0.3505859375 0.630859375 0.0478515625 0.091796875
1 0.0126953125 0.5458984375 0.0263671875 0.123046875
1 0.20703125 0.66015625 0.0703125 0.0673828125
1 0.4267578125 0.890625 0.0595703125 0.1123046875
