1 0.046875 0.138671875 0.0947265625 0.1728515625
1 0.23046875 0.1806640625 0.21484375 0.13671875
1 0.15234375 0.255859375 0.1357421875 0.09765625
1 0.0478515625 0.359375 0.095703125 0.11328125
1 0.111328125 0.3154296875 0.2236328125 0.1064453125
1 0.185546875 0.365234375 0.08984375 0.162109375
1 0.2802734375 0.3251953125 0.109375 0.0654296875
1 0.2578125 0.5126953125 0.0830078125 0.2998046875
1 0.04296875 0.5458984375 0.068359375 0.158203125
1 0.392578125 0.42578125 0.0498046875 0.0537109375
1 0.3486328125 0.462890625 0.0537109375 0.087890625
1 0.4580078125 0.5244140625 0.080078125 0.080078125
1 0.1953125 0.6611328125 0.1943359375 0.087890625
1 0.06640625 0.6552734375 0.125 0.1083984375
1 0.072265625 0.7392578125 0.0615234375 0.19140625
1 0.11328125 0.798828125 0.0751953125 0.0693359375
1 0.0244140625 0.7841796875 0.048828125 0.08984375
1 0.279296875 0.91015625 0.0693359375 0.0947265625
1 0.3388671875 0.7529296875 0.0634765625 0.115234375
1 0.89453125 0.9765625 0.09375 0.046875
1 0.6357421875 0.9765625 0.078125 0.0458984375
1 0.689453125 0.970703125 0.0576171875 0.05859375
1 0.62890625 0.9072265625 0.119140625 0.091796875
1 0.5126953125 0.97265625 0.166015625 0.0537109375
1 0.56640625 0.8251953125 0.12109375 0.0517578125
1 0.408203125 0.7578125 0.126953125 0.1611328125
1 0.50390625 0.7548828125 0.12109375 0.0732421875
1 0.591796875 0.6015625 0.0830078125 0.0703125
1 0.53125 0.6357421875 0.068359375 0.05078125
1 0.5400390625 0.5244140625 0.0693359375 0.07421875
1 0.78515625 0.5654296875 0.0732421875 0.123046875
1 0.75390625 0.669921875 0.193359375 0.0859375
1 0.8984375 0.61328125 0.046875 0.0478515625
1 0.8701171875 0.6708984375 0.0986328125 0.0810546875
1 0.9619140625 0.5595703125 0.0751953125 0.076171875
1 0.876953125 0.5224609375 0.0693359375 0.07421875
1 0.9833984375 0.4033203125 0.033203125 0.0908203125
1 0.9677734375 0.3349609375 0.0634765625 0.0859375
1 0.9423828125 0.216796875 0.115234375 0.0888671875
1 0.861328125 0.2216796875 0.083984375 0.10546875
1 0.6513671875 0.2412109375 0.0732421875 0.091796875
1 0.6611328125 0.1640625 0.0537109375 0.0498046875
1 0.75390625 0.14453125 0.091796875 0.08203125
1 0.87109375 0.087890625 0.068359375 0.0595703125
1 0.1357421875 0.748046875 0.056640625 0.0322265625
1 0.0380859375 0.818359375 0.03515625 0.0595703125
1 0.783203125 0.982421875 0.11328125 0.0341796875
1 0.990234375 0.5 0.0185546875 0.0537109375
1 0.2060546875 0.2529296875 0.1083984375 0.0791015625
