1 0.841796875 0.234375 0.0546875 0.03515625
1 0.2841796875 0.5634765625 0.126953125 0.056640625
1 0.404296875 0.5703125 0.072265625 0.15625
1 0.8671875 0.14453125 0.1064453125 0.1044921875
1 0.0859375 0.197265625 0.12109375 0.1142578125
1 0.61328125 0.4267578125 0.1162109375 0.1083984375
1 0.0908203125 0.609375 0.080078125 0.0439453125
1 0.671875 0.3310546875 0.119140625 0.0732421875
1 0.435546875 0.3984375 0.06640625 0.080078125
1 0.9580078125 0.2646484375 0.0546875 0.1005859375
1 0.0908203125 0.1328125 0.123046875 0.1298828125
1 0.056640625 0.55078125 0.044921875 0.044921875
1 0.1572265625 0.0986328125 0.1142578125 0.0810546875
1 0.4609375 0.0478515625 0.107421875 0.0888671875
1 0.8037109375 0.3369140625 0.1162109375 0.0908203125
1 0.5546875 0.1201171875 0.056640625 0.126953125
1 0.1943359375 0.3046875 0.1181640625 0.07421875
1 0.5078125 0.650390625 0.115234375 0.0625
1 0.2646484375 0.6552734375 0.1103515625 0.0732421875
1 0.1923828125 0.9052734375 0.1240234375 0.0478515625
1 0.76171875 0.5556640625 0.0849609375 0.046875
1 0.3056640625 0.9306640625 0.0419921875 0.044921875
1 0.0419921875 0.8359375 0.083984375 0.056640625
1 0.34375 0.0771484375 0.0556640625 0.068359375
1 0.7041015625 0.806640625 0.11328125 0.0625
1 0.3544921875 0.748046875 0.07421875 0.0703125
1 0.1875 0.5751953125 0.072265625 0.068359375
1 0.798828125 0.857421875 0.068359375 0.0888671875
1 0.556640625 0.154296875 0.0712890625 0.21875
1 0.203125 0.341796875 0.103515625 0.134765625
1 0.138671875 0.2705078125 0.080078125 0.0732421875
1 0.6083984375 0.361328125 0.078125 0.0810546875
1 0.080078125 0.6005859375 0.08984375 0.0400390625
1 0.0224609375 0.509765625 0.044921875 0.0693359375
1 0.048828125 0.5 0.0498046875 0.05859375
1 0.224609375 0.708984375 0.13671875 0.072265625
1 0.248046875 0.7265625 0.1015625 0.08203125
1 0.8876953125 0.73828125 0.1123046875 0.154296875
1 0.91796875 0.7421875 0.0712890625 0.1171875
1 0.2109375 0.8662109375 0.080078125 0.0419921875
1 0.7021484375 0.927734375 0.2099609375 0.1328125
1 0.72265625 0.9814453125 0.1279296875 0.037109375
1 0.947265625 0.86328125 0.0224609375 0.0302734375
1 0.693359375 0.7451171875 0.2158203125 0.0791015625
1 0.5966796875 0.201171875 0.0703125 0.1181640625
1 0.9501953125 0.2099609375 0.0556640625 0.0439453125
1 0.2333984375 0.439453125 0.044921875 0.01953125
