1 0.8037109375 0.4033203125 0.1005859375 0.140625
1 0.142578125 0.470703125 0.14453125 0.09375
1 0.806640625 0.0517578125 0.0751953125 0.103515625
1 0.3916015625 0.8369140625 0.0732421875 0.1064453125
1 0.4814453125 0.962890625 0.0625 0.0732421875
1 0.8037109375 0.7392578125 0.0830078125 0.0869140625
1 0.6494140625 0.9609375 0.05078125 0.078125
1 0.203125 0.7041015625 0.0751953125 0.0498046875
1 0.361328125 0.4052734375 0.0361328125 0.091796875
1 0.3759765625 0.4951171875 0.046875 0.0830078125
1 0.9423828125 0.65234375 0.072265625 0.0576171875
1 0.283203125 0.6337890625 0.142578125 0.1279296875
1 0.3388671875 0.703125 0.091796875 0.0849609375
1 0.71484375 0.9619140625 0.0546875 0.0751953125
1 0.4384765625 0.478515625 0.0654296875 0.0947265625
1 0.26953125 0.20703125 0.208984375 0.0771484375
1 0.375 0.41015625 0.03125 0.09375
1 0.7236328125 0.5283203125 0.05078125 0.048828125
1 0.8291015625 0.578125 0.0634765625 0.0576171875
1 0.4326171875 0.4296875 0.0654296875 0.095703125
1 0.0537109375 0.7353515625 0.068359375 0.05859375
1 0.966796875 0.81640625 0.06640625 0.0732421875
1 0.6376953125 0.068359375 0.0693359375 0.03125
1 0.275390625 0.0166015625 0.07421875 0.033203125
1 0.576171875 0.6455078125 0.0439453125 0.0712890625
1 0.578125 0.740234375 0.04296875 0.0546875
1 0.19140625 0.84765625 0.1630859375 0.048828125
1 0.375 0.0537109375 0.1416015625 0.1083984375
1 0.482421875 0.630859375 0.0517578125 0.0390625
1 0.2705078125 0.55078125 0.08203125 0.1376953125
1 0.6455078125 0.6376953125 0.1025390625 0.064453125
1 0.9814453125 0.5859375 0.0361328125 0.0478515625
1 0.533203125 0.4560546875 0.0595703125 0.0400390625
1 0.861328125 0.9833984375 0.0322265625 0.0322265625
1 0.1279296875 0.5439453125 0.099609375 0.052734375
1 0.5849609375 0.92578125 0.16015625 0.0439453125
1 0.7353515625 0.2294921875 0.0908203125 0.0556640625
1 0.5205078125 0.5458984375 0.0908203125 0.0693359375
1 0.98828125 0.177734375 0.0224609375 0.0302734375
1 0.796875 0.9794921875 0.0771484375 0.041015625
1 0.685546875 0.6767578125 0.0556640625 0.03125
1 0.3466796875 0.9658203125 0.087890625 0.068359375
1 0.982421875 0.482421875 0.0341796875 0.05859375
1 0.4873046875 0.0556640625 0.087890625 0.1123046875
1 0.484375 0.6201171875 0.0546875 0.03515625
1 0.2451171875 0.0146484375 0.0361328125 0.0302734375
1 0.73046875 0.521484375 0.046875 0.0400390625
1 0.5556640625 0.017578125 0.0732421875 0.03515625
1 0.1748046875 0.8916015625 0.060546875 0.03515625
1 0.419921875 0.1875 0.2373046875 0.0830078125
1 0.892578125 0.6572265625 0.046875 0.03515625
1 0.015625 0.8203125 0.0322265625 0.041015625
