1 0.013671875 0.453125 0.0283203125 0.142578125
1 0.19140625 0.3251953125 0.083984375 0.05859375
1 0.283203125 0.3662109375 0.109375 0.0791015625
1 0.3310546875 0.3408203125 0.0537109375 0.0771484375
1 0.4716796875 0.427734375 0.181640625 0.111328125
1 0.359375 0.599609375 0.17578125 0.080078125
1 0.298828125 0.7294921875 0.0771484375 0.0849609375
1 0.4091796875 0.76171875 0.1083984375 0.126953125
1 0.4306640625 0.8818359375 0.0859375 0.0791015625
1 0.2978515625 0.892578125 0.0810546875 0.0732421875
1 0.2255859375 0.8876953125 0.0830078125 0.0751953125
1 0.2373046875 0.9453125 0.1015625 0.048828125
1 0.5927734375 0.880859375 0.111328125 0.0576171875
1 0.61328125 0.7490234375 0.1240234375 0.0751953125
1 0.8583984375 0.943359375 0.099609375 0.068359375
1 0.94140625 0.8876953125 0.1162109375 0.142578125
1 0.6484375 0.64453125 0.0703125 0.0595703125
1 0.6845703125 0.5361328125 0.107421875 0.0712890625
1 0.8603515625 0.5498046875 0.0654296875 0.0654296875
1 0.9287109375 0.6005859375 0.068359375 0.0732421875
1 0.8662109375 0.6484375 0.0625 0.060546875
1 0.859375 0.3662109375 0.07421875 0.1005859375
1 0.9248046875 0.328125 0.1240234375 0.0654296875
1 0.888671875 0.419921875 0.1337890625 0.0673828125
1 0.9326171875 0.2119140625 0.1083984375 0.111328125
1 0.712890625 0.1005859375 0.0771484375 0.0966796875
1 0.6171875 0.2333984375 0.11328125 0.1044921875
1 0.48828125 0.0576171875 0.119140625 0.083984375
1 0.228515625 0.18359375 0.1005859375 0.056640625
1 0.1728515625 0.2099609375 0.0693359375 0.0595703125
1 0.27734375 0.130859375 0.076171875 0.0478515625
1 0.4404296875 0.185546875 0.0712890625 0.056640625
1 0.380859375 0.2353515625 0.0732421875 0.068359375
1 0.5810546875 0.23046875 0.0791015625 0.0810546875
1 0.0986328125 0.9296875 0.078125 0.1123046875
1 0.115234375 0.8828125 0.06640625 0.0634765625
