1 0.9619140625 0.6298828125 0.0751953125 0.125
1 0.9072265625 0.431640625 0.08984375 0.0849609375
1 0.66015625 0.369140625 0.0771484375 0.0751953125
1 0.537109375 0.2841796875 0.08984375 0.0947265625
1 0.4541015625 0.0966796875 0.0859375 0.0859375
1 0.880859375 0.73828125 0.142578125 0.123046875
1 0.7353515625 0.6865234375 0.0771484375 0.0849609375
1 0.7548828125 0.0517578125 0.0927734375 0.0869140625
1 0.771484375 0.853515625 0.1201171875 0.107421875
1 0.6767578125 0.5166015625 0.16015625 0.125
1 0.234375 0.20703125 0.0751953125 0.0859375
1 0.7978515625 0.9560546875 0.1318359375 0.087890625
1 0.80859375 0.234375 0.1171875 0.134765625
1 0.103515625 0.1376953125 0.09765625 0.0830078125
1 0.671875 0.9619140625 0.1201171875 0.0751953125
1 0.1884765625 0.8076171875 0.1328125 0.1474609375
1 0.0810546875 0.01953125 0.09765625 0.0390625
1 0.771484375 0.193359375 0.1005859375 0.087890625
1 0.19921875 0.037109375 0.1044921875 0.07421875
1 0.501953125 0.9609375 0.134765625 0.078125
1 0.056640625 0.37890625 0.1005859375 0.1005859375
