1 0.3544921875 0.23828125 0.2373046875 0.0830078125
1 0.4814453125 0.0595703125 0.2255859375 0.0927734375
1 0.921875 0.4423828125 0.1552734375 0.1103515625
1 0.4814453125 0.498046875 0.1787109375 0.0849609375
1 0.3115234375 0.8544921875 0.1845703125 0.0888671875
1 0.103515625 0.3603515625 0.1826171875 0.099609375
1 0.3193359375 0.029296875 0.1513671875 0.0595703125
1 0.8154296875 0.2890625 0.2919921875 0.087890625
1 0.7626953125 0.478515625 0.2451171875 0.0966796875
1 0.9736328125 0.2607421875 0.052734375 0.08203125
1 0.2578125 0.20703125 0.2880859375 0.0654296875
1 0.0478515625 0.6435546875 0.0966796875 0.103515625
1 0.087890625 0.7109375 0.103515625 0.09375
1 0.564453125 0.90625 0.1240234375 0.1875
1 0.2099609375 0.259765625 0.228515625 0.091796875
1 0.490234375 0.37890625 0.1123046875 0.0517578125
1 0.8388671875 0.34765625 0.29296875 0.1533203125
