1 0.7978515625 0.3828125 0.0830078125 0.1025390625
1 0.2666015625 0.2939453125 0.1005859375 0.0693359375
1 0.94140625 0.041015625 0.0947265625 0.08203125
1 0.16796875 0.470703125 0.0869140625 0.0625
1 0.83203125 0.845703125 0.08984375 0.08203125
1 0.8193359375 0.2265625 0.0751953125 0.0751953125
1 0.36328125 0.8310546875 0.08203125 0.107421875
1 0.5537109375 0.205078125 0.0849609375 0.0830078125
1 0.720703125 0.9755859375 0.0849609375 0.0478515625
1 0.1328125 0.3994140625 0.0771484375 0.0751953125
1 0.046875 0.8388671875 0.08984375 0.1044921875
1 0.869140625 0.5830078125 0.0849609375 0.0673828125
1 0.484375 0.41796875 0.08984375 0.0927734375
1 0.1640625 0.8388671875 0.0791015625 0.0751953125
1 0.9697265625 0.61328125 0.060546875 0.1015625
1 0.849609375 0.1484375 0.0703125 0.08203125
1 0.04296875 0.0224609375 0.0869140625 0.0458984375
1 0.0380859375 0.5029296875 0.076171875 0.0947265625
1 0.4658203125 0.9072265625 0.078125 0.08984375
1 0.3046875 0.19140625 0.0703125 0.0751953125
1 0.41015625 0.115234375 0.0771484375 0.0771484375
1 0.650390625 0.81640625 0.0830078125 0.0654296875
1 0.1513671875 0.08984375 0.1044921875 0.080078125
1 0.517578125 0.751953125 0.0771484375 0.095703125
1 0.703125 0.63671875 0.072265625 0.0751953125
1 0.2333984375 0.9541015625 0.078125 0.080078125
1 0.2529296875 0.6728515625 0.072265625 0.0830078125
1 0.67578125 0.3876953125 0.072265625 0.0927734375
1 0.619140625 0.5517578125 0.080078125 0.080078125
1 0.900390625 0.7626953125 0.0830078125 0.1025390625
1 0.359375 0.63671875 0.060546875 0.1201171875
1 0.6865234375 0.5693359375 0.0693359375 0.0498046875
1 0.76953125 0.6611328125 0.099609375 0.072265625
1 0.8642578125 0.7158203125 0.0595703125 0.0625
1 0.017578125 0.20703125 0.03515625 0.0732421875
1 0.0185546875 0.15234375 0.037109375 0.0556640625
1 0.384765625 0.412109375 0.044921875 0.0654296875
