1 0.82421875 0.0224609375 0.14453125 0.0458984375
1 0.3505859375 0.36328125 0.109375 0.130859375
1 0.7373046875 0.21484375 0.103515625 0.1064453125
1 0.498046875 0.6376953125 0.1123046875 0.1416015625
1 0.6474609375 0.61328125 0.1162109375 0.1611328125
1 0.802734375 0.509765625 0.1103515625 0.1708984375
1 0.0595703125 0.578125 0.119140625 0.0771484375
1 0.16015625 0.4560546875 0.1083984375 0.0830078125
1 0.1494140625 0.7822265625 0.0791015625 0.15625
1 0.248046875 0.8759765625 0.12109375 0.1689453125
1 0.05078125 0.71875 0.1015625 0.091796875
1 0.55859375 0.9169921875 0.1220703125 0.166015625
1 0.837890625 0.7333984375 0.166015625 0.1171875
1 0.93359375 0.8701171875 0.099609375 0.0791015625
1 0.6513671875 0.0322265625 0.115234375 0.0654296875
1 0.638671875 0.10546875 0.08984375 0.05859375
1 0.171875 0.376953125 0.09765625 0.0625
1 0.3310546875 0.580078125 0.091796875 0.1435546875
1 0.458984375 0.408203125 0.1103515625 0.1162109375
1 0.380859375 0.2060546875 0.1376953125 0.087890625
1 0.2353515625 0.1435546875 0.150390625 0.1162109375
1 0.1591796875 0.228515625 0.1474609375 0.072265625
1 0.376953125 0.0927734375 0.0869140625 0.0859375
1 0.08984375 0.384765625 0.080078125 0.0751953125
1 0.0078125 0.37109375 0.0166015625 0.1123046875
1 0.4013671875 0.8818359375 0.08203125 0.0810546875
1 0.4833984375 0.8857421875 0.0595703125 0.072265625
1 0.61328125 0.7802734375 0.0693359375 0.068359375
1 0.955078125 0.5087890625 0.08984375 0.072265625
1 0.89453125 0.3779296875 0.1005859375 0.0888671875
1 0.7041015625 0.3212890625 0.09375 0.0556640625
1 0.5009765625 0.248046875 0.087890625 0.0693359375
1 0.9609375 0.2451171875 0.078125 0.1103515625
1 0.265625 0.330078125 0.052734375 0.0810546875
