1 0.9794921875 0.5048828125 0.041015625 0.083984375
1 0.2568359375 0.1162109375 0.09375 0.1513671875
1 0.19921875 0.5771484375 0.1337890625 0.0791015625
1 0.85546875 0.384765625 0.125 0.13671875
1 0.125 0.1357421875 0.0986328125 0.0771484375
1 0.1748046875 0.71484375 0.1240234375 0.14453125
1 0.9814453125 0.162109375 0.033203125 0.09375
1 0.90625 0.6845703125 0.1064453125 0.0576171875
1 0.4609375 0.4140625 0.06640625 0.138671875
1 0.69921875 0.6083984375 0.1396484375 0.05859375
1 0.435546875 0.9111328125 0.087890625 0.0390625
1 0.9091796875 0.255859375 0.0712890625 0.0849609375
1 0.6787109375 0.0810546875 0.052734375 0.1533203125
1 0.8818359375 0.7060546875 0.1416015625 0.046875
1 0.6826171875 0.9326171875 0.1162109375 0.1064453125
1 0.845703125 0.765625 0.1748046875 0.056640625
1 0.373046875 0.8642578125 0.0419921875 0.0966796875
1 0.5556640625 0.1279296875 0.0859375 0.080078125
1 0.76171875 0.1455078125 0.060546875 0.0615234375
1 0.9521484375 0.3447265625 0.0615234375 0.1416015625
1 0.515625 0.494140625 0.126953125 0.1318359375
1 0.4130859375 0.056640625 0.041015625 0.11328125
1 0.8740234375 0.982421875 0.0771484375 0.0341796875
1 0.337890625 0.7958984375 0.1484375 0.087890625
1 0.5634765625 0.5576171875 0.0634765625 0.0966796875
1 0.181640625 0.923828125 0.076171875 0.0458984375
1 0.486328125 0.87890625 0.1572265625 0.03515625
1 0.6337890625 0.78125 0.0966796875 0.0654296875
1 0.5732421875 0.3271484375 0.216796875 0.1318359375
1 0.064453125 0.0224609375 0.0693359375 0.0380859375
1 0.0458984375 0.2705078125 0.091796875 0.056640625
1 0.759765625 0.9462890625 0.0615234375 0.0400390625
1 0.2255859375 0.8505859375 0.2109375 0.044921875
1 0.53125 0.8505859375 0.0537109375 0.0390625
1 0.6171875 0.2314453125 0.1337890625 0.0546875
1 0.6142578125 0.5625 0.0634765625 0.1982421875
1 0.0888671875 0.6904296875 0.1787109375 0.0908203125
1 0.609375 0.9833984375 0.126953125 0.033203125
1 0.3916015625 0.568359375 0.0693359375 0.048828125
1 0.8466796875 0.7373046875 0.0517578125 0.0283203125
1 0.6474609375 0.400390625 0.2138671875 0.146484375
1 0.794921875 0.8994140625 0.048828125 0.046875
1 0.359375 0.62890625 0.0869140625 0.283203125
1 0.126953125 0.9697265625 0.18359375 0.048828125
1 0.853515625 0.8720703125 0.244140625 0.095703125
1 0.021484375 0.76171875 0.04296875 0.0439453125
1 0.330078125 0.984375 0.06640625 0.0302734375
1 0.9716796875 0.4404296875 0.0556640625 0.0380859375
1 0.9755859375 0.501953125 0.048828125 0.0556640625
1 0.84765625 0.3779296875 0.1240234375 0.1015625
1 0.48046875 0.5107421875 0.1298828125 0.087890625
1 0.0947265625 0.541015625 0.0615234375 0.0771484375
1 0.125 0.478515625 0.12890625 0.083984375
1 0.115234375 0.48046875 0.2314453125 0.0400390625
1 0.0703125 0.4296875 0.140625 0.05859375
1 0.06640625 0.3095703125 0.05078125 0.0322265625
1 0.080078125 0.0908203125 0.1611328125 0.1826171875
1 0.328125 0.271484375 0.0712890625 0.0458984375
1 0.2890625 0.228515625 0.0791015625 0.0693359375
1 0.330078125 0.2177734375 0.072265625 0.0556640625
1 0.3359375 0.0185546875 0.0517578125 0.037109375
1 0.4755859375 0.0458984375 0.095703125 0.0927734375
1 0.3095703125 0.1181640625 0.064453125 0.0283203125
1 0.505859375 0.037109375 0.048828125 0.0439453125
