1 0.837890625 0.3251953125 0.0732421875 0.0673828125
1 0.8662109375 0.203125 0.107421875 0.08203125
1 0.7685546875 0.4912109375 0.09765625 0.08203125
1 0.1982421875 0.736328125 0.08203125 0.08984375
1 0.134765625 0.3544921875 0.099609375 0.099609375
1 0.626953125 0.2177734375 0.1162109375 0.111328125
1 0.2060546875 0.9453125 0.107421875 0.1083984375
1 0.0693359375 0.51953125 0.125 0.09375
1 0.5341796875 0.435546875 0.1201171875 0.0771484375
1 0.73046875 0.91015625 0.0771484375 0.1123046875
1 0.5185546875 0.865234375 0.087890625 0.1279296875
1 0.6435546875 0.0302734375 0.142578125 0.0615234375
1 0.5478515625 0.962890625 0.0732421875 0.0625
1 0.91015625 0.2646484375 0.1123046875 0.064453125
1 0.0234375 0.291015625 0.044921875 0.0703125
