1 0.2080078125 0.2724609375 0.083984375 0.1640625
1 0.2880859375 0.3017578125 0.115234375 0.0869140625
1 0.0556640625 0.181640625 0.0849609375 0.068359375
1 0.22265625 0.158203125 0.068359375 0.0732421875
1 0.4453125 0.22265625 0.1181640625 0.1015625
1 0.0673828125 0.3271484375 0.0859375 0.1416015625
1 0.25390625 0.5087890625 0.1025390625 0.083984375
1 0.4033203125 0.451171875 0.107421875 0.1513671875
1 0.509765625 0.37109375 0.1337890625 0.0927734375
1 0.4990234375 0.45703125 0.0732421875 0.0888671875
1 0.556640625 0.52734375 0.0478515625 0.0986328125
1 0.67578125 0.47265625 0.0693359375 0.0927734375
1 0.67578125 0.125 0.1435546875 0.1005859375
1 0.76953125 0.1201171875 0.07421875 0.0625
1 0.4150390625 0.0498046875 0.126953125 0.0751953125
1 0.46875 0.1044921875 0.076171875 0.076171875
1 0.14453125 0.720703125 0.11328125 0.08203125
1 0.2421875 0.841796875 0.0830078125 0.15625
1 0.1416015625 0.8583984375 0.080078125 0.203125
1 0.5009765625 0.748046875 0.0751953125 0.0712890625
1 0.49609375 0.6015625 0.1328125 0.0693359375
1 0.5078125 0.65234375 0.0751953125 0.091796875
1 0.6845703125 0.7646484375 0.0615234375 0.11328125
1 0.4765625 0.9365234375 0.0859375 0.0732421875
1 0.29296875 0.9814453125 0.125 0.0361328125
1 0.8095703125 0.9189453125 0.0595703125 0.0693359375
1 0.9755859375 0.1455078125 0.048828125 0.0859375
1 0.8291015625 0.4150390625 0.0888671875 0.06640625
1 0.8525390625 0.48046875 0.072265625 0.0947265625
1 0.9423828125 0.50390625 0.072265625 0.0712890625
1 0.85546875 0.552734375 0.0869140625 0.0576171875
1 0.9697265625 0.7138671875 0.0595703125 0.076171875
1 0.884765625 0.0888671875 0.0830078125 0.0830078125
1 0.294921875 0.0302734375 0.0830078125 0.060546875
1 0.0380859375 0.4873046875 0.076171875 0.0859375
1 0.029296875 0.224609375 0.056640625 0.173828125
1 0.9677734375 0.7666015625 0.0634765625 0.0908203125
1 0.3115234375 0.5576171875 0.0869140625 0.0830078125
1 0.10546875 0.7578125 0.0908203125 0.0771484375
1 0.3740234375 0.166015625 0.0732421875 0.07421875
1 0.82421875 0.646484375 0.05078125 0.0634765625
1 0.6083984375 0.828125 0.048828125 0.080078125
1 0.3369140625 0.109375 0.07421875 0.08203125
1 0.34375 0.025390625 0.0654296875 0.0498046875
1 0.0224609375 0.537109375 0.044921875 0.0751953125
1 0.0126953125 0.640625 0.0263671875 0.0830078125
1 0.9833984375 0.5791015625 0.033203125 0.064453125
1 0.96875 0.986328125 0.0625 0.0263671875
1 0.703125 0.74609375 0.056640625 0.0546875
