1 0.85546875 0.7275390625 0.08203125 0.0673828125
1 0.8857421875 0.6513671875 0.0986328125 0.072265625
1 0.0712890625 0.48046875 0.09375 0.0634765625
1 0.3857421875 0.1005859375 0.0771484375 0.07421875
1 0.3095703125 0.9111328125 0.0634765625 0.0966796875
1 0.33203125 0.8720703125 0.0625 0.083984375
1 0.0791015625 0.63671875 0.11328125 0.0947265625
1 0.591796875 0.4326171875 0.076171875 0.05859375
1 0.27734375 0.263671875 0.0869140625 0.0751953125
1 0.275390625 0.640625 0.1171875 0.103515625
1 0.595703125 0.640625 0.1455078125 0.07421875
1 0.1923828125 0.9501953125 0.08203125 0.0810546875
1 0.3564453125 0.6416015625 0.1123046875 0.08203125
1 0.5556640625 0.5263671875 0.0595703125 0.0947265625
1 0.685546875 0.2177734375 0.0751953125 0.0908203125
1 0.3798828125 0.6962890625 0.0703125 0.0712890625
1 0.08203125 0.9462890625 0.08203125 0.0458984375
1 0.9580078125 0.7236328125 0.07421875 0.0595703125
1 0.3837890625 0.0205078125 0.138671875 0.0400390625
1 0.83203125 0.0791015625 0.0537109375 0.0869140625
1 0.724609375 0.3828125 0.095703125 0.1064453125
1 0.1884765625 0.0732421875 0.0908203125 0.0986328125
1 0.44921875 0.396484375 0.0625 0.087890625
1 0.7705078125 0.630859375 0.1279296875 0.0654296875
1 0.2744140625 0.9697265625 0.0595703125 0.046875
1 0.1630859375 0.5751953125 0.1123046875 0.0986328125
1 0.865234375 0.2890625 0.103515625 0.0810546875
1 0.5830078125 0.2177734375 0.076171875 0.0537109375
1 0.240234375 0.5390625 0.1064453125 0.068359375
1 0.177734375 0.728515625 0.125 0.0693359375
1 0.748046875 0.3671875 0.048828125 0.05859375
1 0.3232421875 0.0703125 0.05859375 0.03515625
1 0.2998046875 0.166015625 0.1220703125 0.09375
1 0.3564453125 0.861328125 0.05078125 0.0732421875
1 0.990234375 0.1474609375 0.01953125 0.08203125
1 0.896484375 0.35546875 0.037109375 0.072265625
1 0.0927734375 0.744140625 0.095703125 0.0439453125
1 0.927734375 0.6298828125 0.046875 0.068359375
1 0.619140625 0.779296875 0.0478515625 0.04296875
1 0.9921875 0.6435546875 0.015625 0.072265625
1 0.3935546875 0.3359375 0.1044921875 0.025390625
1 0.5869140625 0.9794921875 0.107421875 0.03515625
1 0.890625 0.6220703125 0.05859375 0.0654296875
1 0.6953125 0.3876953125 0.0908203125 0.087890625
1 0.0380859375 0.6787109375 0.076171875 0.044921875
1 0.056640625 0.3037109375 0.080078125 0.04296875
1 0.5029296875 0.0244140625 0.048828125 0.0498046875
1 0.03125 0.3603515625 0.0634765625 0.048828125
1 0.5185546875 0.9775390625 0.0693359375 0.0400390625
1 0.3798828125 0.2275390625 0.1005859375 0.1015625
1 0.025390625 0.0751953125 0.0517578125 0.05859375
1 0.486328125 0.6669921875 0.05078125 0.0400390625
1 0.2529296875 0.81640625 0.0888671875 0.033203125
1 0.2216796875 0.3154296875 0.1083984375 0.048828125
1 0.1572265625 0.1494140625 0.0625 0.01953125
1 0.322265625 0.888671875 0.0654296875 0.095703125
1 0.841796875 0.6591796875 0.0498046875 0.0361328125
1 0.1181640625 0.32421875 0.205078125 0.07421875
1 0.6181640625 0.0224609375 0.0498046875 0.044921875
1 0.87109375 0.099609375 0.0546875 0.0458984375
1 0.2470703125 0.015625 0.0400390625 0.0322265625
1 0.2802734375 0.0126953125 0.0322265625 0.025390625
