1 0.681640625 0.2060546875 0.0625 0.0859375
1 0.560546875 0.7705078125 0.0693359375 0.095703125
1 0.5380859375 0.1015625 0.0654296875 0.078125
1 0.9482421875 0.3408203125 0.0703125 0.0869140625
1 0.927734375 0.8017578125 0.0869140625 0.0986328125
1 0.0556640625 0.1259765625 0.0791015625 0.0615234375
1 0.29296875 0.2099609375 0.0966796875 0.05859375
1 0.2509765625 0.0830078125 0.08984375 0.046875
1 0.35546875 0.0478515625 0.0400390625 0.095703125
1 0.91015625 0.7177734375 0.044921875 0.0849609375
1 0.62890625 0.697265625 0.0947265625 0.0400390625
1 0.8291015625 0.3837890625 0.04296875 0.076171875
1 0.154296875 0.73828125 0.0595703125 0.0732421875
1 0.9814453125 0.646484375 0.033203125 0.083984375
1 0.4755859375 0.3828125 0.0576171875 0.056640625
1 0.54296875 0.2978515625 0.0693359375 0.0458984375
1 0.44921875 0.1728515625 0.1259765625 0.0791015625
1 0.1982421875 0.34375 0.048828125 0.07421875
1 0.7294921875 0.958984375 0.099609375 0.0615234375
1 0.0537109375 0.912109375 0.107421875 0.0517578125
1 0.2109375 0.7470703125 0.0634765625 0.0546875
1 0.578515625 0.232421875 0.09160156250000007 0.06093749999999998
1 0.765625 0.9697265625 0.0615234375 0.0595703125
1 0.560546875 0.4462890625 0.05859375 0.052734375
1 0.673828125 0.8232421875 0.0771484375 0.044921875
1 0.4609375 0.875 0.06640625 0.0458984375
1 0.1435546875 0.2041015625 0.0654296875 0.0654296875
1 0.2861328125 0.6689453125 0.078125 0.0419921875
1 0.216796875 0.876953125 0.0791015625 0.0439453125
1 0.130859375 0.7744140625 0.0615234375 0.03515625
1 0.02734375 0.4267578125 0.0556640625 0.0439453125
1 0.3544921875 0.986328125 0.0732421875 0.0234375
1 0.447265625 0.5537109375 0.0771484375 0.0478515625
1 0.158203125 0.0576171875 0.03125 0.083984375
1 0.2021484375 0.1005859375 0.0947265625 0.0322265625
1 0.2705078125 0.9453125 0.087890625 0.03125
1 0.7490234375 0.44921875 0.0380859375 0.068359375
1 0.3251953125 0.5244140625 0.09375 0.05078125
1 0.04296875 0.30859375 0.0615234375 0.044921875
1 0.62109375 0.142578125 0.0361328125 0.0517578125
1 0.3876953125 0.564453125 0.0791015625 0.0380859375
1 0.0771484375 0.802734375 0.0498046875 0.0263671875
1 0.9052734375 0.103515625 0.08984375 0.041015625
1 0.7880859375 0.9033203125 0.033203125 0.0869140625
1 0.0400390625 0.546875 0.080078125 0.04296875
1 0.169921875 0.146484375 0.033203125 0.0712890625
1 0.97265625 0.5244140625 0.0537109375 0.025390625
1 0.17578125 0.5068359375 0.0869140625 0.0556640625
1 0.791015625 0.1748046875 0.0478515625 0.0478515625
1 0.37890625 0.6201171875 0.0556640625 0.0322265625
1 0.4716796875 0.826171875 0.0419921875 0.0224609375
1 0.5537109375 0.4814453125 0.0546875 0.0361328125
1 0.2236328125 0.5419921875 0.08203125 0.0419921875
1 0.724609375 0.171875 0.08203125 0.03515625
1 0.8564453125 0.2412109375 0.0546875 0.046875
1 0.646484375 0.9208984375 0.0419921875 0.0302734375
1 0.4736328125 0.7138671875 0.1064453125 0.037109375
1 0.943359375 0.3798828125 0.05078125 0.0419921875
1 0.15234375 0.9296875 0.0458984375 0.0263671875
1 0.3720703125 0.4912109375 0.046875 0.0322265625
1 0.4921875 0.751953125 0.056640625 0.044921875
1 0.544921875 0.5185546875 0.056640625 0.0400390625
1 0.4169921875 0.5224609375 0.0654296875 0.0546875
1 0.802734375 0.513671875 0.05078125 0.0712890625
1 0.8740234375 0.51171875 0.0615234375 0.0517578125
1 0.9150390625 0.5654296875 0.0439453125 0.0859375
1 0.841796875 0.5576171875 0.0791015625 0.03125
1 0.841796875 0.5947265625 0.0859375 0.0439453125
1 0.8095703125 0.0830078125 0.064453125 0.0791015625
1 0.7138671875 0.126953125 0.0498046875 0.0341796875
1 0.98046875 0.7841796875 0.0380859375 0.0634765625
1 0.7265625 0.857421875 0.0517578125 0.044921875
1 0.8515625 0.8837890625 0.0546875 0.0517578125
1 0.11328125 0.587890625 0.0791015625 0.044921875
