1 0.9638671875 0.0556640625 0.0712890625 0.0869140625
1 0.8955078125 0.1826171875 0.0791015625 0.0595703125
1 0.28515625 0.5869140625 0.1064453125 0.0634765625
1 0.5009765625 0.939453125 0.0966796875 0.0517578125
1 0.96875 0.3447265625 0.0615234375 0.064453125
1 0.751953125 0.5390625 0.134765625 0.048828125
1 0.5693359375 0.6123046875 0.138671875 0.0478515625
1 0.5205078125 0.03515625 0.06640625 0.0712890625
1 0.537109375 0.0966796875 0.1220703125 0.0810546875
1 0.6884765625 0.4697265625 0.1064453125 0.0830078125
1 0.4716796875 0.4833984375 0.1455078125 0.05859375
1 0.484375 0.896484375 0.0927734375 0.05078125
1 0.341796875 0.1376953125 0.1484375 0.0830078125
1 0.7939453125 0.3212890625 0.095703125 0.080078125
1 0.921875 0.38671875 0.0771484375 0.0703125
1 0.1123046875 0.416015625 0.15234375 0.0625
1 0.142578125 0.564453125 0.1318359375 0.0693359375
1 0.7109375 0.8466796875 0.1513671875 0.0595703125
1 0.2529296875 0.5234375 0.1005859375 0.0439453125
1 0.712890625 0.408203125 0.09375 0.0634765625
1 0.7294921875 0.962890625 0.138671875 0.0419921875
1 0.8466796875 0.2626953125 0.0986328125 0.1123046875
1 0.10546875 0.263671875 0.103515625 0.0361328125
1 0.521484375 0.458984375 0.0556640625 0.0693359375
1 0.7275390625 0.2958984375 0.06640625 0.0703125
1 0.5986328125 0.4716796875 0.0908203125 0.056640625
1 0.39453125 0.421875 0.0791015625 0.0634765625
1 0.0322265625 0.603515625 0.064453125 0.0439453125
1 0.9765625 0.3388671875 0.0458984375 0.0615234375
1 0.974609375 0.6044921875 0.0498046875 0.056640625
1 0.8955078125 0.859375 0.07421875 0.0517578125
1 0.662109375 0.927734375 0.076171875 0.04296875
1 0.806640625 0.3896484375 0.1162109375 0.0556640625
1 0.185546875 0.3173828125 0.107421875 0.03125
1 0.859375 0.9365234375 0.06640625 0.046875
1 0.7021484375 0.6201171875 0.1279296875 0.048828125
1 0.66015625 0.20703125 0.091796875 0.0888671875
1 0.6552734375 0.0205078125 0.1533203125 0.0419921875
1 0.95703125 0.5087890625 0.0849609375 0.0302734375
1 0.353515625 0.5263671875 0.1318359375 0.0751953125
1 0.2568359375 0.724609375 0.1787109375 0.0498046875
1 0.6162109375 0.32421875 0.115234375 0.1552734375
1 0.0673828125 0.6728515625 0.1357421875 0.068359375
1 0.0810546875 0.3662109375 0.1630859375 0.0634765625
1 0.0302734375 0.052734375 0.060546875 0.05859375
1 0.4296875 0.3994140625 0.1181640625 0.0927734375
1 0.3271484375 0.3203125 0.1337890625 0.0546875
1 0.8359375 0.841796875 0.0595703125 0.025390625
1 0.2314453125 0.9521484375 0.1474609375 0.03515625
1 0.4814453125 0.6533203125 0.08203125 0.033203125
1 0.0595703125 0.8076171875 0.119140625 0.052734375
1 0.638671875 0.603515625 0.091796875 0.0283203125
1 0.0322265625 0.0859375 0.0634765625 0.0537109375
1 0.0263671875 0.1943359375 0.052734375 0.0458984375
1 0.765625 0.91796875 0.068359375 0.09375
1 0.8994140625 0.5087890625 0.080078125 0.044921875
1 0.384765625 0.0185546875 0.03515625 0.037109375
1 0.5224609375 0.5576171875 0.0947265625 0.0478515625
1 0.0546875 0.9052734375 0.107421875 0.060546875
1 0.037109375 0.96484375 0.0751953125 0.0341796875
1 0.4521484375 0.7958984375 0.1357421875 0.0791015625
1 0.0322265625 0.0703125 0.0634765625 0.0634765625
1 0.4765625 0.97265625 0.189453125 0.04296875
1 0.6826171875 0.03515625 0.087890625 0.0703125
