1 0.642578125 0.1005859375 0.0576171875 0.083984375
1 0.4755859375 0.095703125 0.0595703125 0.1044921875
1 0.240234375 0.3955078125 0.099609375 0.060546875
1 0.5263671875 0.783203125 0.0859375 0.0615234375
1 0.853515625 0.328125 0.0625 0.0732421875
1 0.8046875 0.1357421875 0.064453125 0.0888671875
1 0.87890625 0.15625 0.08203125 0.08203125
1 0.7109375 0.4794921875 0.0673828125 0.080078125
1 0.5302734375 0.2822265625 0.06640625 0.0810546875
1 0.8447265625 0.056640625 0.115234375 0.11328125
1 0.7265625 0.6279296875 0.068359375 0.0732421875
1 0.833984375 0.8203125 0.1357421875 0.068359375
1 0.0693359375 0.443359375 0.078125 0.0439453125
1 0.734375 0.8251953125 0.109375 0.1240234375
1 0.6142578125 0.037109375 0.0673828125 0.0732421875
1 0.4521484375 0.326171875 0.060546875 0.0791015625
1 0.43359375 0.6123046875 0.091796875 0.0546875
1 0.94140625 0.021484375 0.08984375 0.0439453125
1 0.5029296875 0.494140625 0.103515625 0.0458984375
1 0.232421875 0.734375 0.0859375 0.0615234375
1 0.046875 0.1611328125 0.08984375 0.0595703125
1 0.8623046875 0.56640625 0.109375 0.0556640625
1 0.232421875 0.1142578125 0.1318359375 0.06640625
1 0.423828125 0.484375 0.0859375 0.0576171875
1 0.87890625 0.4833984375 0.0869140625 0.0537109375
1 0.20703125 0.0419921875 0.0966796875 0.0693359375
1 0.1494140625 0.39453125 0.09765625 0.0771484375
1 0.4169921875 0.712890625 0.1005859375 0.0771484375
1 0.9599609375 0.4560546875 0.0517578125 0.0576171875
1 0.267578125 0.0390625 0.0859375 0.0791015625
1 0.8662109375 0.2470703125 0.0810546875 0.0400390625
1 0.6865234375 0.3564453125 0.076171875 0.0556640625
1 0.7998046875 0.404296875 0.076171875 0.060546875
1 0.2216796875 0.8837890625 0.1708984375 0.048828125
1 0.2216796875 0.6708984375 0.1142578125 0.0576171875
1 0.7607421875 0.36328125 0.0732421875 0.0693359375
1 0.259765625 0.1953125 0.0361328125 0.072265625
1 0.9619140625 0.6455078125 0.0751953125 0.052734375
1 0.03515625 0.7138671875 0.0712890625 0.0654296875
1 0.146484375 0.4931640625 0.0859375 0.048828125
1 0.634765625 0.9599609375 0.1337890625 0.080078125
1 0.390625 0.0244140625 0.0869140625 0.046875
1 0.69921875 0.2802734375 0.0634765625 0.033203125
1 0.6748046875 0.423828125 0.08203125 0.0595703125
1 0.30078125 0.625 0.115234375 0.037109375
1 0.3359375 0.244140625 0.080078125 0.025390625
1 0.515625 0.015625 0.095703125 0.0322265625
1 0.8095703125 0.5751953125 0.078125 0.0390625
1 0.96875 0.927734375 0.0625 0.0322265625
1 0.705078125 0.751953125 0.0498046875 0.046875
1 0.2880859375 0.025390625 0.0615234375 0.0517578125
1 0.521484375 0.90234375 0.1181640625 0.1484375
1 0.6640625 0.6103515625 0.0791015625 0.048828125
1 0.8876953125 0.890625 0.083984375 0.04296875
1 0.1474609375 0.701171875 0.0986328125 0.0703125
1 0.640625 0.857421875 0.0732421875 0.037109375
1 0.419921875 0.2890625 0.08984375 0.03125
1 0.5302734375 0.12109375 0.044921875 0.0634765625
1 0.05859375 0.87109375 0.1171875 0.0576171875
1 0.259765625 0.521484375 0.0927734375 0.03515625
1 0.2041015625 0.5546875 0.09375 0.046875
1 0.751953125 0.267578125 0.0791015625 0.0478515625
1 0.1337890625 0.0849609375 0.06640625 0.0556640625
1 0.2001953125 0.111328125 0.123046875 0.087890625
1 0.3349609375 0.8720703125 0.08203125 0.0400390625
1 0.580078125 0.8955078125 0.1298828125 0.0478515625
1 0.2802734375 0.8388671875 0.080078125 0.0498046875
1 0.1083984375 0.900390625 0.0849609375 0.037109375
1 0.0556640625 0.658203125 0.0693359375 0.041015625
1 0.7470703125 0.7998046875 0.0615234375 0.056640625
1 0.2431640625 0.5029296875 0.095703125 0.041015625
1 0.19140625 0.572265625 0.068359375 0.03515625
1 0.9921875 0.7001953125 0.0146484375 0.025390625
1 0.0146484375 0.974609375 0.0302734375 0.05078125
1 0.357421875 0.9365234375 0.0830078125 0.048828125
1 0.37109375 0.96875 0.119140625 0.0595703125
1 0.416015625 0.8427734375 0.048828125 0.0576171875
1 0.9677734375 0.888671875 0.0615234375 0.0361328125
1 0.5322265625 0.5537109375 0.0498046875 0.0419921875
1 0.091796875 0.0556640625 0.08984375 0.0478515625
1 0.087890625 0.1142578125 0.1298828125 0.068359375
1 0.013671875 0.0498046875 0.0283203125 0.0498046875
1 0.0087890625 0.009765625 0.017578125 0.0205078125
