1 0.029296875 0.1083984375 0.0595703125 0.078125
1 0.826171875 0.091796875 0.109375 0.080078125
1 0.646484375 0.55859375 0.0849609375 0.107421875
1 0.0009765625 0.3955078125 0.001953125 0.107421875
1 0.8271484375 0.5224609375 0.1142578125 0.08203125
1 0.9033203125 0.6220703125 0.1025390625 0.10546875
1 0.900390625 0.453125 0.1201171875 0.0859375
1 0.6904296875 0.734375 0.0927734375 0.115234375
1 0.0859375 0.0830078125 0.140625 0.1123046875
1 0.763671875 0.9443359375 0.0703125 0.1044921875
1 0.828125 0.8701171875 0.0771484375 0.064453125
1 0.947265625 0.2373046875 0.103515625 0.10546875
