1 0.8818359375 0.0458984375 0.0625 0.0908203125
1 0.984375 0.6572265625 0.03125 0.1025390625
1 0.8154296875 0.767578125 0.0791015625 0.064453125
1 0.5595703125 0.65625 0.109375 0.09765625
1 0.8388671875 0.3681640625 0.076171875 0.091796875
1 0.2822265625 0.0849609375 0.1015625 0.0712890625
1 0.685546875 0.0419921875 0.0751953125 0.072265625
1 0.7568359375 0.224609375 0.0869140625 0.103515625
1 0.9775390625 0.17578125 0.044921875 0.0546875
1 0.271484375 0.6884765625 0.107421875 0.0908203125
1 0.74609375 0.0517578125 0.0693359375 0.0966796875
1 0.3291015625 0.7001953125 0.080078125 0.0703125
1 0.9765625 0.849609375 0.046875 0.1201171875
1 0.07421875 0.7255859375 0.0869140625 0.072265625
1 0.21875 0.94921875 0.099609375 0.0693359375
1 0.62890625 0.41015625 0.09375 0.0859375
1 0.5625 0.048828125 0.1181640625 0.080078125
1 0.099609375 0.5888671875 0.1162109375 0.0595703125
1 0.8681640625 0.943359375 0.08984375 0.0810546875
1 0.5498046875 0.5888671875 0.1123046875 0.1025390625
1 0.8056640625 0.412109375 0.111328125 0.0625
1 0.7470703125 0.45703125 0.068359375 0.0595703125
1 0.6865234375 0.2529296875 0.0654296875 0.0595703125
1 0.1484375 0.7646484375 0.0830078125 0.0830078125
1 0.6845703125 0.5732421875 0.09375 0.109375
1 0.8017578125 0.447265625 0.0908203125 0.0615234375
1 0.396484375 0.4189453125 0.0751953125 0.0712890625
1 0.1015625 0.4169921875 0.095703125 0.078125
1 0.0439453125 0.5009765625 0.083984375 0.07421875
1 0.59765625 0.490234375 0.0693359375 0.1025390625
1 0.9248046875 0.5712890625 0.0791015625 0.087890625
1 0.6904296875 0.1513671875 0.0810546875 0.080078125
1 0.505859375 0.3310546875 0.080078125 0.119140625
1 0.123046875 0.6806640625 0.083984375 0.0556640625
1 0.3701171875 0.21875 0.0595703125 0.0703125
1 0.341796875 0.2470703125 0.076171875 0.0498046875
1 0.6005859375 0.7373046875 0.0703125 0.0537109375
1 0.0517578125 0.2919921875 0.1015625 0.0869140625
1 0.0244140625 0.1064453125 0.0498046875 0.072265625
1 0.53125 0.869140625 0.0703125 0.05078125
1 0.7861328125 0.033203125 0.0654296875 0.06640625
1 0.6005859375 0.2744140625 0.1015625 0.0546875
1 0.130859375 0.095703125 0.0927734375 0.083984375
1 0.5146484375 0.0947265625 0.0615234375 0.0556640625
1 0.3720703125 0.98046875 0.099609375 0.0390625
1 0.6279296875 0.55859375 0.0703125 0.068359375
1 0.7666015625 0.7763671875 0.0673828125 0.04296875
1 0.03125 0.037109375 0.0625 0.05859375
1 0.94140625 0.359375 0.0703125 0.0615234375
1 0.0927734375 0.4306640625 0.0810546875 0.0712890625
1 0.90625 0.794921875 0.0576171875 0.048828125
1 0.44921875 0.3720703125 0.05078125 0.0703125
1 0.478515625 0.0224609375 0.04296875 0.0458984375
1 0.0888671875 0.638671875 0.0322265625 0.0263671875
1 0.9501953125 0.6318359375 0.0576171875 0.05859375
1 0.9501953125 0.6865234375 0.0380859375 0.046875
1 0.822265625 0.2998046875 0.05859375 0.06640625
1 0.03125 0.0947265625 0.0615234375 0.0693359375
1 0.169921875 0.9853515625 0.05078125 0.0283203125
1 0.2802734375 0.0185546875 0.041015625 0.0380859375
1 0.8857421875 0.244140625 0.0458984375 0.0439453125
1 0.1435546875 0.6591796875 0.087890625 0.044921875
1 0.048828125 0.173828125 0.0830078125 0.0810546875
1 0.3779296875 0.017578125 0.037109375 0.033203125
1 0.2919921875 0.796875 0.0966796875 0.0390625
1 0.349609375 0.0185546875 0.052734375 0.0361328125
1 0.1376953125 0.0234375 0.0537109375 0.044921875
1 0.08203125 0.6123046875 0.064453125 0.060546875
1 0.146484375 0.015625 0.0361328125 0.029296875
1 0.291015625 0.083984375 0.08203125 0.0625
1 0.3369140625 0.373046875 0.046875 0.0517578125
1 0.1005859375 0.400390625 0.0732421875 0.0673828125
1 0.9462890625 0.7900390625 0.041015625 0.04296875
1 0.025390625 0.6767578125 0.0498046875 0.068359375
