1 0.1083984375 0.0869140625 0.146484375 0.0625
1 0.416015625 0.0400390625 0.0869140625 0.078125
1 0.3271484375 0.185546875 0.0947265625 0.0615234375
1 0.55859375 0.095703125 0.10546875 0.0810546875
1 0.537109375 0.279296875 0.140625 0.0888671875
1 0.728515625 0.353515625 0.0673828125 0.0791015625
1 0.8388671875 0.2216796875 0.0712890625 0.0458984375
1 0.9873046875 0.302734375 0.025390625 0.0751953125
1 0.9658203125 0.4189453125 0.068359375 0.0869140625
1 0.7431640625 0.4404296875 0.072265625 0.0849609375
1 0.6708984375 0.5498046875 0.072265625 0.0810546875
1 0.51171875 0.40234375 0.0869140625 0.0556640625
1 0.2099609375 0.4296875 0.1123046875 0.072265625
1 0.212890625 0.3369140625 0.09765625 0.095703125
1 0.041015625 0.3125 0.08203125 0.0966796875
1 0.0439453125 0.6318359375 0.0888671875 0.0869140625
1 0.5078125 0.630859375 0.0830078125 0.0927734375
1 0.66796875 0.65625 0.083984375 0.08984375
1 0.681640625 0.7353515625 0.1640625 0.072265625
1 0.8837890625 0.783203125 0.0869140625 0.0859375
1 0.9521484375 0.7451171875 0.07421875 0.1103515625
1 0.9833984375 0.541015625 0.033203125 0.0859375
1 0.4052734375 0.8759765625 0.1064453125 0.1103515625
1 0.6005859375 0.8623046875 0.0791015625 0.0712890625
1 0.8671875 0.939453125 0.1162109375 0.080078125
1 0.0478515625 0.9833984375 0.0966796875 0.033203125
1 0.046875 0.8037109375 0.09375 0.080078125
1 0.2275390625 0.8369140625 0.0703125 0.1025390625
1 0.3291015625 0.7578125 0.05078125 0.0439453125
1 0.80859375 0.060546875 0.0810546875 0.056640625
1 0.6123046875 0.513671875 0.056640625 0.06640625
