1 0.5576171875 0.80078125 0.1015625 0.1396484375
1 0.287109375 0.4794921875 0.2529296875 0.1044921875
1 0.1865234375 0.69921875 0.197265625 0.09765625
1 0.056640625 0.47265625 0.1142578125 0.1376953125
1 0.1611328125 0.259765625 0.1201171875 0.0986328125
1 0.3056640625 0.3427734375 0.12109375 0.0830078125
1 0.7275390625 0.44921875 0.1220703125 0.119140625
1 0.8486328125 0.4150390625 0.1513671875 0.1396484375
1 0.97265625 0.3984375 0.0537109375 0.1103515625
1 0.9873046875 0.171875 0.025390625 0.09375
1 0.0234375 0.2880859375 0.0478515625 0.1025390625
1 0.263671875 0.935546875 0.134765625 0.12890625
1 0.6474609375 0.697265625 0.1083984375 0.0791015625
1 0.4365234375 0.0439453125 0.1220703125 0.087890625
1 0.8291015625 0.2861328125 0.1005859375 0.06640625
1 0.9228515625 0.1435546875 0.12109375 0.1123046875
1 0.9873046875 0.5771484375 0.025390625 0.0703125
1 0.873046875 0.607421875 0.0625 0.064453125
1 0.98046875 0.736328125 0.0390625 0.0849609375
1 0.7509765625 0.826171875 0.08984375 0.08203125
1 0.962890625 0.90234375 0.0732421875 0.095703125
1 0.7919921875 0.9658203125 0.083984375 0.068359375
1 0.69140625 0.931640625 0.0869140625 0.0810546875
1 0.8544921875 0.9697265625 0.083984375 0.0595703125
1 0.587890625 0.7236328125 0.0771484375 0.0888671875
1 0.1806640625 0.5263671875 0.1220703125 0.0576171875
1 0.255859375 0.7412109375 0.1318359375 0.0888671875
1 0.4619140625 0.8232421875 0.0947265625 0.068359375
1 0.9521484375 0.166015625 0.0859375 0.0966796875
1 0.6865234375 0.0693359375 0.12890625 0.115234375
1 0.5107421875 0.0849609375 0.0556640625 0.0634765625
