1 0.4892578125 0.0361328125 0.138671875 0.0732421875
1 0.2978515625 0.4013671875 0.09765625 0.0673828125
1 0.8408203125 0.65625 0.142578125 0.0751953125
1 0.3857421875 0.8701171875 0.099609375 0.107421875
1 0.263671875 0.71875 0.1044921875 0.0830078125
1 0.919921875 0.201171875 0.1123046875 0.0625
1 0.8125 0.2880859375 0.15625 0.0625
1 0.0615234375 0.7177734375 0.119140625 0.09765625
1 0.7490234375 0.9267578125 0.1142578125 0.09375
1 0.6318359375 0.0908203125 0.1171875 0.0869140625
1 0.5751953125 0.4833984375 0.1376953125 0.078125
1 0.61328125 0.73828125 0.158203125 0.078125
1 0.232421875 0.5029296875 0.0849609375 0.064453125
1 0.955078125 0.4990234375 0.08984375 0.0751953125
1 0.5146484375 0.9404296875 0.0927734375 0.1025390625
1 0.001953125 0.8203125 0.0048828125 0.0771484375
1 0.3642578125 0.611328125 0.125 0.1044921875
1 0.7333984375 0.134765625 0.1572265625 0.107421875
1 0.1044921875 0.0322265625 0.09765625 0.064453125
1 0.376953125 0.1611328125 0.140625 0.0751953125
1 0.203125 0.3466796875 0.1005859375 0.0849609375
1 0.2578125 0.5576171875 0.091796875 0.0625
1 0.943359375 0.4150390625 0.1103515625 0.0712890625
1 0.533203125 0.3369140625 0.1591796875 0.0615234375
1 0.8515625 0.4345703125 0.125 0.0732421875
1 0.6962890625 0.5400390625 0.169921875 0.1181640625
1 0.42578125 0.5791015625 0.08203125 0.0693359375
1 0.0458984375 0.357421875 0.091796875 0.0791015625
1 0.767578125 0.453125 0.126953125 0.1015625
1 0.64453125 0.57421875 0.150390625 0.0654296875
1 0.0498046875 0.763671875 0.099609375 0.078125
1 0.3515625 0.9501953125 0.09765625 0.099609375
1 0.83203125 0.9287109375 0.111328125 0.138671875
1 0.8251953125 0.3466796875 0.1474609375 0.0595703125
1 0.42578125 0.1875 0.1171875 0.0771484375
1 0.6259765625 0.2919921875 0.1875 0.08984375
1 0.9599609375 0.833984375 0.0771484375 0.1181640625
1 0.9599609375 0.72265625 0.080078125 0.0693359375
1 0.18359375 0.9384765625 0.0888671875 0.0546875
1 0.037109375 0.2841796875 0.0751953125 0.083984375
1 0.7763671875 0.9013671875 0.119140625 0.0869140625
