1 0.1279296875 0.4189453125 0.1064453125 0.1240234375
1 0.4990234375 0.462890625 0.078125 0.0693359375
1 0.1884765625 0.4580078125 0.140625 0.0869140625
1 0.6552734375 0.8662109375 0.0673828125 0.1328125
1 0.193359375 0.7275390625 0.0888671875 0.1083984375
1 0.083984375 0.3056640625 0.119140625 0.0888671875
1 0.345703125 0.7646484375 0.1123046875 0.091796875
1 0.7958984375 0.572265625 0.1875 0.0859375
1 0.49609375 0.6142578125 0.0595703125 0.05859375
1 0.654296875 0.44921875 0.107421875 0.0888671875
1 0.3759765625 0.5322265625 0.220703125 0.0791015625
1 0.5234375 0.0556640625 0.078125 0.1123046875
1 0.8095703125 0.4609375 0.09375 0.0654296875
1 0.7939453125 0.431640625 0.1328125 0.0732421875
1 0.04296875 0.9599609375 0.0869140625 0.0791015625
1 0.6005859375 0.61328125 0.07421875 0.07421875
1 0.02734375 0.4775390625 0.0537109375 0.080078125
1 0.0380859375 0.5947265625 0.0517578125 0.0732421875
1 0.5400390625 0.2724609375 0.060546875 0.0712890625
1 0.37109375 0.71875 0.20703125 0.0576171875
1 0.111328125 0.623046875 0.0458984375 0.0390625
1 0.5302734375 0.6513671875 0.189453125 0.1318359375
