1 0.521484375 0.017578125 0.083984375 0.03515625
1 0.2890625 0.0859375 0.0673828125 0.083984375
1 0.3603515625 0.2802734375 0.123046875 0.072265625
1 0.28515625 0.3349609375 0.10546875 0.080078125
1 0.50390625 0.091796875 0.0849609375 0.09765625
1 0.798828125 0.18359375 0.078125 0.0859375
1 0.87109375 0.2626953125 0.0732421875 0.07421875
1 0.9677734375 0.3056640625 0.0546875 0.08203125
1 0.6328125 0.1123046875 0.0859375 0.08203125
1 0.66796875 0.1826171875 0.05078125 0.0693359375
1 0.6669921875 0.3623046875 0.103515625 0.111328125
1 0.76953125 0.3486328125 0.0712890625 0.10546875
1 0.9501953125 0.470703125 0.099609375 0.1064453125
1 0.8505859375 0.474609375 0.080078125 0.0849609375
1 0.9111328125 0.5673828125 0.0966796875 0.111328125
1 0.5732421875 0.4755859375 0.1171875 0.0830078125
1 0.462890625 0.4501953125 0.0712890625 0.060546875
1 0.162109375 0.5166015625 0.0771484375 0.0732421875
1 0.0234375 0.494140625 0.046875 0.0947265625
1 0.2900390625 0.458984375 0.068359375 0.0673828125
1 0.1025390625 0.716796875 0.0537109375 0.0654296875
1 0.162109375 0.6513671875 0.068359375 0.0654296875
1 0.044921875 0.5927734375 0.056640625 0.060546875
1 0.2724609375 0.7177734375 0.0595703125 0.07421875
1 0.171875 0.8505859375 0.076171875 0.0693359375
1 0.189453125 0.9716796875 0.0888671875 0.0556640625
1 0.33203125 0.9501953125 0.1201171875 0.076171875
1 0.30078125 0.21875 0.1240234375 0.0703125
1 0.5625 0.8642578125 0.1064453125 0.14453125
1 0.6533203125 0.716796875 0.0908203125 0.078125
1 0.6953125 0.5869140625 0.099609375 0.056640625
1 0.794921875 0.8544921875 0.09375 0.1337890625
1 0.9189453125 0.94921875 0.111328125 0.0908203125
1 0.755859375 0.8994140625 0.10546875 0.12109375
1 0.7109375 0.82421875 0.0791015625 0.052734375
1 0.3056640625 0.7578125 0.0732421875 0.103515625
