1 0.3671875 0.033203125 0.0400390625 0.0673828125
1 0.0185546875 0.0888671875 0.037109375 0.0947265625
1 0.4609375 0.201171875 0.0654296875 0.0791015625
1 0.69140625 0.2822265625 0.0615234375 0.08984375
1 0.3857421875 0.158203125 0.0478515625 0.0810546875
1 0.318359375 0.49609375 0.0869140625 0.0986328125
1 0.009765625 0.4189453125 0.0205078125 0.1005859375
1 0.328125 0.9365234375 0.060546875 0.1259765625
1 0.5029296875 0.494140625 0.0546875 0.0869140625
1 0.7890625 0.9482421875 0.0654296875 0.0634765625
1 0.359375 0.595703125 0.0771484375 0.0751953125
1 0.7744140625 0.5537109375 0.0380859375 0.0888671875
1 0.7734375 0.3564453125 0.0615234375 0.068359375
1 0.5517578125 0.9521484375 0.0419921875 0.0908203125
1 0.869140625 0.076171875 0.046875 0.076171875
1 0.0556640625 0.1884765625 0.0302734375 0.0703125
1 0.7822265625 0.08984375 0.02734375 0.083984375
1 0.162109375 0.9716796875 0.07421875 0.0458984375
1 0.6015625 0.2138671875 0.078125 0.046875
1 0.6904296875 0.494140625 0.0751953125 0.0576171875
1 0.23828125 0.9296875 0.0517578125 0.0615234375
1 0.4970703125 0.083984375 0.044921875 0.0693359375
1 0.0205078125 0.044921875 0.0419921875 0.0703125
1 0.2529296875 0.3544921875 0.03515625 0.115234375
1 0.83203125 0.8037109375 0.0390625 0.080078125
1 0.3515625 0.478515625 0.0732421875 0.0673828125
1 0.0087890625 0.1806640625 0.0185546875 0.09375
1 0.509765625 0.8447265625 0.0712890625 0.099609375
1 0.130859375 0.9150390625 0.0703125 0.068359375
1 0.345703125 0.8916015625 0.0634765625 0.0517578125
1 0.7119140625 0.736328125 0.0439453125 0.1005859375
1 0.720703125 0.1787109375 0.0439453125 0.109375
1 0.724609375 0.078125 0.060546875 0.109375
1 0.212890625 0.017578125 0.0380859375 0.03515625
1 0.62890625 0.1953125 0.0595703125 0.0654296875
1 0.9619140625 0.7373046875 0.044921875 0.060546875
1 0.5556640625 0.3896484375 0.03515625 0.0625
1 0.859375 0.96875 0.0576171875 0.0576171875
1 0.9453125 0.798828125 0.05078125 0.0693359375
1 0.4443359375 0.037109375 0.03125 0.0732421875
1 0.4365234375 0.9765625 0.0458984375 0.04296875
1 0.0498046875 0.0205078125 0.029296875 0.041015625
1 0.10546875 0.978515625 0.0322265625 0.04296875
1 0.0322265625 0.73828125 0.0458984375 0.0673828125
1 0.037109375 0.9697265625 0.0595703125 0.0546875
1 0.48828125 0.978515625 0.0478515625 0.04296875
1 0.9794921875 0.6796875 0.0400390625 0.0576171875
1 0.6611328125 0.4423828125 0.0576171875 0.05078125
1 0.412109375 0.021484375 0.0390625 0.0439453125
1 0.4521484375 0.0322265625 0.0263671875 0.0634765625
1 0.974609375 0.0068359375 0.05078125 0.0146484375
1 0.912109375 0.9873046875 0.0263671875 0.0244140625
1 0.76171875 0.0498046875 0.0400390625 0.0947265625
1 0.6611328125 0.740234375 0.04296875 0.060546875
1 0.341796875 0.4267578125 0.0400390625 0.0693359375
1 0.822265625 0.515625 0.0634765625 0.06640625
1 0.8525390625 0.4736328125 0.0439453125 0.103515625
1 0.8505859375 0.4072265625 0.0546875 0.0693359375
1 0.8828125 0.33203125 0.0498046875 0.1103515625
1 0.9013671875 0.3056640625 0.0361328125 0.111328125
1 0.859375 0.2646484375 0.0390625 0.095703125
1 0.39453125 0.859375 0.0625 0.060546875
