1 0.9619140625 0.5029296875 0.076171875 0.30078125
1 0.783203125 0.89453125 0.1396484375 0.1650390625
1 0.7646484375 0.529296875 0.095703125 0.1064453125
1 0.0439453125 0.1513671875 0.0888671875 0.087890625
1 0.033203125 0.6337890625 0.0673828125 0.13671875
1 0.640625 0.9462890625 0.1328125 0.0986328125
1 0.109375 0.966796875 0.1357421875 0.06640625
1 0.484375 0.3671875 0.1337890625 0.1923828125
1 0.31640625 0.9033203125 0.0908203125 0.0830078125
1 0.1572265625 0.9052734375 0.125 0.068359375
1 0.1240234375 0.7509765625 0.0625 0.1533203125
1 0.1904296875 0.7861328125 0.0673828125 0.0859375
1 0.8662109375 0.3505859375 0.173828125 0.0947265625
1 0.6103515625 0.3583984375 0.1396484375 0.09375
1 0.556640625 0.2646484375 0.1005859375 0.0712890625
1 0.4794921875 0.2568359375 0.162109375 0.103515625
