1 0.052734375 0.1240234375 0.076171875 0.0498046875
1 0.1640625 0.205078125 0.0517578125 0.0576171875
1 0.041015625 0.326171875 0.08203125 0.091796875
1 0.0166015625 0.375 0.0341796875 0.048828125
1 0.1357421875 0.310546875 0.0771484375 0.0830078125
1 0.171875 0.400390625 0.0517578125 0.0546875
1 0.2548828125 0.2041015625 0.0556640625 0.11328125
1 0.0390625 0.490234375 0.07421875 0.0703125
1 0.0869140625 0.57421875 0.0693359375 0.076171875
1 0.142578125 0.6181640625 0.0498046875 0.0654296875
1 0.0107421875 0.677734375 0.021484375 0.0615234375
1 0.2646484375 0.4921875 0.0595703125 0.0703125
1 0.123046875 0.8017578125 0.0673828125 0.076171875
1 0.109375 0.9775390625 0.0556640625 0.0400390625
1 0.3193359375 0.912109375 0.0947265625 0.07421875
1 0.4033203125 0.791015625 0.072265625 0.0888671875
1 0.4951171875 0.828125 0.078125 0.0654296875
1 0.4912109375 0.9345703125 0.1103515625 0.076171875
1 0.619140625 0.9228515625 0.0908203125 0.0595703125
1 0.58984375 0.9580078125 0.1083984375 0.064453125
1 0.76953125 0.8466796875 0.0693359375 0.09375
1 0.6044921875 0.7890625 0.1201171875 0.0966796875
1 0.41015625 0.62109375 0.08984375 0.0556640625
1 0.296875 0.556640625 0.05078125 0.0712890625
1 0.3154296875 0.4443359375 0.056640625 0.04296875
1 0.3935546875 0.4384765625 0.0732421875 0.05078125
1 0.4345703125 0.525390625 0.0693359375 0.103515625
1 0.56640625 0.5322265625 0.06640625 0.05078125
1 0.6806640625 0.4189453125 0.068359375 0.1298828125
1 0.865234375 0.3740234375 0.068359375 0.072265625
1 0.9375 0.34765625 0.0537109375 0.060546875
1 0.896484375 0.5126953125 0.06640625 0.0615234375
1 0.859375 0.580078125 0.1259765625 0.08203125
1 0.865234375 0.6357421875 0.1396484375 0.1103515625
1 0.7587890625 0.65625 0.1240234375 0.0791015625
1 0.9638671875 0.8427734375 0.072265625 0.1513671875
1 0.8466796875 0.978515625 0.048828125 0.0419921875
1 0.755859375 0.9833984375 0.05078125 0.0322265625
1 0.97265625 0.98046875 0.052734375 0.0380859375
1 0.568359375 0.24609375 0.05859375 0.0556640625
1 0.4111328125 0.2890625 0.06640625 0.0986328125
1 0.6728515625 0.037109375 0.06640625 0.0615234375
1 0.6064453125 0.0078125 0.07421875 0.015625
1 0.828125 0.1337890625 0.078125 0.0546875
1 0.8828125 0.2177734375 0.0859375 0.1064453125
1 0.9677734375 0.2255859375 0.0634765625 0.0673828125
1 0.9560546875 0.1005859375 0.0869140625 0.0791015625
1 0.974609375 0.45703125 0.05078125 0.0595703125
1 0.9794921875 0.693359375 0.0400390625 0.0556640625
