1 0.650390625 0.85546875 0.1376953125 0.1025390625
1 0.560546875 0.71484375 0.1201171875 0.1171875
1 0.6181640625 0.2734375 0.1240234375 0.15234375
1 0.796875 0.83203125 0.150390625 0.115234375
1 0.494140625 0.947265625 0.1298828125 0.10546875
1 0.91796875 0.771484375 0.1279296875 0.12890625
1 0.5732421875 0.5908203125 0.142578125 0.123046875
1 0.2529296875 0.1650390625 0.1357421875 0.11328125
1 0.8310546875 0.462890625 0.1318359375 0.115234375
1 0.53515625 0.0595703125 0.1025390625 0.115234375
1 0.20703125 0.83203125 0.1240234375 0.09765625
1 0.8388671875 0.6416015625 0.0810546875 0.1298828125
1 0.8828125 0.966796875 0.1826171875 0.0654296875
1 0.6923828125 0.091796875 0.1416015625 0.07421875
1 0.10546875 0.412109375 0.20703125 0.1259765625
1 0.26171875 0.05078125 0.169921875 0.09765625
1 0.0556640625 0.96875 0.107421875 0.0625
1 0.05859375 0.033203125 0.09765625 0.0625
1 0.7685546875 0.68359375 0.09375 0.1123046875
1 0.673828125 0.12890625 0.1513671875 0.08203125
1 0.91796875 0.4541015625 0.0947265625 0.1083984375
1 0.357421875 0.55078125 0.08984375 0.0810546875
