1 0.9599609375 0.46875 0.0625 0.0869140625
1 0.708984375 0.119140625 0.06640625 0.0908203125
1 0.708984375 0.9609375 0.1015625 0.0732421875
1 0.7568359375 0.443359375 0.072265625 0.0771484375
1 0.2841796875 0.8759765625 0.12109375 0.0869140625
1 0.78515625 0.5693359375 0.0712890625 0.09765625
1 0.953125 0.369140625 0.0791015625 0.0732421875
1 0.89453125 0.5634765625 0.0732421875 0.0732421875
1 0.9150390625 0.181640625 0.0712890625 0.0986328125
1 0.1943359375 0.3134765625 0.0751953125 0.078125
1 0.40625 0.1474609375 0.1025390625 0.087890625
1 0.640625 0.5458984375 0.07421875 0.0771484375
1 0.89453125 0.779296875 0.0732421875 0.0693359375
1 0.3515625 0.5380859375 0.0966796875 0.0947265625
1 0.8388671875 0.578125 0.103515625 0.111328125
1 0.775390625 0.7734375 0.0693359375 0.083984375
1 0.986328125 0.6953125 0.02734375 0.0908203125
1 0.666015625 0.8349609375 0.072265625 0.0615234375
1 0.16015625 0.0849609375 0.1064453125 0.095703125
1 0.9619140625 0.15625 0.076171875 0.0849609375
1 0.85546875 0.7890625 0.06640625 0.0791015625
1 0.759765625 0.8544921875 0.0751953125 0.080078125
1 0.865234375 0.1669921875 0.0810546875 0.11328125
1 0.9072265625 0.2587890625 0.0751953125 0.0849609375
1 0.3427734375 0.6220703125 0.0849609375 0.064453125
1 0.509765625 0.41015625 0.1142578125 0.0986328125
1 0.048828125 0.6904296875 0.0986328125 0.044921875
1 0.1123046875 0.2158203125 0.0986328125 0.080078125
1 0.1943359375 0.90234375 0.08203125 0.05078125
1 0.623046875 0.2939453125 0.078125 0.0478515625
1 0.81640625 0.19921875 0.0693359375 0.0908203125
1 0.53515625 0.6337890625 0.0966796875 0.0546875
1 0.931640625 0.5361328125 0.07421875 0.08203125
1 0.05859375 0.142578125 0.0810546875 0.0810546875
1 0.0537109375 0.5263671875 0.060546875 0.087890625
1 0.201171875 0.501953125 0.080078125 0.0615234375
1 0.046875 0.9521484375 0.083984375 0.0634765625
1 0.474609375 0.8720703125 0.0986328125 0.0693359375
1 0.091796875 0.515625 0.1181640625 0.05078125
1 0.23046875 0.24609375 0.109375 0.08203125
1 0.478515625 0.1162109375 0.0732421875 0.119140625
1 0.3935546875 0.4921875 0.1142578125 0.060546875
1 0.1259765625 0.6513671875 0.1494140625 0.0576171875
1 0.634765625 0.60546875 0.0703125 0.0478515625
1 0.3876953125 0.9873046875 0.072265625 0.0244140625
1 0.2841796875 0.0888671875 0.119140625 0.0810546875
1 0.8447265625 0.1748046875 0.0576171875 0.0703125
1 0.154296875 0.4951171875 0.0791015625 0.0986328125
1 0.1611328125 0.5771484375 0.0673828125 0.04296875
1 0.3125 0.2314453125 0.083984375 0.0791015625
1 0.033203125 0.154296875 0.06640625 0.0830078125
1 0.58984375 0.208984375 0.107421875 0.0908203125
1 0.3291015625 0.1611328125 0.10546875 0.1259765625
1 0.197265625 0.7294921875 0.083984375 0.068359375
1 0.4267578125 0.2294921875 0.0947265625 0.150390625
1 0.0263671875 0.2841796875 0.0537109375 0.044921875
1 0.9296875 0.01171875 0.0419921875 0.0234375
1 0.634765625 0.68359375 0.0869140625 0.0517578125
1 0.041015625 0.912109375 0.0810546875 0.0654296875
1 0.4443359375 0.78125 0.0693359375 0.033203125
1 0.9482421875 0.9482421875 0.0703125 0.0263671875
1 0.501953125 0.9814453125 0.123046875 0.037109375
1 0.0263671875 0.646484375 0.05078125 0.0302734375
1 0.42578125 0.8115234375 0.0966796875 0.06640625
1 0.978515625 0.0126953125 0.033203125 0.0234375
1 0.4111328125 0.193359375 0.0703125 0.0703125
1 0.755859375 0.7373046875 0.0966796875 0.0537109375
1 0.19140625 0.015625 0.0732421875 0.0322265625
1 0.5849609375 0.970703125 0.1171875 0.05859375
1 0.125 0.9501953125 0.1240234375 0.0625
