1 0.7958984375 0.2998046875 0.1044921875 0.0927734375
1 0.7587890625 0.3251953125 0.064453125 0.080078125
1 0.7763671875 0.4013671875 0.0712890625 0.1064453125
1 0.7900390625 0.541015625 0.0986328125 0.0830078125
1 0.67578125 0.5986328125 0.1064453125 0.1123046875
1 0.6318359375 0.4326171875 0.0751953125 0.080078125
1 0.4609375 0.083984375 0.0830078125 0.130859375
1 0.33203125 0.06640625 0.111328125 0.0966796875
1 0.6357421875 0.0791015625 0.0986328125 0.1318359375
1 0.763671875 0.1376953125 0.0751953125 0.109375
1 0.8349609375 0.1650390625 0.0595703125 0.1005859375
1 0.8818359375 0.1416015625 0.076171875 0.1005859375
1 0.859375 0.041015625 0.0703125 0.0830078125
1 0.943359375 0.06640625 0.1123046875 0.1279296875
1 0.986328125 0.0390625 0.02734375 0.0791015625
1 0.3369140625 0.17578125 0.177734375 0.1259765625
1 0.2255859375 0.2177734375 0.1513671875 0.083984375
1 0.1787109375 0.4130859375 0.1669921875 0.1533203125
1 0.1396484375 0.515625 0.0673828125 0.0712890625
1 0.0517578125 0.474609375 0.05859375 0.1015625
1 0.0810546875 0.57421875 0.0966796875 0.103515625
1 0.2314453125 0.5849609375 0.150390625 0.0751953125
1 0.275390625 0.4541015625 0.056640625 0.13671875
1 0.328125 0.447265625 0.06640625 0.080078125
1 0.4208984375 0.5205078125 0.0625 0.1005859375
1 0.4228515625 0.595703125 0.0712890625 0.0791015625
1 0.017578125 0.1171875 0.0361328125 0.1005859375
1 0.1005859375 0.017578125 0.0947265625 0.03515625
1 0.0869140625 0.0341796875 0.0986328125 0.0546875
1 0.26171875 0.7333984375 0.1181640625 0.0732421875
1 0.076171875 0.7783203125 0.1318359375 0.091796875
1 0.03125 0.783203125 0.0625 0.044921875
1 0.0361328125 0.89453125 0.0732421875 0.0654296875
1 0.1220703125 0.9296875 0.10546875 0.052734375
1 0.330078125 0.9453125 0.201171875 0.109375
1 0.478515625 0.9541015625 0.0673828125 0.0732421875
1 0.5576171875 0.923828125 0.080078125 0.1171875
1 0.6826171875 0.8974609375 0.083984375 0.08203125
1 0.7919921875 0.955078125 0.1171875 0.0576171875
1 0.7177734375 0.7421875 0.0576171875 0.0849609375
1 0.787109375 0.779296875 0.05859375 0.0732421875
1 0.830078125 0.88671875 0.083984375 0.1318359375
1 0.9609375 0.8017578125 0.078125 0.1103515625
1 0.955078125 0.8701171875 0.0791015625 0.0703125
1 0.9287109375 0.6787109375 0.0693359375 0.072265625
1 0.9248046875 0.595703125 0.140625 0.1298828125
1 0.96484375 0.361328125 0.0693359375 0.0830078125
1 0.41015625 0.5322265625 0.1103515625 0.1630859375
1 0.9267578125 0.26953125 0.05078125 0.0859375
1 0.9609375 0.3193359375 0.078125 0.0556640625
1 0.5732421875 0.7490234375 0.0439453125 0.0439453125
1 0.2861328125 0.9609375 0.0986328125 0.0771484375
