1 0.1669921875 0.9794921875 0.0888671875 0.0400390625
1 0.208984375 0.9169921875 0.07421875 0.064453125
1 0.3935546875 0.9794921875 0.111328125 0.041015625
1 0.2958984375 0.8349609375 0.0703125 0.091796875
1 0.353515625 0.763671875 0.0703125 0.0888671875
1 0.13671875 0.744140625 0.0771484375 0.0947265625
1 0.1494140625 0.57421875 0.0732421875 0.107421875
1 0.224609375 0.4970703125 0.0849609375 0.09375
1 0.150390625 0.427734375 0.0966796875 0.103515625
1 0.1259765625 0.220703125 0.087890625 0.068359375
1 0.095703125 0.2666015625 0.1865234375 0.2099609375
1 0.21875 0.2158203125 0.087890625 0.1474609375
1 0.2783203125 0.203125 0.0791015625 0.0732421875
1 0.37109375 0.224609375 0.07421875 0.076171875
1 0.41015625 0.4169921875 0.0712890625 0.091796875
1 0.4990234375 0.3974609375 0.0859375 0.0712890625
1 0.4462890625 0.5498046875 0.0625 0.109375
1 0.203125 0.041015625 0.068359375 0.08203125
1 0.0400390625 0.029296875 0.080078125 0.05859375
1 0.2890625 0.01953125 0.0947265625 0.0400390625
1 0.4677734375 0.1787109375 0.076171875 0.072265625
1 0.5341796875 0.1708984375 0.076171875 0.107421875
1 0.587890625 0.193359375 0.083984375 0.11328125
1 0.630859375 0.0517578125 0.068359375 0.0576171875
1 0.7060546875 0.1416015625 0.1044921875 0.07421875
1 0.744140625 0.0947265625 0.07421875 0.0576171875
1 0.9716796875 0.0693359375 0.0556640625 0.0947265625
1 0.7275390625 0.2021484375 0.0830078125 0.06640625
1 0.7021484375 0.30078125 0.06640625 0.078125
1 0.7841796875 0.279296875 0.099609375 0.06640625
1 0.87109375 0.2138671875 0.0712890625 0.0556640625
1 0.865234375 0.326171875 0.1396484375 0.07421875
1 0.685546875 0.4130859375 0.0654296875 0.119140625
1 0.6337890625 0.4697265625 0.068359375 0.072265625
1 0.8271484375 0.400390625 0.080078125 0.080078125
1 0.90234375 0.44921875 0.0859375 0.103515625
1 0.9638671875 0.5 0.0712890625 0.064453125
1 0.6416015625 0.568359375 0.07421875 0.07421875
1 0.5615234375 0.6708984375 0.08203125 0.07421875
1 0.91015625 0.6279296875 0.072265625 0.0771484375
1 0.62109375 0.830078125 0.146484375 0.2421875
1 0.9892578125 0.326171875 0.021484375 0.0947265625
1 0.546875 0.8515625 0.0703125 0.125
1 0.529296875 0.9521484375 0.0966796875 0.0859375
1 0.6943359375 0.9599609375 0.0810546875 0.0791015625
1 0.9716796875 0.8212890625 0.0556640625 0.1005859375
1 0.138671875 0.3798828125 0.103515625 0.18359375
1 0.0166015625 0.8916015625 0.0341796875 0.1201171875
1 0.2744140625 0.9853515625 0.09375 0.0263671875
1 0.484375 0.8896484375 0.0556640625 0.056640625
1 0.4248046875 0.0146484375 0.09375 0.02734375
1 0.8115234375 0.009765625 0.1064453125 0.0185546875
