1 0.451171875 0.033203125 0.1474609375 0.0673828125
1 0.6025390625 0.052734375 0.11328125 0.1064453125
1 0.775390625 0.197265625 0.1201171875 0.1259765625
1 0.544921875 0.1865234375 0.14453125 0.15234375
1 0.6455078125 0.482421875 0.1376953125 0.109375
1 0.8759765625 0.41015625 0.1103515625 0.1044921875
1 0.8251953125 0.6328125 0.208984375 0.2001953125
1 0.955078125 0.8876953125 0.08984375 0.1240234375
1 0.6416015625 0.65625 0.12109375 0.1083984375
1 0.451171875 0.5146484375 0.0751953125 0.0751953125
1 0.4326171875 0.7138671875 0.1044921875 0.169921875
1 0.5712890625 0.7822265625 0.1201171875 0.146484375
1 0.611328125 0.9345703125 0.146484375 0.1298828125
1 0.1650390625 0.7021484375 0.1103515625 0.154296875
1 0.224609375 0.5302734375 0.1083984375 0.21484375
1 0.1455078125 0.9248046875 0.162109375 0.1083984375
1 0.23046875 0.861328125 0.1083984375 0.0810546875
1 0.0517578125 0.103515625 0.1044921875 0.1220703125
1 0.201171875 0.1123046875 0.16015625 0.0830078125
1 0.5126953125 0.5859375 0.087890625 0.0791015625
