1 0.587890625 0.48046875 0.0791015625 0.0908203125
1 0.337890625 0.6162109375 0.0615234375 0.08203125
1 0.310546875 0.7001953125 0.068359375 0.08984375
1 0.2861328125 0.373046875 0.0595703125 0.087890625
1 0.7158203125 0.3798828125 0.080078125 0.0703125
1 0.48046875 0.6669921875 0.0625 0.083984375
1 0.6142578125 0.919921875 0.080078125 0.09765625
1 0.517578125 0.255859375 0.0849609375 0.076171875
1 0.79296875 0.568359375 0.080078125 0.0673828125
1 0.427734375 0.3935546875 0.080078125 0.099609375
1 0.8154296875 0.1064453125 0.087890625 0.080078125
1 0.3037109375 0.505859375 0.080078125 0.0625
1 0.611328125 0.2841796875 0.0732421875 0.056640625
1 0.853515625 0.0771484375 0.0341796875 0.0810546875
1 0.0810546875 0.7666015625 0.1005859375 0.095703125
1 0.1845703125 0.84375 0.0693359375 0.0732421875
1 0.083984375 0.4169921875 0.0869140625 0.076171875
1 0.97265625 0.3388671875 0.0537109375 0.0546875
1 0.0400390625 0.9443359375 0.076171875 0.0537109375
1 0.556640625 0.03515625 0.0654296875 0.0693359375
1 0.6845703125 0.1708984375 0.0537109375 0.099609375
1 0.80078125 0.2548828125 0.0791015625 0.083984375
1 0.6044921875 0.310546875 0.0625 0.0546875
1 0.7021484375 0.8203125 0.03125 0.078125
1 0.13671875 0.0439453125 0.0693359375 0.0595703125
1 0.8359375 0.4150390625 0.0576171875 0.0341796875
1 0.087890625 0.2294921875 0.0625 0.052734375
1 0.2783203125 0.1962890625 0.0595703125 0.0849609375
1 0.8837890625 0.2021484375 0.0732421875 0.072265625
1 0.8037109375 0.650390625 0.0546875 0.06640625
1 0.3720703125 0.57421875 0.08984375 0.0361328125
1 0.9130859375 0.1708984375 0.0517578125 0.0673828125
1 0.2578125 0.4462890625 0.080078125 0.0732421875
1 0.177734375 0.6376953125 0.08203125 0.046875
1 0.9306640625 0.6435546875 0.0517578125 0.048828125
1 0.248046875 0.259765625 0.0654296875 0.0732421875
1 0.1826171875 0.41015625 0.0830078125 0.0498046875
1 0.568359375 0.8046875 0.0478515625 0.072265625
1 0.7177734375 0.4677734375 0.068359375 0.0419921875
1 0.974609375 0.1943359375 0.05078125 0.0859375
1 0.2265625 0.5634765625 0.076171875 0.04296875
1 0.736328125 0.9501953125 0.0458984375 0.0517578125
1 0.912109375 0.5478515625 0.0263671875 0.0654296875
1 0.46484375 0.9609375 0.080078125 0.037109375
1 0.9921875 0.7021484375 0.015625 0.05859375
1 0.3896484375 0.708984375 0.099609375 0.1025390625
1 0.02734375 0.3134765625 0.0556640625 0.048828125
1 0.6806640625 0.0234375 0.0439453125 0.0478515625
1 0.0498046875 0.25 0.068359375 0.0439453125
1 0.8046875 0.689453125 0.0478515625 0.0556640625
1 0.9931640625 0.66015625 0.013671875 0.0615234375
1 0.9169921875 0.1259765625 0.0419921875 0.072265625
1 0.9423828125 0.890625 0.0439453125 0.07421875
1 0.4345703125 0.89453125 0.0849609375 0.037109375
1 0.9423828125 0.634765625 0.0517578125 0.0556640625
1 0.8740234375 0.576171875 0.064453125 0.0703125
1 0.92578125 0.5927734375 0.080078125 0.048828125
1 0.3955078125 0.6484375 0.04296875 0.05859375
1 0.751953125 0.5634765625 0.048828125 0.080078125
1 0.615234375 0.2294921875 0.0556640625 0.048828125
1 0.5205078125 0.97265625 0.029296875 0.0546875
1 0.1298828125 0.8916015625 0.0771484375 0.02734375
1 0.5830078125 0.734375 0.0322265625 0.0595703125
1 0.8154296875 0.650390625 0.0517578125 0.072265625
1 0.8515625 0.34765625 0.0419921875 0.0419921875
1 0.1962890625 0.9599609375 0.0712890625 0.0146484375
1 0.958984375 0.09765625 0.03125 0.091796875
1 0.1962890625 0.2314453125 0.0390625 0.0654296875
1 0.990234375 0.1103515625 0.01953125 0.052734375
1 0.6064453125 0.2998046875 0.0712890625 0.05859375
1 0.6162109375 0.083984375 0.046875 0.041015625
1 0.8291015625 0.98828125 0.044921875 0.01953125
1 0.35546875 0.431640625 0.04296875 0.0498046875
1 0.6630859375 0.248046875 0.0546875 0.041015625
1 0.1689453125 0.609375 0.1103515625 0.08984375
1 0.013671875 0.4619140625 0.025390625 0.05078125
1 0.2900390625 0.203125 0.0517578125 0.0849609375
1 0.9873046875 0.955078125 0.025390625 0.03515625
1 0.9912109375 0.9140625 0.017578125 0.056640625
1 0.6630859375 0.8291015625 0.033203125 0.0546875
1 0.53515625 0.916015625 0.0849609375 0.064453125
1 0.4326171875 0.419921875 0.0615234375 0.0625
1 0.7177734375 0.8046875 0.0458984375 0.03515625
1 0.056640625 0.974609375 0.0791015625 0.0498046875
1 0.50390625 0.48828125 0.0380859375 0.052734375
1 0.8154296875 0.15234375 0.060546875 0.0537109375
1 0.9697265625 0.728515625 0.0595703125 0.083984375
