1 0.1142578125 0.80078125 0.1044921875 0.123046875
1 0.072265625 0.21875 0.0966796875 0.1142578125
1 0.677734375 0.6923828125 0.12109375 0.1318359375
1 0.5205078125 0.416015625 0.1044921875 0.0673828125
1 0.1728515625 0.0458984375 0.1025390625 0.072265625
1 0.0966796875 0.623046875 0.1162109375 0.13671875
1 0.91796875 0.7177734375 0.1455078125 0.1025390625
1 0.8857421875 0.36328125 0.126953125 0.1015625
1 0.1015625 0.9443359375 0.1103515625 0.1103515625
1 0.69140625 0.2373046875 0.1494140625 0.150390625
1 0.8212890625 0.4814453125 0.201171875 0.119140625
1 0.7880859375 0.3837890625 0.123046875 0.1396484375
1 0.5302734375 0.3525390625 0.095703125 0.0869140625
1 0.0283203125 0.4619140625 0.056640625 0.0908203125
1 0.9521484375 0.8291015625 0.095703125 0.0751953125
1 0.66015625 0.029296875 0.0869140625 0.0595703125
1 0.6982421875 0.3505859375 0.091796875 0.072265625
1 0.88671875 0.974609375 0.1044921875 0.05078125
1 0.9658203125 0.5390625 0.0673828125 0.099609375
