1 0.1689453125 0.279296875 0.0712890625 0.1103515625
1 0.0419921875 0.0556640625 0.083984375 0.1123046875
1 0.2734375 0.09375 0.0595703125 0.0966796875
1 0.3125 0.0849609375 0.0673828125 0.1005859375
1 0.54296875 0.072265625 0.0947265625 0.1455078125
1 0.62890625 0.10546875 0.078125 0.09375
1 0.8388671875 0.1962890625 0.0810546875 0.1298828125
1 0.958984375 0.1767578125 0.08203125 0.0712890625
1 0.5166015625 0.3056640625 0.1162109375 0.0732421875
1 0.533203125 0.3701171875 0.06640625 0.052734375
1 0.322265625 0.21875 0.0712890625 0.0732421875
1 0.228515625 0.4111328125 0.0712890625 0.123046875
1 0.1240234375 0.56640625 0.0693359375 0.1201171875
1 0.1923828125 0.603515625 0.0673828125 0.1044921875
1 0.240234375 0.6455078125 0.07421875 0.083984375
1 0.0263671875 0.669921875 0.0537109375 0.126953125
1 0.6181640625 0.5556640625 0.064453125 0.1298828125
1 0.658203125 0.50390625 0.078125 0.0849609375
1 0.7666015625 0.5556640625 0.095703125 0.0673828125
1 0.875 0.5546875 0.080078125 0.1201171875
1 0.927734375 0.4990234375 0.09765625 0.080078125
1 0.755859375 0.63671875 0.10546875 0.111328125
1 0.783203125 0.71484375 0.1181640625 0.095703125
1 0.638671875 0.783203125 0.1015625 0.080078125
1 0.84765625 0.82421875 0.0771484375 0.107421875
1 0.9521484375 0.85546875 0.06640625 0.0751953125
1 0.79296875 0.91796875 0.0615234375 0.068359375
1 0.6982421875 0.8955078125 0.068359375 0.0751953125
1 0.892578125 0.96484375 0.0810546875 0.0693359375
1 0.7109375 0.9638671875 0.109375 0.072265625
1 0.599609375 0.701171875 0.091796875 0.076171875
1 0.48046875 0.626953125 0.076171875 0.1103515625
1 0.3984375 0.7099609375 0.091796875 0.0986328125
1 0.341796875 0.654296875 0.0625 0.068359375
1 0.3837890625 0.5703125 0.0908203125 0.083984375
1 0.2939453125 0.7861328125 0.0791015625 0.0732421875
1 0.451171875 0.84765625 0.126953125 0.076171875
1 0.3623046875 0.9189453125 0.10546875 0.0888671875
1 0.04296875 0.9755859375 0.0859375 0.0478515625
1 0.125 0.865234375 0.0771484375 0.06640625
1 0.1328125 0.947265625 0.0712890625 0.1044921875
1 0.380859375 0.412109375 0.07421875 0.06640625
1 0.369140625 0.2099609375 0.0439453125 0.05078125
1 0.1630859375 0.8037109375 0.0693359375 0.0595703125
1 0.22265625 0.73828125 0.0576171875 0.091796875
1 0.94140625 0.9384765625 0.0869140625 0.0703125
1 0.5400390625 0.55078125 0.0576171875 0.0615234375
1 0.2529296875 0.9208984375 0.05859375 0.056640625
