1 0.4404296875 0.0146484375 0.0927734375 0.029296875
1 0.6357421875 0.01953125 0.09765625 0.0390625
1 0.6455078125 0.5126953125 0.0810546875 0.1435546875
1 0.564453125 0.4443359375 0.080078125 0.10546875
1 0.9267578125 0.58203125 0.1455078125 0.125
1 0.5634765625 0.59765625 0.1142578125 0.1337890625
1 0.439453125 0.1767578125 0.0849609375 0.099609375
1 0.4765625 0.375 0.1396484375 0.125
1 0.3427734375 0.0224609375 0.0869140625 0.044921875
1 0.166015625 0.1240234375 0.087890625 0.0751953125
1 0.1103515625 0.3779296875 0.1123046875 0.0771484375
1 0.1142578125 0.015625 0.08203125 0.0322265625
1 0.3740234375 0.296875 0.1396484375 0.115234375
1 0.63671875 0.3046875 0.115234375 0.08984375
1 0.5380859375 0.21875 0.1123046875 0.0751953125
1 0.978515625 0.4501953125 0.04296875 0.1220703125
1 0.7529296875 0.484375 0.0625 0.0751953125
1 0.60546875 0.13671875 0.0927734375 0.0703125
1 0.9384765625 0.2666015625 0.0625 0.0849609375
1 0.1181640625 0.20703125 0.107421875 0.095703125
1 0.5009765625 0.2666015625 0.072265625 0.0849609375
1 0.9970703125 0.6044921875 0.005859375 0.115234375
1 0.6669921875 0.1552734375 0.064453125 0.0927734375
1 0.689453125 0.208984375 0.060546875 0.1103515625
1 0.6328125 0.2744140625 0.0927734375 0.080078125
1 0.0517578125 0.150390625 0.1025390625 0.10546875
1 0.0302734375 0.2568359375 0.0576171875 0.08984375
1 0.0947265625 0.2666015625 0.10546875 0.0693359375
1 0.0859375 0.3203125 0.087890625 0.1318359375
1 0.02734375 0.4169921875 0.0556640625 0.0830078125
1 0.0361328125 0.466796875 0.072265625 0.0966796875
1 0.193359375 0.41796875 0.08203125 0.1875
1 0.05078125 0.0751953125 0.0791015625 0.0537109375
