1 0.87890625 0.4970703125 0.0908203125 0.126953125
1 0.8134765625 0.306640625 0.0810546875 0.0810546875
1 0.8701171875 0.34375 0.068359375 0.099609375
1 0.80078125 0.0859375 0.0927734375 0.1103515625
1 0.95703125 0.04296875 0.0859375 0.0859375
1 0.873046875 0.029296875 0.0732421875 0.05859375
1 0.3369140625 0.0546875 0.123046875 0.0732421875
1 0.3125 0.1884765625 0.0869140625 0.1171875
1 0.1845703125 0.3935546875 0.119140625 0.1123046875
1 0.3857421875 0.353515625 0.1171875 0.142578125
1 0.3349609375 0.5439453125 0.115234375 0.1435546875
1 0.126953125 0.5224609375 0.08203125 0.099609375
1 0.4970703125 0.3740234375 0.0830078125 0.072265625
1 0.5673828125 0.2919921875 0.0849609375 0.1103515625
1 0.6455078125 0.216796875 0.0673828125 0.0751953125
1 0.845703125 0.9384765625 0.0791015625 0.09375
1 0.9560546875 0.880859375 0.06640625 0.0712890625
1 0.990234375 0.92578125 0.0185546875 0.126953125
1 0.970703125 0.97265625 0.0498046875 0.0537109375
1 0.7529296875 0.6923828125 0.1162109375 0.091796875
1 0.720703125 0.8125 0.1044921875 0.087890625
1 0.490234375 0.974609375 0.1611328125 0.0498046875
1 0.583984375 0.9677734375 0.0595703125 0.064453125
1 0.5390625 0.669921875 0.1083984375 0.1025390625
1 0.18359375 0.6630859375 0.125 0.1181640625
1 0.21875 0.779296875 0.1376953125 0.1318359375
1 0.1005859375 0.92578125 0.12109375 0.1474609375
1 0.6767578125 0.513671875 0.0791015625 0.078125
