1 0.9501953125 0.072265625 0.099609375 0.05859375
1 0.9306640625 0.111328125 0.0849609375 0.0654296875
1 0.8310546875 0.15234375 0.072265625 0.0869140625
1 0.8154296875 0.2421875 0.060546875 0.083984375
1 0.6806640625 0.23828125 0.0625 0.068359375
1 0.50390625 0.173828125 0.0771484375 0.0810546875
1 0.44140625 0.1201171875 0.1171875 0.0693359375
1 0.4208984375 0.025390625 0.0751953125 0.05078125
1 0.263671875 0.0390625 0.1044921875 0.0791015625
1 0.2509765625 0.0859375 0.0947265625 0.05078125
1 0.0634765625 0.0810546875 0.111328125 0.0810546875
1 0.380859375 0.1767578125 0.0859375 0.052734375
1 0.3896484375 0.2392578125 0.1015625 0.0703125
1 0.486328125 0.2861328125 0.08984375 0.0771484375
1 0.384765625 0.310546875 0.0625 0.04296875
1 0.171875 0.1982421875 0.06640625 0.1142578125
1 0.103515625 0.2119140625 0.09375 0.0693359375
1 0.171875 0.3603515625 0.072265625 0.1259765625
1 0.2236328125 0.375 0.0537109375 0.1025390625
1 0.3291015625 0.412109375 0.083984375 0.1025390625
1 0.3447265625 0.3759765625 0.041015625 0.0654296875
1 0.3154296875 0.537109375 0.076171875 0.0673828125
1 0.0400390625 0.59375 0.080078125 0.080078125
1 0.2138671875 0.7353515625 0.111328125 0.0634765625
1 0.54296875 0.744140625 0.0966796875 0.0888671875
1 0.5322265625 0.6240234375 0.1240234375 0.07421875
1 0.654296875 0.6240234375 0.1474609375 0.06640625
1 0.6943359375 0.5634765625 0.0888671875 0.064453125
1 0.6708984375 0.4892578125 0.080078125 0.0732421875
1 0.669921875 0.40625 0.05859375 0.08984375
1 0.67578125 0.322265625 0.0634765625 0.056640625
1 0.82421875 0.40625 0.0673828125 0.0673828125
1 0.865234375 0.5107421875 0.0634765625 0.08203125
1 0.921875 0.474609375 0.0576171875 0.083984375
1 0.3564453125 0.9072265625 0.0732421875 0.0947265625
1 0.5625 0.9150390625 0.109375 0.0791015625
1 0.24609375 0.978515625 0.1064453125 0.04296875
1 0.0791015625 0.87890625 0.072265625 0.0654296875
1 0.0654296875 0.9248046875 0.0869140625 0.052734375
1 0.689453125 0.970703125 0.06640625 0.0576171875
1 0.91796875 0.830078125 0.0478515625 0.1064453125
1 0.974609375 0.8837890625 0.05078125 0.091796875
1 0.71484375 0.6787109375 0.07421875 0.0576171875
