1 0.984375 0.607421875 0.0302734375 0.06640625
1 0.689453125 0.7041015625 0.099609375 0.0546875
1 0.984375 0.1171875 0.03125 0.0546875
1 0.568359375 0.873046875 0.1083984375 0.0546875
1 0.267578125 0.716796875 0.05078125 0.08984375
1 0.537109375 0.5615234375 0.072265625 0.0771484375
1 0.7587890625 0.9091796875 0.0849609375 0.0732421875
1 0.064453125 0.044921875 0.1044921875 0.044921875
1 0.5859375 0.4951171875 0.1025390625 0.0615234375
1 0.6826171875 0.052734375 0.119140625 0.1015625
1 0.044921875 0.0703125 0.0888671875 0.0654296875
1 0.1943359375 0.0712890625 0.09375 0.0849609375
1 0.642578125 0.6142578125 0.10546875 0.056640625
1 0.8798828125 0.109375 0.0869140625 0.068359375
1 0.30078125 0.107421875 0.126953125 0.080078125
1 0.9814453125 0.7470703125 0.0361328125 0.0341796875
1 0.7197265625 0.5078125 0.109375 0.056640625
1 0.044921875 0.119140625 0.0888671875 0.0615234375
1 0.927734375 0.5537109375 0.0751953125 0.0400390625
1 0.6298828125 0.150390625 0.146484375 0.0615234375
1 0.3544921875 0.0595703125 0.1025390625 0.0458984375
1 0.6689453125 0.865234375 0.0859375 0.060546875
1 0.474609375 0.0244140625 0.0703125 0.0498046875
1 0.7763671875 0.744140625 0.0888671875 0.0654296875
1 0.5048828125 0.3232421875 0.109375 0.0419921875
1 0.771484375 0.693359375 0.0791015625 0.0478515625
1 0.4111328125 0.9658203125 0.1005859375 0.046875
1 0.9052734375 0.34375 0.146484375 0.0478515625
1 0.9775390625 0.0478515625 0.044921875 0.0517578125
1 0.158203125 0.9560546875 0.1455078125 0.0498046875
1 0.0400390625 0.263671875 0.0810546875 0.029296875
1 0.71484375 0.3193359375 0.0771484375 0.1328125
1 0.9912109375 0.7919921875 0.0166015625 0.0576171875
1 0.986328125 0.462890625 0.02734375 0.0234375
1 0.6123046875 0.4677734375 0.0830078125 0.0302734375
1 0.6376953125 0.4482421875 0.0703125 0.0390625
1 0.9677734375 0.3828125 0.064453125 0.033203125
1 0.830078125 0.2802734375 0.0947265625 0.03125
1 0.931640625 0.7900390625 0.064453125 0.0341796875
1 0.9931640625 0.9228515625 0.0126953125 0.02734375
1 0.6875 0.2314453125 0.109375 0.037109375
1 0.82421875 0.103515625 0.0966796875 0.0712890625
1 0.3388671875 0.310546875 0.115234375 0.0361328125
1 0.08203125 0.6591796875 0.1162109375 0.046875
1 0.052734375 0.3564453125 0.083984375 0.0439453125
1 0.2216796875 0.6484375 0.1142578125 0.0380859375
1 0.4775390625 0.9111328125 0.111328125 0.0830078125
1 0.283203125 0.92578125 0.1630859375 0.0478515625
1 0.146484375 0.775390625 0.150390625 0.0400390625
1 0.3662109375 0.767578125 0.044921875 0.072265625
1 0.296875 0.0810546875 0.087890625 0.0517578125
1 0.369140625 0.8349609375 0.0625 0.05078125
1 0.8642578125 0.0673828125 0.078125 0.064453125
1 0.0810546875 0.90234375 0.064453125 0.0498046875
1 0.3154296875 0.453125 0.087890625 0.029296875
1 0.404296875 0.4072265625 0.224609375 0.0478515625
1 0.890625 0.8408203125 0.0986328125 0.0439453125
1 0.212890625 0.2939453125 0.1005859375 0.033203125
1 0.708984375 0.828125 0.06640625 0.0341796875
1 0.888671875 0.4228515625 0.181640625 0.0458984375
1 0.80078125 0.5234375 0.0751953125 0.044921875
1 0.03125 0.365234375 0.0615234375 0.0361328125
1 0.56640625 0.7373046875 0.1806640625 0.056640625
1 0.3671875 0.9775390625 0.1279296875 0.044921875
1 0.46484375 0.2822265625 0.0869140625 0.0302734375
1 0.376953125 0.2763671875 0.0986328125 0.0517578125
1 0.759765625 0.01171875 0.044921875 0.0244140625
1 0.234375 0.685546875 0.087890625 0.0576171875
1 0.5205078125 0.919921875 0.0546875 0.046875
1 0.1337890625 0.8349609375 0.1142578125 0.05078125
1 0.88671875 0.1640625 0.08203125 0.0322265625
1 0.25 0.8515625 0.07421875 0.0361328125
1 0.1904296875 0.5458984375 0.064453125 0.015625
1 0.8017578125 0.43359375 0.0751953125 0.0517578125
1 0.2646484375 0.9560546875 0.0791015625 0.0546875
1 0.3896484375 0.482421875 0.1572265625 0.0439453125
1 0.4521484375 0.51171875 0.08984375 0.0654296875
1 0.1806640625 0.505859375 0.13671875 0.05078125
1 0.2890625 0.51953125 0.1494140625 0.041015625
1 0.51171875 0.2041015625 0.0576171875 0.0390625
1 0.865234375 0.0263671875 0.111328125 0.0361328125
1 0.8642578125 0.357421875 0.103515625 0.0419921875
