1 0.19921875 0.77734375 0.1259765625 0.0634765625
1 0.1376953125 0.302734375 0.1123046875 0.0966796875
1 0.9208984375 0.6181640625 0.087890625 0.09765625
1 0.7724609375 0.64453125 0.1376953125 0.07421875
1 0.8671875 0.71875 0.115234375 0.0849609375
1 0.037109375 0.5166015625 0.07421875 0.0849609375
1 0.0517578125 0.43359375 0.099609375 0.072265625
1 0.7353515625 0.322265625 0.1181640625 0.08984375
1 0.142578125 0.939453125 0.1298828125 0.1201171875
1 0.833984375 0.09765625 0.0908203125 0.1181640625
1 0.8818359375 0.5302734375 0.134765625 0.1181640625
1 0.962890625 0.8994140625 0.07421875 0.0751953125
1 0.873046875 0.822265625 0.0771484375 0.080078125
1 0.9541015625 0.728515625 0.0908203125 0.09765625
1 0.8681640625 0.2412109375 0.1025390625 0.107421875
1 0.826171875 0.39453125 0.091796875 0.0830078125
1 0.94921875 0.3408203125 0.0947265625 0.1328125
1 0.8505859375 0.14453125 0.09765625 0.08984375
