1 0.41796875 0.6796875 0.08203125 0.1572265625
1 0.8876953125 0.2958984375 0.1181640625 0.3232421875
1 0.4169921875 0.80859375 0.234375 0.1171875
1 0.923828125 0.8984375 0.1455078125 0.0849609375
1 0.3125 0.419921875 0.3388671875 0.1376953125
1 0.73828125 0.375 0.10546875 0.060546875
1 0.1943359375 0.1298828125 0.2998046875 0.125
1 0.5390625 0.23046875 0.125 0.3623046875
1 0.033203125 0.5537109375 0.0673828125 0.107421875
1 0.087890625 0.2392578125 0.1181640625 0.3701171875
1 0.5068359375 0.5869140625 0.1103515625 0.349609375
1 0.037109375 0.349609375 0.072265625 0.17578125
1 0.904296875 0.5341796875 0.1904296875 0.1005859375
1 0.779296875 0.82421875 0.203125 0.2490234375
1 0.67578125 0.236328125 0.0830078125 0.1552734375
1 0.9169921875 0.75390625 0.1572265625 0.123046875
1 0.7333984375 0.9658203125 0.08203125 0.068359375
1 0.7880859375 0.19140625 0.123046875 0.1005859375
1 0.3232421875 0.1005859375 0.0830078125 0.0830078125
1 0.318359375 0.2216796875 0.0751953125 0.1171875
1 0.103515625 0.9736328125 0.0927734375 0.0517578125
1 0.3876953125 0.041015625 0.076171875 0.0771484375
1 0.6640625 0.9638671875 0.0732421875 0.072265625
1 0.0654296875 0.3984375 0.0888671875 0.0849609375
