1 0.078125 0.3330078125 0.076171875 0.119140625
1 0.1279296875 0.3408203125 0.0693359375 0.0830078125
1 0.0390625 0.6103515625 0.0771484375 0.064453125
1 0.248046875 0.681640625 0.14453125 0.1552734375
1 0.177734375 0.46875 0.1162109375 0.056640625
1 0.2431640625 0.5205078125 0.16015625 0.0869140625
1 0.4091796875 0.5 0.1044921875 0.0859375
1 0.6123046875 0.5830078125 0.1396484375 0.06640625
1 0.6005859375 0.5 0.0654296875 0.0478515625
1 0.4990234375 0.4169921875 0.072265625 0.0927734375
1 0.4443359375 0.2373046875 0.1484375 0.14453125
1 0.80078125 0.44140625 0.08203125 0.072265625
1 0.302734375 0.04296875 0.0791015625 0.078125
1 0.708984375 0.0205078125 0.1005859375 0.0419921875
1 0.796875 0.095703125 0.0830078125 0.138671875
1 0.669921875 0.0927734375 0.1083984375 0.0888671875
1 0.5791015625 0.150390625 0.0712890625 0.076171875
1 0.958984375 0.1728515625 0.07421875 0.15625
1 0.9423828125 0.3125 0.080078125 0.1142578125
1 0.7685546875 0.6142578125 0.0947265625 0.12109375
1 0.8486328125 0.54296875 0.0517578125 0.0732421875
1 0.9013671875 0.494140625 0.0517578125 0.0615234375
1 0.0537109375 0.9580078125 0.095703125 0.08203125
1 0.080078125 0.8525390625 0.083984375 0.0595703125
1 0.2490234375 0.935546875 0.0693359375 0.0771484375
1 0.3125 0.916015625 0.078125 0.091796875
1 0.4677734375 0.7685546875 0.0693359375 0.087890625
1 0.4111328125 0.9716796875 0.0498046875 0.0556640625
1 0.61328125 0.9619140625 0.083984375 0.076171875
1 0.578125 0.78515625 0.08203125 0.076171875
1 0.7197265625 0.7666015625 0.09765625 0.0546875
1 0.81640625 0.8330078125 0.07421875 0.171875
1 0.853515625 0.876953125 0.1376953125 0.1083984375
1 0.572265625 0.6455078125 0.0927734375 0.0517578125
1 0.8056640625 0.2939453125 0.052734375 0.0556640625
