1 0.4462890625 0.17578125 0.111328125 0.08984375
1 0.4404296875 0.2919921875 0.1083984375 0.103515625
1 0.5009765625 0.2412109375 0.0595703125 0.0634765625
1 0.65625 0.259765625 0.1337890625 0.0732421875
1 0.15625 0.44921875 0.130859375 0.1220703125
1 0.0625 0.427734375 0.1259765625 0.1640625
1 0.0849609375 0.5322265625 0.169921875 0.0693359375
1 0.373046875 0.458984375 0.0576171875 0.0751953125
1 0.08203125 0.625 0.091796875 0.130859375
1 0.04296875 0.716796875 0.0546875 0.0517578125
1 0.2744140625 0.8095703125 0.1005859375 0.08984375
1 0.33203125 0.853515625 0.0693359375 0.1083984375
1 0.6005859375 0.8818359375 0.1123046875 0.146484375
1 0.689453125 0.853515625 0.056640625 0.060546875
1 0.2763671875 0.9775390625 0.0625 0.0439453125
1 0.41015625 0.6728515625 0.060546875 0.09765625
1 0.517578125 0.603515625 0.12109375 0.078125
1 0.537109375 0.7197265625 0.0703125 0.07421875
1 0.60546875 0.673828125 0.0634765625 0.07421875
1 0.6767578125 0.6796875 0.0791015625 0.0595703125
1 0.7275390625 0.6171875 0.0791015625 0.0732421875
1 0.634765625 0.53125 0.078125 0.0703125
1 0.52734375 0.4873046875 0.083984375 0.072265625
1 0.416015625 0.40234375 0.0888671875 0.080078125
1 0.4892578125 0.4072265625 0.072265625 0.1005859375
1 0.5771484375 0.35546875 0.0576171875 0.0810546875
1 0.8193359375 0.5341796875 0.095703125 0.10546875
1 0.923828125 0.6005859375 0.099609375 0.05859375
1 0.7978515625 0.6435546875 0.072265625 0.0625
1 0.94140625 0.5146484375 0.1025390625 0.0810546875
1 0.9091796875 0.36328125 0.0810546875 0.1259765625
1 0.791015625 0.822265625 0.0712890625 0.1708984375
1 0.7568359375 0.03125 0.09375 0.0625
1 0.6533203125 0.1123046875 0.0888671875 0.1123046875
1 0.541015625 0.107421875 0.0712890625 0.060546875
1 0.5283203125 0.033203125 0.0751953125 0.0654296875
1 0.6181640625 0.029296875 0.1142578125 0.0595703125
1 0.77734375 0.0859375 0.0849609375 0.0615234375
1 0.056640625 0.19140625 0.0673828125 0.0849609375
1 0.6708984375 0.5087890625 0.06640625 0.0869140625
1 0.5625 0.21875 0.103515625 0.0869140625
1 0.470703125 0.021484375 0.0625 0.0439453125
1 0.3896484375 0.0166015625 0.0869140625 0.033203125
1 0.9638671875 0.474609375 0.0712890625 0.0615234375
1 0.048828125 0.48828125 0.080078125 0.0595703125
1 0.3857421875 0.9853515625 0.0654296875 0.0263671875
1 0.427734375 0.2470703125 0.078125 0.0478515625
1 0.619140625 0.57421875 0.0615234375 0.060546875
1 0.9443359375 0.232421875 0.0380859375 0.0439453125
1 0.8203125 0.1708984375 0.0439453125 0.0458984375
1 0.9150390625 0.689453125 0.0498046875 0.0439453125
1 0.080078125 0.01171875 0.0322265625 0.0234375
