1 0.2685546875 0.8232421875 0.0634765625 0.11328125
1 0.9169921875 0.1474609375 0.0439453125 0.0888671875
1 0.7490234375 0.0771484375 0.05859375 0.095703125
1 0.1708984375 0.2470703125 0.0537109375 0.1044921875
1 0.154296875 0.150390625 0.072265625 0.1328125
1 0.0576171875 0.572265625 0.0703125 0.08984375
1 0.6455078125 0.1357421875 0.0693359375 0.1220703125
1 0.2734375 0.2509765625 0.0625 0.076171875
1 0.3125 0.126953125 0.0458984375 0.1005859375
1 0.599609375 0.857421875 0.0595703125 0.076171875
1 0.6240234375 0.8095703125 0.0625 0.0673828125
1 0.6875 0.3662109375 0.029296875 0.1748046875
1 0.47265625 0.5107421875 0.109375 0.0546875
1 0.94140625 0.5576171875 0.041015625 0.1044921875
1 0.240234375 0.833984375 0.0703125 0.0986328125
1 0.607421875 0.1943359375 0.0283203125 0.1259765625
1 0.2041015625 0.5595703125 0.1064453125 0.115234375
1 0.4423828125 0.4423828125 0.03515625 0.0927734375
1 0.0146484375 0.5400390625 0.029296875 0.046875
1 0.802734375 0.8037109375 0.0263671875 0.1171875
1 0.0068359375 0.9267578125 0.0146484375 0.0400390625
1 0.0849609375 0.197265625 0.1416015625 0.046875
1 0.2734375 0.54296875 0.076171875 0.060546875
1 0.716796875 0.49609375 0.044921875 0.0625
1 0.2109375 0.5224609375 0.0615234375 0.0732421875
1 0.4052734375 0.30078125 0.05859375 0.03125
1 0.0205078125 0.294921875 0.041015625 0.0634765625
1 0.009765625 0.595703125 0.0205078125 0.0830078125
1 0.498046875 0.0185546875 0.138671875 0.0380859375
1 0.9033203125 0.517578125 0.0537109375 0.099609375
1 0.470703125 0.451171875 0.03125 0.083984375
1 0.01171875 0.6484375 0.0234375 0.0498046875
1 0.0654296875 0.037109375 0.1220703125 0.0361328125
1 0.755859375 0.65625 0.0517578125 0.08203125
1 0.3828125 0.57421875 0.0849609375 0.0380859375
1 0.744140625 0.1796875 0.0263671875 0.146484375
1 0.4990234375 0.70703125 0.0537109375 0.0322265625
1 0.9638671875 0.9755859375 0.072265625 0.0224609375
1 0.8837890625 0.8349609375 0.0361328125 0.0927734375
1 0.6552734375 0.7109375 0.0693359375 0.0556640625
1 0.2744140625 0.9140625 0.05078125 0.05078125
1 0.8837890625 0.9169921875 0.0947265625 0.0498046875
1 0.2509765625 0.6513671875 0.0673828125 0.0400390625
1 0.900390625 0.6923828125 0.048828125 0.0703125
1 0.3115234375 0.064453125 0.0234375 0.080078125
1 0.5478515625 0.427734375 0.0322265625 0.125
1 0.892578125 0.0185546875 0.0322265625 0.0380859375
1 0.75 0.90234375 0.0439453125 0.0419921875
1 0.9296875 0.8662109375 0.0830078125 0.01953125
1 0.84375 0.3818359375 0.0498046875 0.0458984375
1 0.1953125 0.5908203125 0.044921875 0.068359375
1 0.005859375 0.6142578125 0.0126953125 0.0302734375
1 0.48828125 0.9765625 0.033203125 0.0458984375
1 0.298828125 0.0322265625 0.0908203125 0.025390625
1 0.5263671875 0.5 0.04296875 0.0615234375
1 0.453125 0.369140625 0.09375 0.0673828125
1 0.0498046875 0.841796875 0.0322265625 0.041015625
1 0.23408203125 0.314453125 0.04804687499999999 0.07285156250000002
1 0.404296875 0.4111328125 0.0546875 0.0380859375
1 0.021484375 0.822265625 0.0439453125 0.0595703125
1 0.6376953125 0.6279296875 0.0537109375 0.0341796875
1 0.9296875 0.90234375 0.0400390625 0.056640625
1 0.8974609375 0.0732421875 0.046875 0.0322265625
1 0.5029296875 0.58203125 0.052734375 0.0283203125
1 0.55078125 0.2568359375 0.0576171875 0.05859375
1 0.146484375 0.46875 0.05859375 0.0654296875
1 0.201171875 0.6396484375 0.0732421875 0.0615234375
1 0.14453125 0.5107421875 0.064453125 0.04296875
