1 0.2998046875 0.947265625 0.09765625 0.08984375
1 0.255859375 0.9775390625 0.0947265625 0.044921875
1 0.1298828125 0.927734375 0.099609375 0.1435546875
1 0.0146484375 0.5849609375 0.029296875 0.1337890625
1 0.03515625 0.4931640625 0.0712890625 0.080078125
1 0.107421875 0.525390625 0.0771484375 0.1806640625
1 0.328125 0.6220703125 0.171875 0.1796875
1 0.3505859375 0.7470703125 0.1943359375 0.068359375
1 0.3486328125 0.8232421875 0.1796875 0.0810546875
1 0.2001953125 0.90234375 0.0732421875 0.1171875
1 0.1845703125 0.974609375 0.0615234375 0.05078125
1 0.525390625 0.474609375 0.1328125 0.126953125
1 0.61328125 0.57421875 0.1015625 0.0849609375
1 0.59765625 0.6416015625 0.0556640625 0.05859375
1 0.625 0.6865234375 0.056640625 0.0380859375
1 0.6953125 0.6630859375 0.0693359375 0.0517578125
1 0.681640625 0.734375 0.109375 0.056640625
1 0.048828125 0.1533203125 0.078125 0.123046875
1 0.015625 0.041015625 0.03125 0.060546875
1 0.134765625 0.0322265625 0.0859375 0.056640625
1 0.5087890625 0.052734375 0.07421875 0.1064453125
1 0.595703125 0.068359375 0.0615234375 0.0810546875
1 0.326171875 0.1337890625 0.18359375 0.0498046875
1 0.2001953125 0.2265625 0.1708984375 0.1240234375
1 0.3466796875 0.087890625 0.1005859375 0.0458984375
1 0.54296875 0.244140625 0.1796875 0.1083984375
1 0.64453125 0.2138671875 0.19140625 0.0654296875
1 0.412109375 0.34375 0.0986328125 0.0625
1 0.734375 0.8359375 0.140625 0.0791015625
1 0.8544921875 0.6298828125 0.103515625 0.076171875
1 0.7744140625 0.5751953125 0.072265625 0.0478515625
1 0.87109375 0.4189453125 0.0751953125 0.0986328125
1 0.9111328125 0.353515625 0.171875 0.142578125
1 0.7978515625 0.23828125 0.13671875 0.068359375
1 0.904296875 0.21484375 0.1337890625 0.0732421875
1 0.7861328125 0.0810546875 0.1552734375 0.060546875
1 0.728515625 0.021484375 0.0625 0.04296875
1 0.91796875 0.78125 0.1630859375 0.080078125
