1 0.04296875 0.5654296875 0.0859375 0.10546875
1 0.20703125 0.6328125 0.072265625 0.0830078125
1 0.3056640625 0.716796875 0.0751953125 0.091796875
1 0.1318359375 0.84765625 0.107421875 0.1884765625
1 0.03515625 0.9375 0.0703125 0.1005859375
1 0.41796875 0.947265625 0.109375 0.0732421875
1 0.6005859375 0.865234375 0.10546875 0.0869140625
1 0.775390625 0.83203125 0.08984375 0.103515625
1 0.609375 0.62109375 0.107421875 0.0751953125
1 0.4970703125 0.6484375 0.1005859375 0.0791015625
1 0.66015625 0.5 0.109375 0.1337890625
1 0.328125 0.3154296875 0.0693359375 0.0908203125
1 0.142578125 0.2001953125 0.109375 0.0830078125
1 0.1396484375 0.10546875 0.087890625 0.076171875
1 0.064453125 0.2958984375 0.0810546875 0.0791015625
1 0.142578125 0.3369140625 0.0751953125 0.0791015625
1 0.5986328125 0.060546875 0.1728515625 0.0888671875
1 0.9599609375 0.802734375 0.0791015625 0.111328125
1 0.9228515625 0.9697265625 0.1123046875 0.0595703125
1 0.98046875 0.0810546875 0.0380859375 0.103515625
