1 0.8369140625 0.220703125 0.109375 0.1025390625
1 0.8701171875 0.779296875 0.1220703125 0.1103515625
1 0.8525390625 0.5087890625 0.1044921875 0.0751953125
1 0.1162109375 0.29296875 0.107421875 0.09765625
1 0.646484375 0.2470703125 0.0947265625 0.10546875
1 0.1669921875 0.8388671875 0.150390625 0.1494140625
1 0.7353515625 0.275390625 0.1220703125 0.1181640625
1 0.83203125 0.962890625 0.130859375 0.0732421875
1 0.224609375 0.3359375 0.10546875 0.107421875
1 0.9111328125 0.01953125 0.14453125 0.0390625
1 0.9208984375 0.64453125 0.087890625 0.080078125
1 0.751953125 0.759765625 0.115234375 0.10546875
1 0.0791015625 0.44140625 0.1298828125 0.1005859375
1 0.04296875 0.646484375 0.0830078125 0.1103515625
1 0.126953125 0.1953125 0.10546875 0.0771484375
1 0.0595703125 0.1572265625 0.095703125 0.080078125
1 0.046875 0.728515625 0.08984375 0.09765625
1 0.1962890625 0.525390625 0.10546875 0.099609375
