1 0.322265625 0.181640625 0.080078125 0.1142578125
1 0.962890625 0.123046875 0.07421875 0.142578125
1 0.4169921875 0.466796875 0.072265625 0.060546875
1 0.1552734375 0.8671875 0.1396484375 0.072265625
1 0.9443359375 0.7958984375 0.0947265625 0.078125
1 0.625 0.5703125 0.0927734375 0.0830078125
1 0.2216796875 0.3466796875 0.0693359375 0.0751953125
1 0.896484375 0.8330078125 0.0693359375 0.0625
1 0.3701171875 0.0517578125 0.0771484375 0.099609375
1 0.0791015625 0.1982421875 0.1142578125 0.1171875
1 0.8037109375 0.279296875 0.0849609375 0.0751953125
1 0.3603515625 0.33984375 0.08203125 0.0927734375
1 0.4482421875 0.6103515625 0.0712890625 0.052734375
1 0.814453125 0.5185546875 0.0517578125 0.060546875
1 0.7431640625 0.9306640625 0.1025390625 0.078125
1 0.3193359375 0.5283203125 0.0849609375 0.087890625
1 0.83203125 0.9580078125 0.115234375 0.0830078125
1 0.8349609375 0.150390625 0.1123046875 0.0830078125
1 0.9169921875 0.2900390625 0.080078125 0.0849609375
1 0.904296875 0.5810546875 0.0703125 0.0625
1 0.4462890625 0.1103515625 0.0849609375 0.107421875
1 0.7490234375 0.48046875 0.0908203125 0.1220703125
1 0.30078125 0.9794921875 0.0732421875 0.0400390625
1 0.2265625 0.111328125 0.1103515625 0.0849609375
1 0.2158203125 0.494140625 0.06640625 0.0595703125
1 0.109375 0.0302734375 0.080078125 0.0576171875
1 0.2783203125 0.6591796875 0.0498046875 0.05078125
1 0.828125 0.025390625 0.087890625 0.0478515625
1 0.90625 0.185546875 0.0400390625 0.08203125
