1 0.779296875 0.3955078125 0.0654296875 0.08203125
1 0.908203125 0.455078125 0.0546875 0.08984375
1 0.3056640625 0.1943359375 0.0986328125 0.08203125
1 0.46875 0.123046875 0.0693359375 0.1064453125
1 0.17578125 0.4033203125 0.109375 0.095703125
1 0.30078125 0.5224609375 0.0576171875 0.072265625
1 0.8662109375 0.068359375 0.0546875 0.0869140625
1 0.9501953125 0.8681640625 0.0830078125 0.08203125
1 0.3974609375 0.1328125 0.0654296875 0.072265625
1 0.41796875 0.3828125 0.06640625 0.0615234375
1 0.1005859375 0.7412109375 0.1103515625 0.0458984375
1 0.76953125 0.685546875 0.0537109375 0.0625
1 0.1728515625 0.1142578125 0.130859375 0.080078125
1 0.51171875 0.501953125 0.1220703125 0.064453125
1 0.595703125 0.642578125 0.05859375 0.05859375
1 0.2314453125 0.7705078125 0.0751953125 0.0615234375
1 0.7236328125 0.3232421875 0.0595703125 0.0830078125
1 0.048828125 0.9462890625 0.0810546875 0.03515625
1 0.2900390625 0.9775390625 0.068359375 0.0439453125
1 0.89453125 0.615234375 0.087890625 0.0595703125
1 0.2353515625 0.1875 0.0888671875 0.0576171875
1 0.1865234375 0.5791015625 0.0986328125 0.0595703125
1 0.380859375 0.8427734375 0.10546875 0.0458984375
1 0.98046875 0.2109375 0.0380859375 0.0537109375
1 0.1806640625 0.8330078125 0.07421875 0.0517578125
1 0.322265625 0.263671875 0.0859375 0.056640625
1 0.6708984375 0.5888671875 0.091796875 0.0458984375
1 0.388671875 0.6318359375 0.1376953125 0.046875
1 0.3994140625 0.171875 0.072265625 0.0380859375
1 0.1728515625 0.021484375 0.06640625 0.04296875
1 0.626953125 0.841796875 0.0458984375 0.0478515625
1 0.56640625 0.5595703125 0.0458984375 0.052734375
1 0.95703125 0.775390625 0.0771484375 0.0478515625
1 0.46875 0.8759765625 0.083984375 0.072265625
1 0.4052734375 0.578125 0.0595703125 0.033203125
1 0.58203125 0.1845703125 0.0478515625 0.0341796875
1 0.015625 0.810546875 0.03125 0.041015625
1 0.5771484375 0.21484375 0.060546875 0.0615234375
1 0.6650390625 0.52734375 0.171875 0.0546875
1 0.1923828125 0.2890625 0.060546875 0.0615234375
1 0.4013671875 0.24609375 0.0849609375 0.0400390625
1 0.1240234375 0.8544921875 0.0693359375 0.0390625
1 0.712890625 0.2197265625 0.0517578125 0.0458984375
1 0.072265625 0.27734375 0.109375 0.0458984375
1 0.3642578125 0.6611328125 0.0576171875 0.029296875
1 0.7646484375 0.8896484375 0.11328125 0.037109375
1 0.935546875 0.015625 0.0712890625 0.03125
1 0.6064453125 0.896484375 0.1015625 0.037109375
1 0.25390625 0.9501953125 0.111328125 0.05078125
1 0.6796875 0.541015625 0.0693359375 0.04296875
1 0.150390625 0.9033203125 0.064453125 0.0390625
1 0.7216796875 0.91796875 0.091796875 0.03515625
1 0.4140625 0.9892578125 0.04296875 0.0205078125
1 0.0263671875 0.521484375 0.05078125 0.0498046875
1 0.4873046875 0.95703125 0.0712890625 0.0283203125
1 0.03125 0.33984375 0.0615234375 0.0361328125
1 0.5712890625 0.8447265625 0.0751953125 0.0458984375
1 0.95703125 0.0546875 0.044921875 0.05078125
1 0.5322265625 0.8720703125 0.1201171875 0.033203125
1 0.9423828125 0.462890625 0.037109375 0.0419921875
1 0.078125 0.9716796875 0.080078125 0.0322265625
1 0.03515625 0.990234375 0.0703125 0.01953125
1 0.7412109375 0.935546875 0.0400390625 0.0205078125
1 0.8349609375 0.8759765625 0.05859375 0.044921875
1 0.6376953125 0.7333984375 0.0595703125 0.05078125
1 0.2822265625 0.685546875 0.0576171875 0.03515625
1 0.9794921875 0.0263671875 0.041015625 0.0498046875
1 0.2353515625 0.2109375 0.0556640625 0.0400390625
