1 0.1142578125 0.962890625 0.0771484375 0.07421875
1 0.421875 0.9072265625 0.0869140625 0.0869140625
1 0.404296875 0.7890625 0.072265625 0.095703125
1 0.4833984375 0.755859375 0.095703125 0.1220703125
1 0.1259765625 0.716796875 0.0703125 0.0888671875
1 0.2880859375 0.673828125 0.0771484375 0.1318359375
1 0.2109375 0.68359375 0.1171875 0.0830078125
1 0.20703125 0.62890625 0.109375 0.1455078125
1 0.1494140625 0.5458984375 0.15625 0.080078125
1 0.2802734375 0.494140625 0.0869140625 0.1123046875
1 0.1767578125 0.0537109375 0.1376953125 0.107421875
1 0.0546875 0.1767578125 0.109375 0.0927734375
1 0.2001953125 0.265625 0.130859375 0.1142578125
1 0.0810546875 0.369140625 0.0771484375 0.1494140625
1 0.2578125 0.3720703125 0.2421875 0.0966796875
1 0.5546875 0.44140625 0.1015625 0.0947265625
1 0.6005859375 0.5029296875 0.087890625 0.091796875
1 0.607421875 0.5966796875 0.3154296875 0.1552734375
1 0.712890625 0.7001953125 0.255859375 0.09765625
1 0.7431640625 0.4248046875 0.0947265625 0.095703125
1 0.7177734375 0.373046875 0.21875 0.1884765625
1 0.58984375 0.2158203125 0.0927734375 0.1025390625
1 0.8515625 0.1904296875 0.2177734375 0.185546875
1 0.9091796875 0.0703125 0.1806640625 0.099609375
1 0.978515625 0.552734375 0.04296875 0.0693359375
1 0.9208984375 0.6337890625 0.07421875 0.080078125
1 0.896484375 0.798828125 0.0673828125 0.0810546875
1 0.9951171875 0.802734375 0.0087890625 0.0244140625
1 0.8779296875 0.7265625 0.0849609375 0.0546875
1 0.67578125 0.7890625 0.3154296875 0.083984375
1 0.5830078125 0.853515625 0.1689453125 0.0791015625
1 0.576171875 0.9091796875 0.1015625 0.080078125
1 0.638671875 0.9443359375 0.1298828125 0.0859375
1 0.306640625 0.4306640625 0.1142578125 0.0693359375
1 0.19921875 0.37890625 0.0576171875 0.130859375
1 0.6513671875 0.400390625 0.06640625 0.056640625
1 0.5400390625 0.5732421875 0.0888671875 0.12109375
1 0.572265625 0.6376953125 0.103515625 0.103515625
1 0.138671875 0.978515625 0.115234375 0.04296875
1 0.8984375 0.7412109375 0.154296875 0.125
