1 0.142578125 0.203125 0.05859375 0.09765625
1 0.0478515625 0.4833984375 0.0712890625 0.1171875
1 0.892578125 0.521484375 0.05078125 0.1240234375
1 0.9833984375 0.5634765625 0.0322265625 0.072265625
1 0.5009765625 0.4658203125 0.0927734375 0.0908203125
1 0.62890625 0.6357421875 0.080078125 0.072265625
1 0.9697265625 0.0419921875 0.060546875 0.0830078125
1 0.51171875 0.0517578125 0.0673828125 0.1044921875
1 0.21484375 0.123046875 0.0537109375 0.1142578125
1 0.1552734375 0.177734375 0.05078125 0.0908203125
1 0.65234375 0.7109375 0.0986328125 0.0693359375
1 0.8125 0.09375 0.1044921875 0.080078125
1 0.2158203125 0.748046875 0.0966796875 0.13671875
1 0.642578125 0.4697265625 0.05078125 0.0888671875
1 0.7392578125 0.40625 0.0341796875 0.107421875
1 0.3759765625 0.685546875 0.1162109375 0.060546875
1 0.861328125 0.3994140625 0.064453125 0.126953125
1 0.662109375 0.4384765625 0.0810546875 0.072265625
1 0.498046875 0.873046875 0.08203125 0.0595703125
1 0.54296875 0.81640625 0.0458984375 0.1005859375
1 0.478515625 0.9169921875 0.0517578125 0.0751953125
1 0.4658203125 0.0361328125 0.0556640625 0.0732421875
1 0.3671875 0.7587890625 0.0693359375 0.1357421875
1 0.3662109375 0.8525390625 0.064453125 0.109375
1 0.85546875 0.5673828125 0.0400390625 0.07421875
1 0.291015625 0.7158203125 0.0751953125 0.11328125
1 0.1748046875 0.0390625 0.0634765625 0.076171875
1 0.03125 0.642578125 0.0634765625 0.0576171875
1 0.4755859375 0.2177734375 0.080078125 0.0546875
1 0.6904296875 0.0654296875 0.044921875 0.12109375
1 0.35546875 0.3046875 0.0498046875 0.072265625
1 0.5537109375 0.7216796875 0.0703125 0.0927734375
1 0.3720703125 0.138671875 0.099609375 0.13671875
1 0.4462890625 0.87890625 0.0498046875 0.076171875
1 0.798828125 0.8330078125 0.08203125 0.115234375
1 0.0263671875 0.8671875 0.0537109375 0.0625
1 0.3779296875 0.0927734375 0.1240234375 0.0732421875
1 0.66015625 0.1318359375 0.060546875 0.1025390625
1 0.5673828125 0.861328125 0.033203125 0.072265625
1 0.3173828125 0.033203125 0.0625 0.06640625
1 0.7841796875 0.9111328125 0.068359375 0.0673828125
1 0.345703125 0.78515625 0.0537109375 0.072265625
1 0.6787109375 0.2744140625 0.1123046875 0.0498046875
1 0.78515625 0.9755859375 0.0419921875 0.048828125
1 0.66796875 0.7734375 0.048828125 0.060546875
1 0.3876953125 0.85546875 0.0732421875 0.0986328125
1 0.701171875 0.9794921875 0.0849609375 0.041015625
1 0.609375 0.7900390625 0.0517578125 0.0986328125
1 0.4619140625 0.703125 0.1005859375 0.2158203125
1 0.013671875 0.01953125 0.0263671875 0.0390625
1 0.5625 0.7490234375 0.0546875 0.07421875
1 0.978515625 0.1787109375 0.04296875 0.095703125
1 0.255859375 0.0517578125 0.0947265625 0.103515625
1 0.31640625 0.1083984375 0.052734375 0.0576171875
1 0.55078125 0.0693359375 0.0390625 0.0458984375
1 0.6572265625 0.021484375 0.05078125 0.0439453125
