1 0.0302734375 0.4560546875 0.052734375 0.08203125
1 0.7734375 0.0537109375 0.08984375 0.0693359375
1 0.9697265625 0.4541015625 0.0595703125 0.09375
1 0.41015625 0.9423828125 0.0478515625 0.1123046875
1 0.1396484375 0.599609375 0.1015625 0.0810546875
1 0.146484375 0.734375 0.0576171875 0.076171875
1 0.1533203125 0.3916015625 0.0947265625 0.0654296875
1 0.4189453125 0.54296875 0.08203125 0.0693359375
1 0.3994140625 0.7568359375 0.095703125 0.1171875
1 0.43359375 0.18359375 0.068359375 0.07421875
1 0.3388671875 0.6103515625 0.0625 0.0712890625
1 0.4091796875 0.033203125 0.05859375 0.06640625
1 0.958984375 0.7392578125 0.0625 0.0654296875
1 0.294921875 0.3623046875 0.0849609375 0.0673828125
1 0.48828125 0.0712890625 0.0693359375 0.0478515625
1 0.3564453125 0.357421875 0.0712890625 0.0615234375
1 0.845703125 0.8310546875 0.076171875 0.0908203125
1 0.3818359375 0.3369140625 0.0732421875 0.0576171875
1 0.0146484375 0.58203125 0.0302734375 0.0595703125
1 0.388671875 0.84375 0.080078125 0.0791015625
1 0.2421875 0.4423828125 0.078125 0.0537109375
1 0.748046875 0.3583984375 0.0625 0.04296875
1 0.560546875 0.498046875 0.0546875 0.056640625
1 0.26953125 0.646484375 0.060546875 0.0390625
1 0.0712890625 0.859375 0.111328125 0.05078125
1 0.490234375 0.7490234375 0.0625 0.0400390625
1 0.333984375 0.025390625 0.0615234375 0.0517578125
1 0.486328125 0.6123046875 0.0625 0.048828125
1 0.4814453125 0.8212890625 0.072265625 0.0302734375
1 0.8818359375 0.24296875 0.0751953125 0.0380859375
1 0.56640625 0.7607421875 0.0634765625 0.025390625
1 0.4140625 0.4794921875 0.0439453125 0.052734375
1 0.587890625 0.052734375 0.0625 0.04296875
1 0.83203125 0.041015625 0.0693359375 0.0439453125
1 0.1494140625 0.818359375 0.09765625 0.0283203125
1 0.5078125 0.5478515625 0.0546875 0.0634765625
1 0.8623046875 0.72265625 0.0517578125 0.04296875
1 0.4384765625 0.66796875 0.078125 0.0390625
1 0.7548828125 0.69140625 0.0419921875 0.072265625
1 0.1416015625 0.6484375 0.1396484375 0.0693359375
1 0.703125 0.0263671875 0.0380859375 0.052734375
1 0.10546875 0.89453125 0.0947265625 0.0400390625
1 0.2705078125 0.5908203125 0.0703125 0.0654296875
1 0.0419921875 0.74609375 0.0654296875 0.0400390625
1 0.4296875 0.134765625 0.1201171875 0.048828125
1 0.525390625 0.2685546875 0.0712890625 0.0546875
1 0.7470703125 0.4326171875 0.0546875 0.0478515625
1 0.646484375 0.0400390625 0.0498046875 0.0517578125
1 0.5771484375 0.9873046875 0.05859375 0.01953125
1 0.912109375 0.330078125 0.0390625 0.0400390625
1 0.3740234375 0.1064453125 0.056640625 0.033203125
1 0.1435546875 0.990234375 0.0966796875 0.01953125
1 0.099609375 0.91015625 0.0751953125 0.048828125
1 0.1123046875 0.396484375 0.0537109375 0.0263671875
1 0.0517578125 0.6923828125 0.06640625 0.0283203125
1 0.62109375 0.5859375 0.0390625 0.0517578125
1 0.5263671875 0.0107421875 0.0419921875 0.0224609375
1 0.283203125 0.4931640625 0.0498046875 0.0283203125
1 0.9140625 0.5830078125 0.0439453125 0.025390625
1 0.6357421875 0.849609375 0.0712890625 0.0390625
1 0.0439453125 0.59765625 0.0888671875 0.0703125
1 0.0537109375 0.955078125 0.0615234375 0.029296875
1 0.44140625 0.880859375 0.0732421875 0.044921875
1 0.1982421875 0.583984375 0.0888671875 0.033203125
1 0.9677734375 0.1376953125 0.0498046875 0.046875
1 0.2265625 0.2822265625 0.037109375 0.0546875
1 0.595703125 0.251953125 0.0439453125 0.0595703125
1 0.7939453125 0.5751953125 0.0498046875 0.0390625
1 0.701171875 0.7060546875 0.044921875 0.0380859375
1 0.6015625 0.5732421875 0.0341796875 0.056640625
1 0.287109375 0.099609375 0.09375 0.0498046875
1 0.9853515625 0.541015625 0.029296875 0.0537109375
1 0.939453125 0.01953125 0.087890625 0.0400390625
