1 0.1767578125 0.220703125 0.078125 0.130859375
1 0.0888671875 0.0439453125 0.0703125 0.0869140625
1 0.3662109375 0.052734375 0.1650390625 0.06640625
1 0.5185546875 0.23046875 0.0849609375 0.0673828125
1 0.48828125 0.28125 0.0947265625 0.1474609375
1 0.150390625 0.3583984375 0.0986328125 0.0625
1 0.41796875 0.22265625 0.0537109375 0.06640625
1 0.6181640625 0.048828125 0.076171875 0.0615234375
1 0.22265625 0.4765625 0.0615234375 0.0732421875
1 0.1103515625 0.5732421875 0.0830078125 0.068359375
1 0.029296875 0.6943359375 0.048828125 0.0947265625
1 0.2119140625 0.7197265625 0.064453125 0.115234375
1 0.2939453125 0.7880859375 0.0625 0.107421875
1 0.5205078125 0.7890625 0.0830078125 0.0634765625
1 0.4208984375 0.91015625 0.103515625 0.08984375
1 0.26953125 0.955078125 0.080078125 0.0888671875
1 0.8388671875 0.9833984375 0.0615234375 0.033203125
1 0.669921875 0.9208984375 0.0947265625 0.083984375
1 0.66015625 0.8564453125 0.1376953125 0.103515625
1 0.5771484375 0.8623046875 0.10546875 0.0546875
1 0.56640625 0.9287109375 0.06640625 0.06640625
1 0.87890625 0.7587890625 0.0947265625 0.0712890625
1 0.8046875 0.7978515625 0.0693359375 0.0810546875
1 0.978515625 0.8916015625 0.0419921875 0.080078125
1 0.513671875 0.5458984375 0.07421875 0.138671875
1 0.5810546875 0.501953125 0.0634765625 0.154296875
1 0.6787109375 0.5048828125 0.083984375 0.0576171875
1 0.755859375 0.53515625 0.0732421875 0.076171875
1 0.7021484375 0.63671875 0.06640625 0.06640625
1 0.708984375 0.400390625 0.0771484375 0.0888671875
1 0.84375 0.3662109375 0.115234375 0.095703125
1 0.8017578125 0.3076171875 0.0810546875 0.1181640625
1 0.7587890625 0.2451171875 0.0654296875 0.072265625
1 0.9599609375 0.4296875 0.080078125 0.0712890625
1 0.9609375 0.515625 0.078125 0.064453125
1 0.8349609375 0.1201171875 0.0478515625 0.0986328125
1 0.90234375 0.11328125 0.103515625 0.1181640625
1 0.9482421875 0.1396484375 0.0595703125 0.0712890625
1 0.9111328125 0.2001953125 0.078125 0.0537109375
1 0.22265625 0.015625 0.1552734375 0.0322265625
1 0.6533203125 0.021484375 0.0615234375 0.04296875
1 0.587890625 0.0224609375 0.0947265625 0.044921875
1 0.5703125 0.2841796875 0.05078125 0.0546875
1 0.8857421875 0.8798828125 0.0576171875 0.0537109375
1 0.9921875 0.56640625 0.0146484375 0.0546875
1 0.66015625 0.9921875 0.0302734375 0.013671875
1 0.953125 0.98828125 0.0869140625 0.0224609375
1 0.990234375 0.806640625 0.017578125 0.0283203125
