1 0.568359375 0.4013671875 0.162109375 0.1396484375
1 0.7265625 0.193359375 0.1005859375 0.078125
1 0.0283203125 0.6435546875 0.056640625 0.1162109375
1 0.60546875 0.1220703125 0.1328125 0.05078125
1 0.884765625 0.466796875 0.134765625 0.0654296875
1 0.6142578125 0.05078125 0.1650390625 0.0595703125
1 0.892578125 0.1630859375 0.1728515625 0.0673828125
1 0.787109375 0.2919921875 0.150390625 0.07421875
1 0.712890625 0.056640625 0.1669921875 0.1005859375
1 0.4716796875 0.1806640625 0.1455078125 0.0673828125
1 0.7412109375 0.5009765625 0.0869140625 0.0673828125
1 0.498046875 0.51171875 0.177734375 0.0947265625
1 0.705078125 0.703125 0.2080078125 0.1826171875
1 0.72265625 0.3330078125 0.1669921875 0.0576171875
1 0.52734375 0.4404296875 0.0703125 0.064453125
1 0.9091796875 0.4384765625 0.1103515625 0.087890625
1 0.826171875 0.365234375 0.107421875 0.0869140625
1 0.97265625 0.3818359375 0.0537109375 0.044921875
1 0.95703125 0.248046875 0.0859375 0.0400390625
1 0.9482421875 0.103515625 0.1025390625 0.052734375
1 0.837890625 0.04296875 0.1181640625 0.0576171875
1 0.91796875 0.0634765625 0.09765625 0.037109375
