1 0.01171875 0.6748046875 0.0234375 0.0869140625
1 0.0693359375 0.4892578125 0.0810546875 0.076171875
1 0.0146484375 0.326171875 0.0302734375 0.1103515625
1 0.794921875 0.94921875 0.0673828125 0.1015625
1 0.9296875 0.83984375 0.1357421875 0.0927734375
1 0.4814453125 0.896484375 0.0966796875 0.076171875
1 0.3037109375 0.958984375 0.0703125 0.060546875
1 0.0986328125 0.982421875 0.1328125 0.0341796875
1 0.2783203125 0.513671875 0.09765625 0.11328125
1 0.328125 0.333984375 0.119140625 0.0625
1 0.259765625 0.2607421875 0.0966796875 0.08984375
1 0.5771484375 0.3466796875 0.0908203125 0.09375
1 0.759765625 0.2919921875 0.109375 0.0673828125
1 0.810546875 0.357421875 0.068359375 0.0625
1 0.9033203125 0.3935546875 0.111328125 0.08203125
1 0.9638671875 0.6142578125 0.072265625 0.0810546875
1 0.7998046875 0.4677734375 0.0732421875 0.091796875
1 0.5546875 0.166015625 0.1484375 0.0810546875
1 0.5029296875 0.083984375 0.0810546875 0.0556640625
1 0.2451171875 0.0869140625 0.115234375 0.0810546875
1 0.0078125 0.1552734375 0.015625 0.1064453125
1 0.6875 0.0439453125 0.091796875 0.0634765625
1 0.8564453125 0.064453125 0.111328125 0.0810546875
1 0.6494140625 0.1484375 0.068359375 0.072265625
1 0.736328125 0.2158203125 0.09765625 0.0537109375
1 0.587890625 0.2509765625 0.0888671875 0.07421875
