1 0.005859375 0.9853515625 0.01171875 0.0283203125
1 0.1484375 0.138671875 0.095703125 0.1396484375
1 0.439453125 0.1513671875 0.126953125 0.095703125
1 0.15625 0.955078125 0.10546875 0.0888671875
1 0.0234375 0.232421875 0.046875 0.0869140625
1 0.2392578125 0.435546875 0.123046875 0.123046875
1 0.29296875 0.548828125 0.1376953125 0.1201171875
1 0.564453125 0.2041015625 0.109375 0.1796875
1 0.74609375 0.69140625 0.0849609375 0.07421875
1 0.6953125 0.3896484375 0.2314453125 0.236328125
1 0.369140625 0.66015625 0.1806640625 0.1474609375
1 0.419921875 0.818359375 0.2265625 0.1181640625
1 0.3720703125 0.3779296875 0.125 0.1630859375
1 0.3046875 0.251953125 0.08984375 0.1298828125
1 0.8330078125 0.1748046875 0.1328125 0.16015625
1 0.8466796875 0.3955078125 0.1396484375 0.1474609375
1 0.646484375 0.8603515625 0.0771484375 0.087890625
1 0.9638671875 0.7744140625 0.0712890625 0.109375
1 0.0263671875 0.9443359375 0.0537109375 0.10546875
1 0.943359375 0.1845703125 0.11328125 0.1875
1 0.50390625 0.056640625 0.1552734375 0.1103515625
1 0.966796875 0.65234375 0.0654296875 0.080078125
