1 0.130859375 0.5615234375 0.07421875 0.0712890625
1 0.63671875 0.384765625 0.0986328125 0.0546875
1 0.65625 0.265625 0.06640625 0.0712890625
1 0.7353515625 0.3056640625 0.076171875 0.08203125
1 0.83203125 0.1845703125 0.09375 0.0810546875
1 0.720703125 0.142578125 0.201171875 0.0634765625
1 0.525390625 0.1474609375 0.10546875 0.0615234375
1 0.453125 0.1064453125 0.0615234375 0.1201171875
1 0.578125 0.0478515625 0.068359375 0.095703125
1 0.267578125 0.0380859375 0.0615234375 0.076171875
1 0.3388671875 0.0654296875 0.09375 0.0654296875
1 0.361328125 0.1337890625 0.0908203125 0.05859375
1 0.3388671875 0.1982421875 0.087890625 0.0703125
1 0.2822265625 0.251953125 0.0693359375 0.0849609375
1 0.263671875 0.361328125 0.0771484375 0.06640625
1 0.2265625 0.3134765625 0.046875 0.0361328125
1 0.1767578125 0.27734375 0.0390625 0.06640625
1 0.2197265625 0.25 0.0556640625 0.0693359375
1 0.10546875 0.29296875 0.05078125 0.0625
1 0.0322265625 0.1865234375 0.05078125 0.0556640625
1 0.103515625 0.1591796875 0.0537109375 0.0673828125
1 0.033203125 0.259765625 0.0537109375 0.05859375
1 0.2099609375 0.1357421875 0.0947265625 0.109375
1 0.1728515625 0.033203125 0.0556640625 0.06640625
1 0.7333984375 0.0517578125 0.0693359375 0.0478515625
1 0.93359375 0.1171875 0.052734375 0.0478515625
1 0.9208984375 0.205078125 0.076171875 0.0693359375
1 0.95703125 0.271484375 0.0849609375 0.0654296875
1 0.890625 0.3330078125 0.1123046875 0.060546875
1 0.853515625 0.400390625 0.1015625 0.0576171875
1 0.9609375 0.509765625 0.078125 0.091796875
1 0.96875 0.0537109375 0.0625 0.0361328125
1 0.26171875 0.685546875 0.0546875 0.044921875
1 0.126953125 0.7353515625 0.0517578125 0.0546875
1 0.17578125 0.73046875 0.0341796875 0.05078125
1 0.2275390625 0.759765625 0.08984375 0.0478515625
1 0.32421875 0.7353515625 0.07421875 0.0615234375
1 0.4462890625 0.7099609375 0.0673828125 0.046875
1 0.4755859375 0.7587890625 0.078125 0.064453125
1 0.3828125 0.7958984375 0.044921875 0.0400390625
1 0.4365234375 0.830078125 0.0498046875 0.0390625
1 0.501953125 0.8291015625 0.0654296875 0.0478515625
1 0.509765625 0.8896484375 0.072265625 0.0576171875
1 0.6484375 0.9130859375 0.072265625 0.0537109375
1 0.5849609375 0.822265625 0.0673828125 0.0615234375
1 0.6201171875 0.7646484375 0.056640625 0.046875
1 0.5537109375 0.7099609375 0.0810546875 0.05859375
1 0.6513671875 0.619140625 0.0576171875 0.0732421875
1 0.716796875 0.701171875 0.0615234375 0.076171875
1 0.7578125 0.7744140625 0.0546875 0.0751953125
1 0.8095703125 0.7685546875 0.0380859375 0.0595703125
1 0.865234375 0.724609375 0.0693359375 0.0654296875
1 0.9404296875 0.7509765625 0.0791015625 0.0673828125
1 0.8779296875 0.7763671875 0.0390625 0.0517578125
1 0.9619140625 0.82421875 0.0703125 0.064453125
1 0.7509765625 0.8359375 0.1044921875 0.0615234375
1 0.75 0.875 0.142578125 0.0673828125
1 0.7607421875 0.92578125 0.08203125 0.0439453125
1 0.9775390625 0.9384765625 0.0439453125 0.0693359375
1 0.591796875 0.9619140625 0.0703125 0.0517578125
1 0.349609375 0.8642578125 0.0791015625 0.05078125
1 0.068359375 0.970703125 0.07421875 0.0576171875
1 0.0234375 0.7841796875 0.0478515625 0.048828125
1 0.111328125 0.798828125 0.076171875 0.044921875
1 0.068359375 0.728515625 0.0517578125 0.05078125
1 0.263671875 0.5615234375 0.1298828125 0.13671875
1 0.1103515625 0.4072265625 0.0625 0.0439453125
1 0.671875 0.7529296875 0.0478515625 0.0380859375
1 0.9404296875 0.3466796875 0.1181640625 0.0966796875
1 0.7919921875 0.3310546875 0.0498046875 0.0380859375
1 0.6689453125 0.3232421875 0.087890625 0.0498046875
1 0.06640625 0.1416015625 0.0361328125 0.03125
1 0.154296875 0.125 0.060546875 0.0615234375
