1 0.1015625 0.2978515625 0.0888671875 0.091796875
1 0.3193359375 0.22265625 0.0869140625 0.083984375
1 0.072265625 0.072265625 0.087890625 0.1318359375
1 0.177734375 0.0341796875 0.080078125 0.0693359375
1 0.2841796875 0.03515625 0.103515625 0.0712890625
1 0.3984375 0.11328125 0.0712890625 0.1279296875
1 0.4267578125 0.263671875 0.064453125 0.12109375
1 0.375 0.3818359375 0.08203125 0.1181640625
1 0.328125 0.4697265625 0.0810546875 0.1357421875
1 0.3623046875 0.5927734375 0.1259765625 0.0859375
1 0.4501953125 0.5244140625 0.052734375 0.0810546875
1 0.501953125 0.5263671875 0.0654296875 0.1005859375
1 0.5712890625 0.408203125 0.0576171875 0.107421875
1 0.568359375 0.2509765625 0.1103515625 0.0751953125
1 0.0546875 0.6376953125 0.1015625 0.0947265625
1 0.06640625 0.5126953125 0.1142578125 0.076171875
1 0.3603515625 0.76953125 0.0654296875 0.078125
1 0.630859375 0.5810546875 0.078125 0.09765625
1 0.5029296875 0.6357421875 0.060546875 0.05859375
1 0.6025390625 0.75 0.0771484375 0.068359375
1 0.0390625 0.970703125 0.0791015625 0.0576171875
1 0.173828125 0.8974609375 0.0810546875 0.1083984375
1 0.1220703125 0.890625 0.083984375 0.0908203125
1 0.27734375 0.98828125 0.0615234375 0.0234375
1 0.783203125 0.8955078125 0.0703125 0.056640625
1 0.6279296875 0.921875 0.0947265625 0.087890625
1 0.4169921875 0.84765625 0.068359375 0.0634765625
1 0.6943359375 0.6533203125 0.0478515625 0.0556640625
1 0.892578125 0.6943359375 0.10546875 0.0595703125
1 0.8056640625 0.6845703125 0.0654296875 0.0703125
1 0.87109375 0.8173828125 0.0693359375 0.0693359375
1 0.61328125 0.4912109375 0.0654296875 0.0625
1 0.712890625 0.4833984375 0.0419921875 0.083984375
1 0.7646484375 0.5029296875 0.060546875 0.064453125
1 0.912109375 0.6103515625 0.0576171875 0.11328125
1 0.7919921875 0.5986328125 0.08203125 0.0576171875
1 0.8974609375 0.4208984375 0.0654296875 0.0693359375
1 0.7431640625 0.3701171875 0.080078125 0.11328125
1 0.8642578125 0.279296875 0.1005859375 0.091796875
1 0.9794921875 0.30859375 0.041015625 0.09765625
1 0.8916015625 0.2314453125 0.0634765625 0.0478515625
1 0.9560546875 0.185546875 0.087890625 0.080078125
1 0.8486328125 0.111328125 0.076171875 0.076171875
1 0.857421875 0.0107421875 0.0517578125 0.0224609375
1 0.5859375 0.091796875 0.05859375 0.09765625
1 0.6142578125 0.1748046875 0.076171875 0.052734375
1 0.3515625 0.8369140625 0.0693359375 0.06640625
1 0.3505859375 0.283203125 0.078125 0.115234375
1 0.455078125 0.0126953125 0.06640625 0.0263671875
1 0.8125 0.9306640625 0.060546875 0.0380859375
1 0.1142578125 0.244140625 0.1357421875 0.0576171875
