1 0.8154296875 0.0849609375 0.0859375 0.12109375
1 0.9560546875 0.0478515625 0.0771484375 0.095703125
1 0.9111328125 0.1611328125 0.087890625 0.1015625
1 0.9189453125 0.22265625 0.0859375 0.0830078125
1 0.7177734375 0.224609375 0.1103515625 0.091796875
1 0.6357421875 0.056640625 0.0634765625 0.1142578125
1 0.5654296875 0.7890625 0.06640625 0.01953125
1 0.509765625 0.1240234375 0.0712890625 0.0751953125
1 0.333984375 0.0341796875 0.0576171875 0.0693359375
1 0.025390625 0.009765625 0.0517578125 0.0205078125
1 0.2734375 0.107421875 0.078125 0.056640625
1 0.345703125 0.0849609375 0.064453125 0.0478515625
1 0.3671875 0.2490234375 0.0810546875 0.046875
1 0.177734375 0.1337890625 0.0888671875 0.056640625
1 0.1298828125 0.087890625 0.1640625 0.0537109375
1 0.26171875 0.43359375 0.07421875 0.111328125
1 0.193359375 0.4423828125 0.095703125 0.1123046875
1 0.2724609375 0.5615234375 0.1083984375 0.0888671875
1 0.2021484375 0.712890625 0.1416015625 0.107421875
1 0.0283203125 0.6845703125 0.056640625 0.0615234375
1 0.1357421875 0.599609375 0.0546875 0.076171875
1 0.05078125 0.5771484375 0.1025390625 0.076171875
1 0.642578125 0.50390625 0.0830078125 0.0751953125
1 0.6650390625 0.6025390625 0.078125 0.10546875
1 0.8154296875 0.6064453125 0.0947265625 0.0634765625
1 0.8671875 0.5107421875 0.10546875 0.064453125
1 0.9609375 0.5556640625 0.0673828125 0.0625
1 0.748046875 0.4248046875 0.056640625 0.0947265625
1 0.79296875 0.4306640625 0.056640625 0.0732421875
1 0.8349609375 0.4375 0.072265625 0.07421875
1 0.212890625 0.9501953125 0.0634765625 0.0625
1 0.4794921875 0.9443359375 0.078125 0.0576171875
1 0.044921875 0.80078125 0.0693359375 0.0830078125
1 0.8544921875 0.7236328125 0.0498046875 0.0771484375
1 0.927734375 0.6728515625 0.0576171875 0.056640625
1 0.9755859375 0.65234375 0.048828125 0.0966796875
1 0.7890625 0.68359375 0.048828125 0.0625
1 0.7607421875 0.5625 0.0625 0.0634765625
1 0.017578125 0.9619140625 0.03515625 0.046875
1 0.087890625 0.119140625 0.0478515625 0.041015625
1 0.0595703125 0.5029296875 0.080078125 0.052734375
1 0.0673828125 0.73046875 0.0634765625 0.0419921875
1 0.2509765625 0.162109375 0.0625 0.0361328125
1 0.654296875 0.29296875 0.0439453125 0.033203125
1 0.1435546875 0.0556640625 0.1240234375 0.0810546875
1 0.8623046875 0.5927734375 0.0439453125 0.0419921875
1 0.72265625 0.640625 0.046875 0.0419921875
