1 0.142578125 0.0615234375 0.0791015625 0.107421875
1 0.03515625 0.0205078125 0.0712890625 0.041015625
1 0.7001953125 0.044921875 0.0947265625 0.0771484375
1 0.724609375 0.1328125 0.0859375 0.0703125
1 0.841796875 0.060546875 0.0791015625 0.0947265625
1 0.943359375 0.1640625 0.11328125 0.0859375
1 0.7646484375 0.2373046875 0.1748046875 0.1005859375
1 0.7119140625 0.2783203125 0.0986328125 0.07421875
1 0.9384765625 0.4228515625 0.078125 0.1689453125
1 0.4033203125 0.46484375 0.1806640625 0.2041015625
1 0.302734375 0.6806640625 0.1064453125 0.10546875
1 0.4052734375 0.71484375 0.0712890625 0.0849609375
1 0.5087890625 0.72265625 0.0576171875 0.08203125
1 0.5302734375 0.859375 0.1044921875 0.0927734375
1 0.3740234375 0.8798828125 0.08203125 0.08203125
1 0.1416015625 0.78515625 0.1279296875 0.1025390625
1 0.03515625 0.8330078125 0.0703125 0.10546875
1 0.1005859375 0.943359375 0.0615234375 0.0546875
1 0.21484375 0.9609375 0.125 0.0625
1 0.5029296875 0.958984375 0.107421875 0.0771484375
1 0.7041015625 0.9677734375 0.0927734375 0.064453125
1 0.8642578125 0.91015625 0.0810546875 0.0947265625
1 0.8447265625 0.80078125 0.09765625 0.0888671875
1 0.955078125 0.8671875 0.08984375 0.0732421875
1 0.958984375 0.96875 0.08203125 0.0625
