1 0.404296875 0.580078125 0.125 0.1123046875
1 0.931640625 0.068359375 0.1357421875 0.123046875
1 0.9248046875 0.453125 0.08984375 0.0625
1 0.6240234375 0.9853515625 0.0791015625 0.0283203125
1 0.2158203125 0.2255859375 0.11328125 0.1171875
1 0.5712890625 0.083984375 0.2001953125 0.1298828125
1 0.359375 0.2783203125 0.064453125 0.091796875
1 0.9697265625 0.5791015625 0.060546875 0.1005859375
1 0.19140625 0.0771484375 0.0849609375 0.150390625
1 0.431640625 0.734375 0.169921875 0.1552734375
1 0.779296875 0.6279296875 0.23046875 0.0927734375
1 0.697265625 0.3203125 0.1796875 0.1533203125
1 0.5087890625 0.2568359375 0.2001953125 0.23046875
1 0.1318359375 0.1328125 0.080078125 0.1025390625
1 0.349609375 0.525390625 0.060546875 0.0673828125
1 0.2822265625 0.423828125 0.23046875 0.1044921875
1 0.7353515625 0.173828125 0.1376953125 0.1201171875
1 0.310546875 0.78515625 0.2470703125 0.1572265625
1 0.806640625 0.166015625 0.080078125 0.09765625
1 0.86328125 0.9453125 0.1474609375 0.109375
1 0.1064453125 0.6455078125 0.1044921875 0.2421875
1 0.7177734375 0.0693359375 0.1318359375 0.134765625
1 0.642578125 0.2373046875 0.1025390625 0.0546875
1 0.05078125 0.1279296875 0.09765625 0.0673828125
1 0.396484375 0.1416015625 0.0693359375 0.1201171875
1 0.4677734375 0.890625 0.146484375 0.2177734375
1 0.2529296875 0.6689453125 0.07421875 0.0654296875
1 0.6630859375 0.55859375 0.0673828125 0.04296875
1 0.0556640625 0.2548828125 0.09765625 0.21484375
1 0.92578125 0.58203125 0.091796875 0.080078125
1 0.6484375 0.8017578125 0.177734375 0.1904296875
1 0.314453125 0.3388671875 0.134765625 0.1103515625
1 0.111328125 0.458984375 0.0654296875 0.0625
1 0.115234375 0.240234375 0.1123046875 0.1025390625
1 0.0888671875 0.865234375 0.1044921875 0.1376953125
1 0.759765625 0.8935546875 0.10546875 0.212890625
1 0.3515625 0.458984375 0.1103515625 0.0751953125
1 0.4169921875 0.021484375 0.095703125 0.0400390625
1 0.2138671875 0.6591796875 0.0751953125 0.0751953125
1 0.7763671875 0.2783203125 0.1005859375 0.068359375
1 0.498046875 0.0419921875 0.09765625 0.080078125
1 0.0419921875 0.8251953125 0.080078125 0.0927734375
1 0.046875 0.6474609375 0.08984375 0.125
1 0.0888671875 0.4033203125 0.0419921875 0.083984375
1 0.5869140625 0.0302734375 0.060546875 0.0576171875
1 0.5341796875 0.3466796875 0.21484375 0.0595703125
1 0.4814453125 0.5322265625 0.0556640625 0.060546875
1 0.7666015625 0.72265625 0.1357421875 0.1181640625
1 0.7099609375 0.916015625 0.1025390625 0.09765625
1 0.1904296875 0.9814453125 0.1328125 0.037109375
1 0.3076171875 0.9228515625 0.087890625 0.1044921875
1 0.2001953125 0.9677734375 0.0732421875 0.0634765625
