1 0.1591796875 0.9609375 0.1142578125 0.078125
1 0.025390625 0.83203125 0.05078125 0.0673828125
1 0.201171875 0.8203125 0.1181640625 0.087890625
1 0.3125 0.7822265625 0.0732421875 0.07421875
1 0.4013671875 0.8447265625 0.1015625 0.109375
1 0.3271484375 0.875 0.076171875 0.11328125
1 0.7177734375 0.984375 0.068359375 0.0302734375
1 0.7939453125 0.9560546875 0.111328125 0.0869140625
1 0.73046875 0.869140625 0.05859375 0.08984375
1 0.810546875 0.7919921875 0.0673828125 0.09765625
1 0.552734375 0.728515625 0.06640625 0.08984375
1 0.5791015625 0.650390625 0.0673828125 0.07421875
1 0.34765625 0.6787109375 0.0927734375 0.115234375
1 0.9384765625 0.6240234375 0.05859375 0.0595703125
1 0.9580078125 0.7890625 0.083984375 0.072265625
1 0.9716796875 0.904296875 0.0556640625 0.0859375
1 0.9453125 0.490234375 0.080078125 0.0712890625
1 0.5966796875 0.5068359375 0.076171875 0.072265625
1 0.73046875 0.451171875 0.0791015625 0.1025390625
1 0.544921875 0.4052734375 0.072265625 0.0869140625
1 0.462890625 0.392578125 0.11328125 0.1259765625
1 0.3740234375 0.3857421875 0.0654296875 0.08984375
1 0.3369140625 0.4267578125 0.0654296875 0.083984375
1 0.580078125 0.2880859375 0.0859375 0.08984375
1 0.6953125 0.3359375 0.1142578125 0.0693359375
1 0.7548828125 0.34765625 0.0595703125 0.0869140625
1 0.865234375 0.4169921875 0.0732421875 0.072265625
1 0.9794921875 0.267578125 0.0400390625 0.0673828125
1 0.9345703125 0.2783203125 0.0712890625 0.1025390625
1 0.67578125 0.15625 0.123046875 0.0654296875
1 0.4541015625 0.1845703125 0.0830078125 0.078125
1 0.376953125 0.2626953125 0.068359375 0.107421875
1 0.2685546875 0.2109375 0.0751953125 0.1259765625
1 0.173828125 0.1884765625 0.060546875 0.080078125
1 0.2958984375 0.30078125 0.0810546875 0.072265625
1 0.1982421875 0.2841796875 0.091796875 0.060546875
1 0.2529296875 0.3203125 0.0732421875 0.0849609375
1 0.1572265625 0.3505859375 0.107421875 0.1259765625
1 0.064453125 0.3037109375 0.0712890625 0.07421875
1 0.2021484375 0.466796875 0.068359375 0.09765625
1 0.01953125 0.1875 0.0400390625 0.0986328125
1 0.0361328125 0.4404296875 0.072265625 0.068359375
1 0.0458984375 0.51953125 0.0888671875 0.0712890625
1 0.0185546875 0.5595703125 0.0380859375 0.048828125
1 0.7119140625 0.3974609375 0.0791015625 0.083984375
1 0.2333984375 0.1669921875 0.06640625 0.1123046875
1 0.5419921875 0.2646484375 0.0791015625 0.05859375
1 0.8935546875 0.2900390625 0.04296875 0.0498046875
1 0.9912109375 0.4072265625 0.017578125 0.0625
1 0.9833984375 0.5029296875 0.029296875 0.0771484375
1 0.89453125 0.3876953125 0.0732421875 0.0693359375
1 0.6328125 0.38671875 0.048828125 0.041015625
1 0.6953125 0.1875 0.046875 0.0400390625
1 0.6572265625 0.2158203125 0.0703125 0.072265625
1 0.2255859375 0.3779296875 0.060546875 0.0771484375
1 0.4150390625 0.990234375 0.025390625 0.01953125
1 0.3896484375 0.9921875 0.0244140625 0.0146484375
1 0.24609375 0.9931640625 0.0341796875 0.013671875
1 0.89453125 0.9873046875 0.03515625 0.025390625
1 0.1171875 0.3017578125 0.056640625 0.05078125
1 0.927734375 0.6025390625 0.060546875 0.0615234375
1 0.158203125 0.2158203125 0.0419921875 0.0712890625
