1 0.966796875 0.5068359375 0.0654296875 0.10546875
1 0.267578125 0.2216796875 0.1328125 0.1142578125
1 0.9677734375 0.158203125 0.0625 0.1123046875
1 0.939453125 0.865234375 0.1201171875 0.1376953125
1 0.556640625 0.3125 0.0947265625 0.115234375
1 0.7216796875 0.7431640625 0.1943359375 0.126953125
1 0.31640625 0.0458984375 0.1943359375 0.091796875
1 0.3701171875 0.4384765625 0.1572265625 0.142578125
1 0.9658203125 0.3603515625 0.068359375 0.0966796875
1 0.80078125 0.1103515625 0.1015625 0.0830078125
1 0.83203125 0.041015625 0.0859375 0.08203125
1 0.744140625 0.0166015625 0.0751953125 0.0341796875
1 0.5244140625 0.9658203125 0.115234375 0.068359375
1 0.916015625 0.955078125 0.1630859375 0.08984375
1 0.740234375 0.8896484375 0.0673828125 0.064453125
1 0.419921875 0.8837890625 0.1337890625 0.1005859375
1 0.32421875 0.7568359375 0.0966796875 0.0830078125
1 0.7099609375 0.5791015625 0.123046875 0.087890625
1 0.134765625 0.185546875 0.0927734375 0.080078125
1 0.662109375 0.44921875 0.0888671875 0.076171875
1 0.54296875 0.0888671875 0.0849609375 0.0732421875
