1 0.744140625 0.451171875 0.09375 0.1015625
1 0.0263671875 0.90234375 0.0537109375 0.1201171875
1 0.3349609375 0.3994140625 0.134765625 0.0810546875
1 0.951171875 0.4365234375 0.0595703125 0.068359375
1 0.22265625 0.501953125 0.123046875 0.1083984375
1 0.845703125 0.5546875 0.07421875 0.1103515625
1 0.8671875 0.6484375 0.1103515625 0.107421875
1 0.8583984375 0.37890625 0.1005859375 0.087890625
1 0.90234375 0.8203125 0.0966796875 0.140625
1 0.984375 0.6357421875 0.03125 0.087890625
1 0.4560546875 0.625 0.07421875 0.115234375
1 0.296875 0.505859375 0.076171875 0.08984375
1 0.09375 0.94140625 0.1240234375 0.1162109375
1 0.279296875 0.8828125 0.1083984375 0.07421875
1 0.1767578125 0.1435546875 0.0576171875 0.1025390625
1 0.7177734375 0.4833984375 0.126953125 0.1005859375
1 0.0634765625 0.0322265625 0.126953125 0.064453125
1 0.4541015625 0.8583984375 0.1865234375 0.1279296875
1 0.2041015625 0.6787109375 0.0673828125 0.0634765625
1 0.3916015625 0.0673828125 0.0791015625 0.134765625
1 0.7236328125 0.9404296875 0.2197265625 0.119140625
1 0.2685546875 0.9697265625 0.1015625 0.060546875
1 0.50390625 0.1494140625 0.185546875 0.1435546875
1 0.6259765625 0.791015625 0.09375 0.0966796875
1 0.0849609375 0.404296875 0.095703125 0.115234375
1 0.951171875 0.8759765625 0.09765625 0.1650390625
1 0.076171875 0.541015625 0.1484375 0.0751953125
1 0.1875 0.8203125 0.0908203125 0.056640625
1 0.2685546875 0.80078125 0.0517578125 0.0791015625
1 0.4013671875 0.7822265625 0.1396484375 0.048828125
1 0.2958984375 0.5693359375 0.072265625 0.0341796875
1 0.80078125 0.93359375 0.0888671875 0.052734375
1 0.9345703125 0.302734375 0.060546875 0.06640625
