1 0.345703125 0.240234375 0.107421875 0.0771484375
1 0.2880859375 0.408203125 0.107421875 0.11328125
1 0.466796875 0.0234375 0.1845703125 0.046875
1 0.3408203125 0.908203125 0.162109375 0.13671875
1 0.7216796875 0.7392578125 0.1298828125 0.0947265625
1 0.599609375 0.3232421875 0.115234375 0.1328125
1 0.1640625 0.0390625 0.11328125 0.0673828125
1 0.1796875 0.5185546875 0.115234375 0.107421875
1 0.091796875 0.8349609375 0.1064453125 0.125
1 0.29296875 0.7529296875 0.1123046875 0.1025390625
1 0.9501953125 0.2392578125 0.08984375 0.0654296875
1 0.09765625 0.4619140625 0.1318359375 0.10546875
1 0.2373046875 0.1796875 0.115234375 0.099609375
1 0.20703125 0.2353515625 0.109375 0.1123046875
1 0.8251953125 0.70703125 0.1923828125 0.10546875
1 0.0625 0.36328125 0.1025390625 0.056640625
1 0.9423828125 0.134765625 0.115234375 0.1025390625
1 0.68359375 0.9443359375 0.107421875 0.0947265625
1 0.0390625 0.9609375 0.0791015625 0.078125
1 0.1005859375 0.0947265625 0.0859375 0.091796875
1 0.2158203125 0.0869140625 0.083984375 0.0693359375
1 0.552734375 0.142578125 0.1162109375 0.0634765625
