1 0.46484375 0.134765625 0.0693359375 0.1015625
1 0.3876953125 0.171875 0.060546875 0.0849609375
1 0.3798828125 0.2451171875 0.072265625 0.080078125
1 0.4443359375 0.2978515625 0.07421875 0.109375
1 0.57421875 0.322265625 0.0615234375 0.09765625
1 0.5185546875 0.3955078125 0.0693359375 0.0986328125
1 0.4365234375 0.4267578125 0.0576171875 0.1201171875
1 0.466796875 0.44140625 0.048828125 0.0810546875
1 0.248046875 0.37109375 0.05859375 0.0673828125
1 0.1767578125 0.2734375 0.0654296875 0.103515625
1 0.07421875 0.3037109375 0.0908203125 0.119140625
1 0.0185546875 0.140625 0.037109375 0.0810546875
1 0.0107421875 0.0478515625 0.021484375 0.05859375
1 0.236328125 0.03125 0.1005859375 0.0625
1 0.40234375 0.013671875 0.0634765625 0.0283203125
1 0.61328125 0.0185546875 0.0693359375 0.037109375
1 0.5703125 0.0673828125 0.10546875 0.0654296875
1 0.81640625 0.02734375 0.1015625 0.0546875
1 0.94921875 0.130859375 0.0751953125 0.09375
1 0.6376953125 0.1611328125 0.0517578125 0.091796875
1 0.6162109375 0.240234375 0.072265625 0.1318359375
1 0.888671875 0.3388671875 0.0810546875 0.1083984375
1 0.8408203125 0.3828125 0.0927734375 0.095703125
1 0.82421875 0.4501953125 0.115234375 0.1220703125
1 0.8125 0.5361328125 0.076171875 0.07421875
1 0.9248046875 0.556640625 0.0859375 0.0693359375
1 0.7021484375 0.5546875 0.068359375 0.0947265625
1 0.5322265625 0.5791015625 0.1025390625 0.0634765625
1 0.541015625 0.7021484375 0.0712890625 0.064453125
1 0.7734375 0.7666015625 0.078125 0.095703125
1 0.75390625 0.6103515625 0.0576171875 0.0556640625
1 0.9609375 0.9521484375 0.068359375 0.0947265625
1 0.7890625 0.9775390625 0.078125 0.0439453125
1 0.5830078125 0.9267578125 0.0654296875 0.05859375
1 0.673828125 0.8681640625 0.046875 0.0654296875
1 0.498046875 0.8310546875 0.078125 0.1181640625
1 0.462890625 0.8857421875 0.0673828125 0.0673828125
1 0.3369140625 0.8466796875 0.078125 0.1123046875
1 0.337890625 0.95703125 0.0693359375 0.0703125
1 0.3984375 0.9638671875 0.05078125 0.0556640625
1 0.0244140625 0.8583984375 0.0498046875 0.08984375
1 0.1435546875 0.810546875 0.09765625 0.07421875
1 0.03125 0.6513671875 0.0625 0.0703125
1 0.02734375 0.5546875 0.0546875 0.095703125
1 0.1748046875 0.576171875 0.08984375 0.0810546875
1 0.224609375 0.482421875 0.076171875 0.076171875
1 0.1279296875 0.4658203125 0.064453125 0.087890625
1 0.0068359375 0.470703125 0.0146484375 0.08203125
1 0.05078125 0.9775390625 0.078125 0.044921875
1 0.0234375 0.923828125 0.046875 0.0546875
1 0.376953125 0.6328125 0.0830078125 0.0693359375
1 0.3076171875 0.693359375 0.0927734375 0.0615234375
1 0.94140625 0.3984375 0.0673828125 0.0380859375
1 0.806640625 0.05078125 0.0810546875 0.1025390625
1 0.185546875 0.818359375 0.0439453125 0.0634765625
