1 0.078125 0.9765625 0.0595703125 0.0458984375
1 0.0234375 0.8291015625 0.046875 0.0654296875
1 0.0966796875 0.8115234375 0.06640625 0.0849609375
1 0.19921875 0.9775390625 0.072265625 0.0439453125
1 0.248046875 0.88671875 0.06640625 0.0546875
1 0.2080078125 0.849609375 0.0712890625 0.0595703125
1 0.36328125 0.88671875 0.076171875 0.07421875
1 0.3466796875 0.9716796875 0.0732421875 0.056640625
1 0.4775390625 0.955078125 0.06640625 0.05859375
1 0.6005859375 0.896484375 0.07421875 0.091796875
1 0.9580078125 0.9755859375 0.05859375 0.048828125
1 0.9921875 0.947265625 0.0146484375 0.0703125
1 0.9658203125 0.9208984375 0.0673828125 0.0595703125
1 0.837890625 0.8359375 0.0751953125 0.0888671875
1 0.3984375 0.802734375 0.1826171875 0.1416015625
1 0.4921875 0.7333984375 0.0673828125 0.0693359375
1 0.373046875 0.5712890625 0.076171875 0.1181640625
1 0.435546875 0.5146484375 0.0712890625 0.0712890625
1 0.513671875 0.52734375 0.0927734375 0.0556640625
1 0.5 0.568359375 0.0595703125 0.0703125
1 0.5908203125 0.546875 0.0625 0.0693359375
1 0.6103515625 0.59765625 0.0615234375 0.080078125
1 0.6865234375 0.6357421875 0.0771484375 0.0625
1 0.1572265625 0.5380859375 0.0703125 0.078125
1 0.0283203125 0.533203125 0.0556640625 0.05859375
1 0.2734375 0.46875 0.0859375 0.099609375
1 0.2177734375 0.478515625 0.05859375 0.0634765625
1 0.287109375 0.4228515625 0.0673828125 0.056640625
1 0.0634765625 0.4140625 0.0634765625 0.06640625
1 0.0283203125 0.44140625 0.056640625 0.0654296875
1 0.294921875 0.2470703125 0.09375 0.07421875
1 0.5283203125 0.28515625 0.0556640625 0.05078125
1 0.5380859375 0.3994140625 0.0830078125 0.0498046875
1 0.49609375 0.431640625 0.0732421875 0.056640625
1 0.62109375 0.4765625 0.0771484375 0.087890625
1 0.373046875 0.1298828125 0.0732421875 0.056640625
1 0.3017578125 0.0224609375 0.0654296875 0.0458984375
1 0.8720703125 0.0419921875 0.1376953125 0.0849609375
1 0.9111328125 0.1240234375 0.068359375 0.0625
1 0.8720703125 0.4072265625 0.0712890625 0.072265625
1 0.90234375 0.615234375 0.080078125 0.08203125
1 0.380859375 0.4921875 0.0517578125 0.05078125
1 0.3359375 0.640625 0.134765625 0.130859375
1 0.0517578125 0.98828125 0.072265625 0.0224609375
1 0.1630859375 0.583984375 0.0830078125 0.044921875
1 0.9853515625 0.1298828125 0.029296875 0.060546875
1 0.48828125 0.6474609375 0.03125 0.0576171875
