1 0.8056640625 0.2529296875 0.1220703125 0.08203125
1 0.1279296875 0.546875 0.126953125 0.10546875
1 0.0546875 0.3076171875 0.109375 0.0869140625
1 0.6171875 0.5771484375 0.1259765625 0.17578125
1 0.2021484375 0.4169921875 0.109375 0.095703125
1 0.494140625 0.1015625 0.08984375 0.1298828125
1 0.34375 0.7509765625 0.0751953125 0.087890625
1 0.8759765625 0.138671875 0.17578125 0.09765625
1 0.0927734375 0.4638671875 0.177734375 0.0927734375
1 0.912109375 0.6904296875 0.17578125 0.1318359375
1 0.697265625 0.7216796875 0.1533203125 0.0810546875
1 0.8271484375 0.9111328125 0.2099609375 0.16796875
1 0.8818359375 0.400390625 0.1923828125 0.10546875
1 0.2431640625 0.1337890625 0.1796875 0.1044921875
1 0.626953125 0.23828125 0.109375 0.09765625
1 0.3193359375 0.1982421875 0.080078125 0.068359375
1 0.0654296875 0.931640625 0.0703125 0.0693359375
1 0.63671875 0.1005859375 0.16015625 0.0673828125
1 0.0986328125 0.39453125 0.0791015625 0.0869140625
1 0.685546875 0.0380859375 0.197265625 0.0771484375
1 0.6201171875 0.7578125 0.2021484375 0.1181640625
1 0.0927734375 0.6884765625 0.1083984375 0.087890625
1 0.79296875 0.5244140625 0.177734375 0.125
1 0.5576171875 0.1474609375 0.0859375 0.076171875
1 0.8525390625 0.576171875 0.14453125 0.0986328125
1 0.5869140625 0.3369140625 0.14453125 0.1650390625
