1 0.59375 0.091796875 0.0849609375 0.0947265625
1 0.7451171875 0.412109375 0.0673828125 0.0703125
1 0.85546875 0.412109375 0.0771484375 0.064453125
1 0.57421875 0.3955078125 0.0751953125 0.072265625
1 0.6171875 0.599609375 0.091796875 0.0869140625
1 0.85546875 0.31640625 0.0830078125 0.1201171875
1 0.8251953125 0.744140625 0.078125 0.099609375
1 0.8740234375 0.1064453125 0.0751953125 0.1298828125
1 0.7080078125 0.33203125 0.072265625 0.0859375
1 0.7919921875 0.9541015625 0.0546875 0.0556640625
1 0.81640625 0.658203125 0.0859375 0.080078125
1 0.8623046875 0.896484375 0.109375 0.0654296875
1 0.8876953125 0.2041015625 0.0693359375 0.037109375
1 0.80078125 0.314453125 0.068359375 0.064453125
1 0.6435546875 0.52734375 0.0810546875 0.080078125
