1 0.8896484375 0.73046875 0.1298828125 0.1279296875
1 0.1171875 0.3203125 0.064453125 0.060546875
1 0.3505859375 0.1318359375 0.08984375 0.0712890625
1 0.0908203125 0.9228515625 0.0673828125 0.060546875
1 0.228515625 0.755859375 0.09765625 0.0810546875
1 0.546875 0.6484375 0.140625 0.08203125
1 0.46875 0.54296875 0.2158203125 0.1396484375
1 0.5947265625 0.4052734375 0.169921875 0.166015625
1 0.0361328125 0.279296875 0.0732421875 0.1083984375
1 0.2431640625 0.1806640625 0.16796875 0.0849609375
1 0.0263671875 0.5029296875 0.0537109375 0.1005859375
1 0.865234375 0.9091796875 0.111328125 0.087890625
1 0.3896484375 0.2431640625 0.15625 0.119140625
1 0.697265625 0.970703125 0.126953125 0.05859375
1 0.3359375 0.779296875 0.1279296875 0.0703125
1 0.3857421875 0.9794921875 0.0966796875 0.0400390625
1 0.2392578125 0.3759765625 0.1787109375 0.0849609375
1 0.126953125 0.765625 0.1171875 0.1171875
1 0.2724609375 0.3271484375 0.087890625 0.0576171875
1 0.384765625 0.7451171875 0.1708984375 0.0615234375
1 0.02734375 0.8837890625 0.0556640625 0.0751953125
1 0.9638671875 0.912109375 0.072265625 0.0634765625
1 0.984375 0.859375 0.03125 0.041015625
1 0.9345703125 0.9326171875 0.1279296875 0.1318359375
1 0.986328125 0.7041015625 0.0263671875 0.087890625
1 0.6064453125 0.77734375 0.060546875 0.08984375
1 0.6669921875 0.7275390625 0.0771484375 0.0595703125
1 0.1083984375 0.9677734375 0.0693359375 0.0634765625
1 0.111328125 0.271484375 0.072265625 0.060546875
