1 0.0849609375 0.0576171875 0.1357421875 0.115234375
1 0.2099609375 0.0205078125 0.1025390625 0.0419921875
1 0.2177734375 0.2548828125 0.0830078125 0.0673828125
1 0.1669921875 0.3955078125 0.0654296875 0.0849609375
1 0.1484375 0.72265625 0.064453125 0.060546875
1 0.30859375 0.734375 0.05078125 0.08203125
1 0.025390625 0.90625 0.05078125 0.080078125
1 0.36328125 0.2255859375 0.115234375 0.0498046875
1 0.3193359375 0.26953125 0.0654296875 0.0517578125
1 0.4794921875 0.36328125 0.1728515625 0.0439453125
1 0.501953125 0.2744140625 0.140625 0.115234375
1 0.546875 0.291015625 0.08984375 0.103515625
1 0.67578125 0.423828125 0.0751953125 0.0498046875
1 0.7705078125 0.5556640625 0.072265625 0.0419921875
1 0.828125 0.544921875 0.064453125 0.0966796875
1 0.8837890625 0.62890625 0.083984375 0.1005859375
1 0.9111328125 0.8486328125 0.123046875 0.0478515625
1 0.939453125 0.76171875 0.1201171875 0.078125
1 0.5771484375 0.9755859375 0.0751953125 0.0478515625
1 0.6943359375 0.974609375 0.06640625 0.05078125
1 0.380859375 0.8349609375 0.0546875 0.078125
1 0.4658203125 0.8720703125 0.1015625 0.0478515625
1 0.5517578125 0.814453125 0.1484375 0.07421875
1 0.66796875 0.884765625 0.046875 0.052734375
1 0.7275390625 0.7607421875 0.09765625 0.119140625
1 0.5546875 0.693359375 0.09765625 0.056640625
1 0.666015625 0.7236328125 0.0947265625 0.0654296875
1 0.328125 0.869140625 0.1240234375 0.0771484375
1 0.3701171875 0.9677734375 0.060546875 0.0576171875
1 0.708984375 0.314453125 0.0859375 0.1103515625
1 0.751953125 0.18359375 0.0830078125 0.1044921875
1 0.85546875 0.23046875 0.1025390625 0.0791015625
1 0.689453125 0.1005859375 0.072265625 0.115234375
1 0.7529296875 0.0654296875 0.0517578125 0.0908203125
1 0.46484375 0.060546875 0.0537109375 0.1220703125
1 0.9541015625 0.1650390625 0.0673828125 0.072265625
1 0.9443359375 0.298828125 0.060546875 0.0546875
1 0.7763671875 0.28125 0.0908203125 0.0537109375
1 0.7919921875 0.4228515625 0.0693359375 0.0439453125
1 0.7744140625 0.3544921875 0.15234375 0.05859375
1 0.40234375 0.6767578125 0.16015625 0.068359375
1 0.4482421875 0.927734375 0.0791015625 0.0634765625
1 0.43359375 0.8017578125 0.0703125 0.0673828125
1 0.9326171875 0.91015625 0.0693359375 0.0849609375
