1 0.01953125 0.9658203125 0.0400390625 0.068359375
1 0.1787109375 0.8974609375 0.0849609375 0.0693359375
1 0.3427734375 0.9833984375 0.0791015625 0.0322265625
1 0.37109375 0.9296875 0.0986328125 0.125
1 0.310546875 0.84375 0.0693359375 0.0869140625
1 0.38671875 0.8115234375 0.095703125 0.068359375
1 0.4951171875 0.9716796875 0.0849609375 0.056640625
1 0.5986328125 0.9462890625 0.0654296875 0.09765625
1 0.537109375 0.892578125 0.08203125 0.0654296875
1 0.642578125 0.916015625 0.0517578125 0.0556640625
1 0.9765625 0.833984375 0.0458984375 0.060546875
1 0.6962890625 0.8876953125 0.0595703125 0.0625
1 0.720703125 0.81640625 0.068359375 0.083984375
1 0.7001953125 0.76171875 0.0859375 0.078125
1 0.7509765625 0.7431640625 0.06640625 0.0859375
1 0.7861328125 0.912109375 0.0869140625 0.0771484375
1 0.931640625 0.95703125 0.0849609375 0.0830078125
1 0.9287109375 0.8974609375 0.1376953125 0.0625
1 0.9365234375 0.837890625 0.0986328125 0.08984375
1 0.8779296875 0.76953125 0.1396484375 0.0810546875
1 0.859375 0.6748046875 0.064453125 0.05859375
1 0.865234375 0.62109375 0.0791015625 0.0712890625
1 0.9169921875 0.619140625 0.056640625 0.0625
1 0.572265625 0.6318359375 0.0576171875 0.0625
1 0.3955078125 0.55859375 0.0986328125 0.060546875
1 0.474609375 0.521484375 0.0830078125 0.0673828125
1 0.439453125 0.4482421875 0.0615234375 0.0947265625
1 0.2783203125 0.4853515625 0.068359375 0.08984375
1 0.0419921875 0.5498046875 0.0849609375 0.0478515625
1 0.1064453125 0.5859375 0.08984375 0.0712890625
1 0.1513671875 0.5361328125 0.064453125 0.0625
1 0.185546875 0.5634765625 0.0927734375 0.0615234375
1 0.244140625 0.2490234375 0.1162109375 0.1494140625
1 0.3232421875 0.2265625 0.0791015625 0.0634765625
1 0.205078125 0.3369140625 0.0751953125 0.0654296875
1 0.185546875 0.373046875 0.0966796875 0.0712890625
1 0.3515625 0.0146484375 0.0869140625 0.0302734375
1 0.3994140625 0.04296875 0.099609375 0.0869140625
1 0.427734375 0.0166015625 0.091796875 0.0341796875
1 0.447265625 0.060546875 0.0986328125 0.0546875
1 0.4814453125 0.021484375 0.0830078125 0.04296875
1 0.455078125 0.1376953125 0.0751953125 0.0947265625
1 0.498046875 0.1494140625 0.048828125 0.0615234375
1 0.5751953125 0.1171875 0.076171875 0.0810546875
1 0.5068359375 0.27734375 0.0693359375 0.05859375
1 0.5322265625 0.3505859375 0.0927734375 0.095703125
1 0.5126953125 0.43359375 0.0478515625 0.060546875
1 0.66796875 0.3974609375 0.0556640625 0.056640625
1 0.7158203125 0.4794921875 0.0859375 0.0615234375
1 0.8173828125 0.4912109375 0.0673828125 0.056640625
1 0.8310546875 0.353515625 0.0751953125 0.0576171875
1 0.81640625 0.3125 0.0537109375 0.0419921875
1 0.9052734375 0.5029296875 0.0859375 0.05859375
1 0.9052734375 0.251953125 0.0625 0.060546875
1 0.9658203125 0.189453125 0.0595703125 0.0654296875
1 0.8701171875 0.154296875 0.0751953125 0.052734375
1 0.7041015625 0.1142578125 0.0732421875 0.0546875
1 0.740234375 0.0771484375 0.04296875 0.0458984375
1 0.69140625 0.0361328125 0.0625 0.072265625
1 0.7685546875 0.0390625 0.0576171875 0.0576171875
1 0.810546875 0.0947265625 0.0693359375 0.0634765625
1 0.892578125 0.0419921875 0.0654296875 0.0703125
1 0.955078125 0.458984375 0.0732421875 0.0712890625
1 0.98828125 0.07421875 0.0224609375 0.05078125
1 0.9521484375 0.3251953125 0.0517578125 0.0576171875
1 0.26953125 0.97265625 0.05859375 0.0537109375
1 0.9560546875 0.9921875 0.0380859375 0.0146484375
1 0.720703125 0.9833984375 0.029296875 0.033203125
1 0.697265625 0.9833984375 0.0341796875 0.0322265625
1 0.6787109375 0.9814453125 0.033203125 0.0361328125
1 0.8408203125 0.9931640625 0.0478515625 0.013671875
1 0.8173828125 0.9853515625 0.05859375 0.0283203125
1 0.8251953125 0.970703125 0.04296875 0.025390625
1 0.01171875 0.3330078125 0.0234375 0.072265625
