1 0.03125 0.0888671875 0.0634765625 0.076171875
1 0.556640625 0.056640625 0.08984375 0.0849609375
1 0.8466796875 0.0615234375 0.1123046875 0.0751953125
1 0.658203125 0.658203125 0.09765625 0.08203125
1 0.7939453125 0.171875 0.1005859375 0.0751953125
1 0.8330078125 0.36328125 0.09765625 0.09765625
1 0.6650390625 0.39453125 0.1083984375 0.0927734375
1 0.91015625 0.3037109375 0.1025390625 0.0947265625
1 0.9521484375 0.470703125 0.08984375 0.078125
1 0.75390625 0.025390625 0.107421875 0.0517578125
1 0.7744140625 0.5078125 0.1298828125 0.1220703125
1 0.359375 0.859375 0.0576171875 0.125
1 0.6259765625 0.291015625 0.0693359375 0.06640625
1 0.57421875 0.5947265625 0.0771484375 0.0849609375
