1 0.21875 0.203125 0.0654296875 0.109375
1 0.1455078125 0.361328125 0.068359375 0.0751953125
1 0.05859375 0.3525390625 0.0927734375 0.0732421875
1 0.224609375 0.4228515625 0.0703125 0.0634765625
1 0.1640625 0.53125 0.0625 0.0732421875
1 0.2705078125 0.552734375 0.0908203125 0.083984375
1 0.4287109375 0.462890625 0.080078125 0.064453125
1 0.3681640625 0.6044921875 0.0732421875 0.0673828125
1 0.52734375 0.359375 0.0634765625 0.1044921875
1 0.4736328125 0.365234375 0.0615234375 0.0947265625
1 0.578125 0.62890625 0.0888671875 0.103515625
1 0.65234375 0.658203125 0.0712890625 0.060546875
1 0.0390625 0.8642578125 0.0537109375 0.076171875
1 0.21484375 0.943359375 0.087890625 0.07421875
1 0.5263671875 0.912109375 0.099609375 0.0654296875
1 0.80859375 0.955078125 0.087890625 0.0673828125
1 0.8759765625 0.92578125 0.064453125 0.080078125
1 0.7744140625 0.9189453125 0.0576171875 0.0546875
1 0.912109375 0.9599609375 0.0888671875 0.076171875
1 0.9716796875 0.9140625 0.056640625 0.0712890625
1 0.8779296875 0.6630859375 0.0947265625 0.0712890625
1 0.9580078125 0.5908203125 0.0830078125 0.0712890625
1 0.890625 0.5283203125 0.091796875 0.0830078125
1 0.95703125 0.521484375 0.0849609375 0.068359375
1 0.69921875 0.4912109375 0.0625 0.0830078125
1 0.7080078125 0.3662109375 0.0556640625 0.0771484375
1 0.7568359375 0.3603515625 0.0576171875 0.0830078125
1 0.8466796875 0.3837890625 0.0654296875 0.0869140625
1 0.9453125 0.3876953125 0.0830078125 0.080078125
1 0.9111328125 0.32421875 0.0849609375 0.06640625
1 0.9638671875 0.25390625 0.0712890625 0.1201171875
1 0.5087890625 0.8720703125 0.0810546875 0.072265625
1 0.865234375 0.4775390625 0.087890625 0.0732421875
1 0.138671875 0.98828125 0.0498046875 0.0234375
1 0.7001953125 0.8916015625 0.056640625 0.0615234375
