1 0.0166015625 0.900390625 0.0341796875 0.05859375
1 0.0654296875 0.9140625 0.0673828125 0.1015625
1 0.1318359375 0.9619140625 0.0625 0.0751953125
1 0.203125 0.9658203125 0.0712890625 0.068359375
1 0.30859375 0.9775390625 0.056640625 0.0439453125
1 0.1044921875 0.7548828125 0.0654296875 0.0703125
1 0.12109375 0.65234375 0.0732421875 0.0634765625
1 0.1025390625 0.5341796875 0.06640625 0.0625
1 0.03515625 0.421875 0.0615234375 0.068359375
1 0.0517578125 0.34765625 0.056640625 0.09375
1 0.1787109375 0.3291015625 0.0615234375 0.0693359375
1 0.099609375 0.3388671875 0.0517578125 0.1162109375
1 0.2392578125 0.2685546875 0.046875 0.0546875
1 0.310546875 0.24609375 0.076171875 0.1015625
1 0.052734375 0.1171875 0.0693359375 0.060546875
1 0.013671875 0.0537109375 0.0283203125 0.0771484375
1 0.5625 0.0439453125 0.068359375 0.0673828125
1 0.6171875 0.1064453125 0.06640625 0.0654296875
1 0.73828125 0.0478515625 0.0830078125 0.0673828125
1 0.7724609375 0.1044921875 0.076171875 0.0498046875
1 0.6650390625 0.03125 0.06640625 0.0634765625
1 0.640625 0.251953125 0.1103515625 0.0576171875
1 0.5517578125 0.216796875 0.0546875 0.0625
1 0.546875 0.3076171875 0.078125 0.0849609375
1 0.67578125 0.3515625 0.068359375 0.072265625
1 0.7802734375 0.34375 0.068359375 0.0693359375
1 0.8173828125 0.291015625 0.0888671875 0.068359375
1 0.9375 0.2001953125 0.12109375 0.0888671875
1 0.919921875 0.0244140625 0.0859375 0.0498046875
1 0.3798828125 0.4052734375 0.080078125 0.083984375
1 0.390625 0.3505859375 0.0556640625 0.083984375
1 0.533203125 0.451171875 0.091796875 0.05078125
1 0.341796875 0.4814453125 0.0625 0.052734375
1 0.3603515625 0.5439453125 0.0888671875 0.0732421875
1 0.3994140625 0.4912109375 0.0654296875 0.0732421875
1 0.5087890625 0.525390625 0.0966796875 0.06640625
1 0.779296875 0.470703125 0.0673828125 0.0732421875
1 0.53125 0.595703125 0.056640625 0.0537109375
1 0.28125 0.671875 0.0869140625 0.056640625
1 0.2490234375 0.736328125 0.0634765625 0.0400390625
1 0.2021484375 0.7666015625 0.0693359375 0.0673828125
1 0.453125 0.771484375 0.0830078125 0.05078125
1 0.4111328125 0.833984375 0.0576171875 0.0751953125
1 0.4404296875 0.9482421875 0.12109375 0.06640625
1 0.015625 0.9873046875 0.03125 0.0244140625
1 0.6640625 0.9560546875 0.078125 0.0830078125
1 0.611328125 0.9853515625 0.072265625 0.0283203125
1 0.7294921875 0.8408203125 0.0546875 0.078125
1 0.60546875 0.841796875 0.103515625 0.0830078125
1 0.9169921875 0.9248046875 0.1005859375 0.060546875
1 0.8828125 0.765625 0.0849609375 0.0556640625
1 0.703125 0.619140625 0.0771484375 0.048828125
1 0.890625 0.6552734375 0.0703125 0.05859375
1 0.9267578125 0.5751953125 0.05859375 0.0478515625
1 0.9375 0.5078125 0.07421875 0.072265625
1 0.5859375 0.623046875 0.044921875 0.1005859375
1 0.6318359375 0.6298828125 0.060546875 0.099609375
1 0.8603515625 0.3876953125 0.115234375 0.06640625
1 0.97265625 0.388671875 0.0537109375 0.0615234375
