1 0.248046875 0.83203125 0.1328125 0.080078125
1 0.6123046875 0.4208984375 0.150390625 0.087890625
1 0.6796875 0.8818359375 0.140625 0.0927734375
1 0.6796875 0.5146484375 0.125 0.080078125
1 0.1240234375 0.7919921875 0.1103515625 0.0703125
1 0.0732421875 0.646484375 0.09765625 0.0693359375
1 0.23828125 0.58203125 0.13671875 0.064453125
1 0.8486328125 0.6884765625 0.197265625 0.087890625
1 0.7841796875 0.560546875 0.1298828125 0.0673828125
1 0.3203125 0.4638671875 0.1123046875 0.0654296875
1 0.06640625 0.287109375 0.0849609375 0.109375
1 0.029296875 0.923828125 0.0595703125 0.0654296875
1 0.357421875 0.2314453125 0.16015625 0.0751953125
1 0.173828125 0.703125 0.1845703125 0.078125
1 0.8837890625 0.3818359375 0.1650390625 0.0849609375
1 0.0205078125 0.373046875 0.0419921875 0.08203125
1 0.3134765625 0.1044921875 0.162109375 0.140625
1 0.103515625 0.5107421875 0.0625 0.056640625
1 0.408203125 0.3916015625 0.203125 0.0751953125
1 0.5751953125 0.3564453125 0.1572265625 0.0654296875
1 0.8701171875 0.9833984375 0.0830078125 0.033203125
1 0.3583984375 0.8681640625 0.158203125 0.171875
1 0.57421875 0.9296875 0.1201171875 0.0703125
1 0.033203125 0.1552734375 0.0673828125 0.1376953125
1 0.810546875 0.1416015625 0.15234375 0.1396484375
1 0.6611328125 0.2265625 0.150390625 0.0703125
1 0.5556640625 0.96875 0.1474609375 0.0625
1 0.2890625 0.0400390625 0.1298828125 0.0478515625
1 0.845703125 0.9365234375 0.1875 0.0693359375
1 0.37109375 0.95703125 0.1328125 0.0859375
1 0.6396484375 0.283203125 0.125 0.052734375
1 0.931640625 0.9609375 0.0849609375 0.072265625
1 0.4423828125 0.1396484375 0.125 0.08984375
1 0.53125 0.1923828125 0.2197265625 0.080078125
1 0.42578125 0.0341796875 0.08203125 0.0595703125
1 0.7119140625 0.1064453125 0.2001953125 0.1005859375
1 0.0302734375 0.8466796875 0.0068359375 0.078125
1 0.400390625 0.306640625 0.1767578125 0.0751953125
1 0.57421875 0.103515625 0.1650390625 0.107421875
1 0.580078125 0.13671875 0.1728515625 0.0751953125
1 0.958984375 0.08203125 0.0751953125 0.080078125
1 0.3994140625 0.966796875 0.0849609375 0.0654296875
1 0.3193359375 0.0166015625 0.0947265625 0.0302734375
1 0.521484375 0.30078125 0.1396484375 0.08203125
1 0.6796875 0.42578125 0.0546875 0.052734375
1 0.330078125 0.484375 0.1376953125 0.0703125
1 0.982421875 0.4775390625 0.03515625 0.0478515625
1 0.96875 0.5830078125 0.0625 0.0625
1 0.05859375 0.015625 0.0869140625 0.0302734375
1 0.037109375 0.2109375 0.0703125 0.072265625
1 0.8740234375 0.9306640625 0.1298828125 0.1025390625
