1 0.3291015625 0.1181640625 0.0849609375 0.1171875
1 0.6865234375 0.3779296875 0.1142578125 0.09765625
1 0.8525390625 0.3671875 0.0908203125 0.125
1 0.51171875 0.044921875 0.080078125 0.08984375
1 0.087890625 0.0546875 0.15234375 0.109375
1 0.1435546875 0.607421875 0.1171875 0.0732421875
1 0.6396484375 0.7822265625 0.134765625 0.08984375
1 0.5390625 0.7900390625 0.0908203125 0.1025390625
1 0.5146484375 0.912109375 0.109375 0.109375
1 0.4404296875 0.7451171875 0.0849609375 0.0966796875
1 0.8046875 0.7744140625 0.08984375 0.080078125
1 0.9755859375 0.390625 0.0478515625 0.0673828125
1 0.337890625 0.8515625 0.0732421875 0.0693359375
1 0.46875 0.130859375 0.0751953125 0.072265625
1 0.873046875 0.8115234375 0.076171875 0.046875
