1 0.0234375 0.8935546875 0.0478515625 0.072265625
1 0.01953125 0.5234375 0.0390625 0.0947265625
1 0.0283203125 0.7509765625 0.0576171875 0.0595703125
1 0.078125 0.765625 0.0595703125 0.0625
1 0.1142578125 0.5693359375 0.1005859375 0.0810546875
1 0.2236328125 0.685546875 0.06640625 0.08984375
1 0.2294921875 0.830078125 0.0595703125 0.0595703125
1 0.166015625 0.4091796875 0.083984375 0.125
1 0.2236328125 0.52734375 0.0732421875 0.0673828125
1 0.3046875 0.517578125 0.078125 0.130859375
1 0.314453125 0.3759765625 0.0732421875 0.125
1 0.3564453125 0.298828125 0.0849609375 0.1142578125
1 0.203125 0.21875 0.0859375 0.1513671875
1 0.474609375 0.974609375 0.0751953125 0.0498046875
1 0.3896484375 0.9541015625 0.06640625 0.0546875
1 0.3310546875 0.9423828125 0.0546875 0.05078125
1 0.6083984375 0.9658203125 0.0556640625 0.068359375
1 0.693359375 0.9189453125 0.0615234375 0.0888671875
1 0.8603515625 0.818359375 0.1064453125 0.1083984375
1 0.7841796875 0.8271484375 0.0673828125 0.0576171875
1 0.76171875 0.7529296875 0.0615234375 0.06640625
1 0.6455078125 0.7587890625 0.08984375 0.0732421875
1 0.5126953125 0.75390625 0.0673828125 0.06640625
1 0.453125 0.767578125 0.05078125 0.064453125
1 0.9736328125 0.84375 0.052734375 0.1083984375
1 0.9619140625 0.75390625 0.060546875 0.05859375
1 0.697265625 0.6083984375 0.0703125 0.07421875
1 0.873046875 0.6982421875 0.0615234375 0.0654296875
1 0.830078125 0.6513671875 0.056640625 0.0625
1 0.7841796875 0.6142578125 0.0595703125 0.0556640625
1 0.7353515625 0.5498046875 0.0400390625 0.0966796875
1 0.6376953125 0.5234375 0.0849609375 0.072265625
1 0.5078125 0.5625 0.0537109375 0.0576171875
1 0.4296875 0.5263671875 0.068359375 0.0712890625
1 0.8525390625 0.5234375 0.0634765625 0.1171875
1 0.9306640625 0.564453125 0.0673828125 0.0927734375
1 0.9501953125 0.419921875 0.0986328125 0.1015625
1 0.583984375 0.69921875 0.0732421875 0.0576171875
1 0.13671875 0.9248046875 0.0439453125 0.068359375
1 0.27734375 0.7587890625 0.060546875 0.056640625
1 0.1865234375 0.783203125 0.052734375 0.083984375
1 0.931640625 0.501953125 0.06640625 0.0908203125
1 0.9775390625 0.62890625 0.0419921875 0.048828125
1 0.7578125 0.564453125 0.0244140625 0.0546875
1 0.1337890625 0.6455078125 0.0546875 0.0498046875
1 0.8564453125 0.984375 0.0625 0.03125
1 0.7109375 0.986328125 0.0400390625 0.02734375
1 0.01171875 0.9814453125 0.0244140625 0.03515625
1 0.0869140625 0.4423828125 0.06640625 0.0859375
1 0.009765625 0.6767578125 0.01953125 0.046875
1 0.4755859375 0.6630859375 0.0498046875 0.033203125
1 0.43359375 0.65625 0.04296875 0.0361328125
