1 0.033203125 0.025390625 0.06640625 0.0498046875
1 0.064453125 0.099609375 0.0625 0.107421875
1 0.0283203125 0.1806640625 0.0576171875 0.068359375
1 0.046875 0.3369140625 0.09375 0.111328125
1 0.099609375 0.404296875 0.0625 0.072265625
1 0.1708984375 0.3046875 0.08203125 0.0654296875
1 0.2734375 0.1796875 0.0908203125 0.0849609375
1 0.2119140625 0.0908203125 0.1123046875 0.078125
1 0.3291015625 0.0732421875 0.0771484375 0.0908203125
1 0.6572265625 0.01953125 0.10546875 0.0390625
1 0.6748046875 0.0556640625 0.1015625 0.0615234375
1 0.677734375 0.1044921875 0.07421875 0.072265625
1 0.740234375 0.1611328125 0.1025390625 0.0703125
1 0.611328125 0.2578125 0.1064453125 0.0810546875
1 0.3505859375 0.2314453125 0.1123046875 0.078125
1 0.435546875 0.2431640625 0.0634765625 0.080078125
1 0.8857421875 0.1337890625 0.083984375 0.044921875
1 0.8896484375 0.0869140625 0.111328125 0.0712890625
1 0.93359375 0.0322265625 0.078125 0.064453125
1 0.9697265625 0.0830078125 0.0595703125 0.0654296875
1 0.9609375 0.1826171875 0.0771484375 0.09375
1 0.8916015625 0.263671875 0.0771484375 0.1416015625
1 0.8369140625 0.26953125 0.091796875 0.060546875
1 0.5673828125 0.349609375 0.0654296875 0.1025390625
1 0.62109375 0.45703125 0.0693359375 0.0966796875
1 0.4697265625 0.498046875 0.1025390625 0.1279296875
1 0.6005859375 0.5849609375 0.1396484375 0.0703125
1 0.8505859375 0.4248046875 0.0654296875 0.1337890625
1 0.9287109375 0.4453125 0.0771484375 0.080078125
1 0.8916015625 0.556640625 0.11328125 0.068359375
1 0.7001953125 0.662109375 0.078125 0.0537109375
1 0.78515625 0.6533203125 0.0927734375 0.080078125
1 0.552734375 0.7314453125 0.056640625 0.11328125
1 0.6123046875 0.7431640625 0.044921875 0.05859375
1 0.65625 0.72265625 0.07421875 0.0546875
1 0.759765625 0.7265625 0.1171875 0.0625
1 0.7548828125 0.8388671875 0.107421875 0.0966796875
1 0.642578125 0.80078125 0.0830078125 0.0908203125
1 0.5712890625 0.8994140625 0.0908203125 0.09765625
1 0.4482421875 0.83984375 0.1025390625 0.0615234375
1 0.3994140625 0.7607421875 0.11328125 0.0771484375
1 0.3720703125 0.5439453125 0.056640625 0.095703125
1 0.3984375 0.658203125 0.0634765625 0.0615234375
1 0.4794921875 0.62109375 0.0546875 0.0546875
1 0.3232421875 0.4521484375 0.083984375 0.0947265625
1 0.3828125 0.37890625 0.078125 0.0654296875
1 0.2568359375 0.541015625 0.0908203125 0.0849609375
1 0.251953125 0.5888671875 0.0771484375 0.064453125
1 0.1318359375 0.595703125 0.0751953125 0.0849609375
1 0.185546875 0.6044921875 0.0654296875 0.080078125
1 0.06640625 0.70703125 0.076171875 0.0673828125
1 0.0859375 0.646484375 0.083984375 0.0546875
1 0.1484375 0.703125 0.0927734375 0.0654296875
1 0.2080078125 0.8076171875 0.06640625 0.0693359375
1 0.271484375 0.958984375 0.07421875 0.052734375
1 0.265625 0.9189453125 0.06640625 0.044921875
1 0.1962890625 0.9052734375 0.0810546875 0.072265625
1 0.0830078125 0.8408203125 0.0869140625 0.0693359375
1 0.5322265625 0.171875 0.087890625 0.0634765625
1 0.16015625 0.8173828125 0.0693359375 0.0615234375
