1 0.59375 0.3740234375 0.0673828125 0.080078125
1 0.4404296875 0.2822265625 0.0703125 0.056640625
1 0.962890625 0.05078125 0.0625 0.0732421875
1 0.3662109375 0.2861328125 0.080078125 0.09375
1 0.49609375 0.7373046875 0.048828125 0.0986328125
1 0.0810546875 0.8037109375 0.1240234375 0.068359375
1 0.3486328125 0.1513671875 0.0888671875 0.0654296875
1 0.66015625 0.3408203125 0.041015625 0.0693359375
1 0.03515625 0.0703125 0.0703125 0.0556640625
1 0.62890625 0.0263671875 0.0439453125 0.0537109375
1 0.92578125 0.0908203125 0.0380859375 0.0703125
1 0.662109375 0.044921875 0.0498046875 0.0830078125
1 0.2841796875 0.0283203125 0.0478515625 0.056640625
1 0.0302734375 0.2255859375 0.0615234375 0.0751953125
1 0.60546875 0.8203125 0.076171875 0.072265625
1 0.330078125 0.3603515625 0.0693359375 0.041015625
1 0.2275390625 0.9267578125 0.08984375 0.0751953125
1 0.537109375 0.515625 0.0615234375 0.052734375
1 0.75 0.748046875 0.0771484375 0.041015625
1 0.091796875 0.2041015625 0.0625 0.046875
1 0.4423828125 0.9755859375 0.1083984375 0.044921875
1 0.1904296875 0.0673828125 0.0546875 0.0517578125
1 0.01171875 0.6669921875 0.0244140625 0.0595703125
1 0.0322265625 0.1103515625 0.064453125 0.0458984375
1 0.294921875 0.443359375 0.0537109375 0.0517578125
1 0.5126953125 0.271484375 0.052734375 0.0400390625
1 0.2001953125 0.0400390625 0.0556640625 0.0791015625
1 0.734375 0.0888671875 0.0615234375 0.0400390625
1 0.4814453125 0.1064453125 0.056640625 0.0576171875
1 0.1298828125 0.6298828125 0.0458984375 0.0634765625
1 0.595703125 0.5517578125 0.0615234375 0.05859375
1 0.7294921875 0.9716796875 0.064453125 0.056640625
1 0.4306640625 0.7626953125 0.078125 0.025390625
1 0.6396484375 0.517578125 0.0576171875 0.0537109375
1 0.029296875 0.84375 0.056640625 0.0498046875
1 0.095703125 0.537109375 0.0634765625 0.0400390625
1 0.4560546875 0.0634765625 0.068359375 0.060546875
1 0.3037109375 0.890625 0.0703125 0.0537109375
1 0.685546875 0.2236328125 0.0400390625 0.0458984375
1 0.109375 0.9716796875 0.0810546875 0.0517578125
1 0.5478515625 0.4365234375 0.046875 0.0830078125
1 0.1884765625 0.22265625 0.087890625 0.0556640625
1 0.046875 0.150390625 0.0947265625 0.04296875
1 0.806640625 0.224609375 0.0439453125 0.0546875
1 0.9599609375 0.8984375 0.076171875 0.0517578125
1 0.248046875 0.466796875 0.0390625 0.0654296875
1 0.427734375 0.75390625 0.0830078125 0.076171875
1 0.0654296875 0.49609375 0.0693359375 0.0478515625
1 0.2890625 0.4951171875 0.05078125 0.0615234375
1 0.056640625 0.9580078125 0.0615234375 0.0419921875
1 0.0234375 0.4521484375 0.046875 0.0556640625
1 0.796875 0.59765625 0.0693359375 0.0673828125
1 0.9697265625 0.580078125 0.060546875 0.056640625
1 0.8046875 0.7802734375 0.0615234375 0.060546875
1 0.7197265625 0.7578125 0.0556640625 0.0703125
1 0.0771484375 0.435546875 0.087890625 0.060546875
1 0.208984375 0.4482421875 0.0634765625 0.0732421875
1 0.474609375 0.4619140625 0.064453125 0.0576171875
1 0.8935546875 0.8798828125 0.0634765625 0.060546875
1 0.2578125 0.8095703125 0.0615234375 0.0546875
