1 0.9775390625 0.6953125 0.044921875 0.0517578125
1 0.9345703125 0.884765625 0.076171875 0.0771484375
1 0.9130859375 0.5966796875 0.0771484375 0.08984375
1 0.8818359375 0.7041015625 0.080078125 0.1298828125
1 0.939453125 0.3203125 0.115234375 0.1318359375
1 0.81640625 0.234375 0.0556640625 0.1337890625
1 0.88671875 0.0830078125 0.0654296875 0.1474609375
1 0.9677734375 0.484375 0.064453125 0.064453125
1 0.1474609375 0.27734375 0.068359375 0.0927734375
1 0.169921875 0.1640625 0.0634765625 0.0556640625
1 0.150390625 0.5146484375 0.0751953125 0.060546875
1 0.8193359375 0.033203125 0.03515625 0.0625
1 0.0732421875 0.6630859375 0.072265625 0.064453125
