1 0.1484375 0.1728515625 0.0859375 0.22265625
1 0.0546875 0.3623046875 0.1103515625 0.140625
1 0.154296875 0.4140625 0.1181640625 0.111328125
1 0.2412109375 0.3994140625 0.068359375 0.1328125
1 0.0576171875 0.5 0.1162109375 0.1435546875
1 0.310546875 0.419921875 0.1435546875 0.0751953125
1 0.5751953125 0.4306640625 0.068359375 0.11328125
1 0.6796875 0.244140625 0.1162109375 0.1845703125
1 0.658203125 0.392578125 0.115234375 0.078125
1 0.4853515625 0.5751953125 0.087890625 0.103515625
1 0.33984375 0.6650390625 0.076171875 0.0986328125
1 0.07421875 0.6435546875 0.1484375 0.083984375
1 0.0458984375 0.71875 0.0908203125 0.0927734375
1 0.0419921875 0.775390625 0.0849609375 0.0498046875
1 0.26171875 0.75390625 0.1142578125 0.0595703125
1 0.4775390625 0.767578125 0.0830078125 0.1455078125
1 0.5390625 0.712890625 0.068359375 0.0712890625
1 0.6083984375 0.6142578125 0.0625 0.0732421875
1 0.1328125 0.8955078125 0.08203125 0.1103515625
1 0.2783203125 0.970703125 0.083984375 0.05859375
1 0.8359375 0.953125 0.0341796875 0.0380859375
1 0.4951171875 0.9765625 0.0830078125 0.046875
1 0.572265625 0.8974609375 0.072265625 0.0712890625
1 0.751953125 0.8994140625 0.0810546875 0.080078125
1 0.7158203125 0.8515625 0.078125 0.0693359375
1 0.9501953125 0.7705078125 0.0654296875 0.140625
1 0.982421875 0.7138671875 0.03515625 0.1171875
1 0.7763671875 0.439453125 0.0537109375 0.109375
1 0.716796875 0.4375 0.0576171875 0.056640625
1 0.880859375 0.4169921875 0.119140625 0.130859375
1 0.755859375 0.5830078125 0.0712890625 0.0654296875
1 0.609375 0.794921875 0.068359375 0.056640625
1 0.3564453125 0.3837890625 0.056640625 0.0625
1 0.9560546875 0.97265625 0.0400390625 0.0517578125
1 0.8134765625 0.9384765625 0.0380859375 0.0419921875
1 0.419921875 0.7021484375 0.033203125 0.0380859375
1 0.3935546875 0.701171875 0.0439453125 0.044921875
1 0.232421875 0.7109375 0.0771484375 0.0634765625
1 0.1728515625 0.900390625 0.05078125 0.046875
1 0.2060546875 0.9853515625 0.0361328125 0.0283203125
1 0.396484375 0.474609375 0.1005859375 0.0791015625
1 0.3134765625 0.625 0.0537109375 0.0419921875
1 0.365234375 0.4755859375 0.1337890625 0.1611328125
1 0.583984375 0.4833984375 0.0546875 0.04296875
