1 0.5869140625 0.943359375 0.134765625 0.072265625
1 0.2294921875 0.5263671875 0.080078125 0.0947265625
1 0.11328125 0.1513671875 0.1328125 0.2001953125
1 0.337890625 0.4755859375 0.1181640625 0.107421875
1 0.109375 0.93359375 0.0947265625 0.0849609375
1 0.7607421875 0.939453125 0.1171875 0.080078125
1 0.5439453125 0.740234375 0.1044921875 0.0869140625
1 0.7041015625 0.4169921875 0.1005859375 0.0849609375
1 0.408203125 0.640625 0.1025390625 0.09765625
1 0.5791015625 0.2392578125 0.080078125 0.08984375
1 0.2119140625 0.423828125 0.0849609375 0.1103515625
1 0.771484375 0.2666015625 0.1005859375 0.1103515625
1 0.1298828125 0.30078125 0.080078125 0.087890625
1 0.10546875 0.6279296875 0.0869140625 0.0869140625
1 0.8134765625 0.7353515625 0.123046875 0.0732421875
1 0.2509765625 0.0888671875 0.1171875 0.1103515625
1 0.3447265625 0.9140625 0.10546875 0.0791015625
1 0.1865234375 0.7841796875 0.0693359375 0.08984375
1 0.32421875 0.2021484375 0.1103515625 0.109375
1 0.4072265625 0.28515625 0.125 0.1318359375
1 0.892578125 0.7841796875 0.1123046875 0.0654296875
1 0.0888671875 0.41015625 0.0751953125 0.1279296875
1 0.8359375 0.541015625 0.123046875 0.072265625
1 0.8740234375 0.6787109375 0.1201171875 0.0751953125
1 0.478515625 0.140625 0.1171875 0.1376953125
1 0.6845703125 0.806640625 0.080078125 0.125
1 0.0732421875 0.806640625 0.087890625 0.0751953125
1 0.7666015625 0.609375 0.080078125 0.08984375
1 0.3798828125 0.9755859375 0.08984375 0.0478515625
1 0.8203125 0.4716796875 0.0771484375 0.08984375
1 0.7958984375 0.3408203125 0.123046875 0.078125
1 0.546875 0.49609375 0.109375 0.09765625
1 0.7431640625 0.515625 0.091796875 0.107421875
1 0.8828125 0.2109375 0.1083984375 0.107421875
1 0.0283203125 0.5068359375 0.056640625 0.0703125
1 0.578125 0.03125 0.0986328125 0.0625
1 0.9560546875 0.8515625 0.087890625 0.0654296875
1 0.0146484375 0.68359375 0.029296875 0.072265625
1 0.5869140625 0.5380859375 0.08984375 0.0771484375
1 0.728515625 0.5791015625 0.09765625 0.0693359375
1 0.939453125 0.4716796875 0.0849609375 0.1005859375
1 0.6064453125 0.2822265625 0.1103515625 0.125
1 0.9326171875 0.044921875 0.134765625 0.0859375
1 0.845703125 0.1337890625 0.1279296875 0.109375
1 0.77734375 0.1484375 0.1171875 0.06640625
