1 0.0595703125 0.1298828125 0.1142578125 0.0966796875
1 0.1357421875 0.0400390625 0.0849609375 0.078125
1 0.0244140625 0.2138671875 0.0498046875 0.0830078125
1 0.17578125 0.2529296875 0.1376953125 0.078125
1 0.1337890625 0.3369140625 0.0625 0.0751953125
1 0.1484375 0.572265625 0.0576171875 0.091796875
1 0.1162109375 0.537109375 0.0498046875 0.1201171875
1 0.2587890625 0.4697265625 0.099609375 0.09375
1 0.177734375 0.76171875 0.078125 0.0654296875
1 0.26171875 0.859375 0.0751953125 0.1298828125
1 0.8583984375 0.9638671875 0.0703125 0.072265625
1 0.5869140625 0.9404296875 0.146484375 0.119140625
1 0.521484375 0.9892578125 0.076171875 0.0205078125
1 0.6142578125 0.9755859375 0.134765625 0.048828125
1 0.7890625 0.8134765625 0.08203125 0.1220703125
1 0.9130859375 0.66796875 0.1572265625 0.08984375
1 0.9541015625 0.47265625 0.091796875 0.064453125
1 0.7666015625 0.4501953125 0.115234375 0.0908203125
1 0.935546875 0.515625 0.083984375 0.05859375
1 0.3974609375 0.193359375 0.0908203125 0.10546875
1 0.4697265625 0.248046875 0.1240234375 0.0927734375
1 0.78515625 0.0595703125 0.0966796875 0.080078125
1 0.5859375 0.0419921875 0.1611328125 0.083984375
1 0.697265625 0.021484375 0.060546875 0.0439453125
1 0.96875 0.1142578125 0.0625 0.068359375
1 0.90625 0.0400390625 0.0908203125 0.080078125
