1 0.6611328125 0.0498046875 0.0673828125 0.0751953125
1 0.3876953125 0.1181640625 0.080078125 0.064453125
1 0.7236328125 0.0751953125 0.0751953125 0.080078125
1 0.400390625 0.5302734375 0.060546875 0.0791015625
1 0.267578125 0.0771484375 0.0791015625 0.0712890625
1 0.259765625 0.6005859375 0.083984375 0.05859375
1 0.818359375 0.455078125 0.0537109375 0.0771484375
1 0.916015625 0.2216796875 0.0771484375 0.1044921875
1 0.0986328125 0.0625 0.0703125 0.0791015625
1 0.0302734375 0.1318359375 0.0595703125 0.0732421875
1 0.9208984375 0.158203125 0.0517578125 0.1005859375
1 0.1337890625 0.1943359375 0.080078125 0.0751953125
1 0.5439453125 0.9580078125 0.0791015625 0.072265625
1 0.46484375 0.09375 0.056640625 0.0771484375
1 0.2001953125 0.404296875 0.0546875 0.09765625
1 0.3447265625 0.2314453125 0.0654296875 0.060546875
1 0.1826171875 0.486328125 0.0810546875 0.052734375
1 0.96484375 0.494140625 0.0498046875 0.072265625
1 0.583984375 0.5673828125 0.107421875 0.0517578125
1 0.9150390625 0.3837890625 0.10546875 0.080078125
1 0.4921875 0.0478515625 0.0693359375 0.0595703125
1 0.2626953125 0.26953125 0.072265625 0.0771484375
1 0.109375 0.8828125 0.10546875 0.0712890625
1 0.166015625 0.4462890625 0.0986328125 0.0791015625
1 0.3408203125 0.287109375 0.0517578125 0.076171875
1 0.8896484375 0.0361328125 0.0625 0.0634765625
1 0.263671875 0.9619140625 0.0869140625 0.06640625
1 0.3134765625 0.783203125 0.0830078125 0.0771484375
1 0.8037109375 0.1015625 0.0498046875 0.0712890625
1 0.1884765625 0.3076171875 0.08984375 0.056640625
1 0.19921875 0.06640625 0.095703125 0.0966796875
1 0.8359375 0.7646484375 0.0888671875 0.0537109375
1 0.7216796875 0.2705078125 0.0634765625 0.048828125
1 0.900390625 0.6513671875 0.0615234375 0.052734375
1 0.6181640625 0.8427734375 0.0654296875 0.0458984375
1 0.912109375 0.9599609375 0.0732421875 0.0400390625
1 0.3017578125 0.6748046875 0.0673828125 0.0537109375
1 0.4990234375 0.3056640625 0.0751953125 0.0830078125
1 0.283203125 0.83984375 0.0986328125 0.0771484375
1 0.1767578125 0.8173828125 0.0625 0.0517578125
1 0.7255859375 0.794921875 0.0615234375 0.0478515625
1 0.0927734375 0.81640625 0.09375 0.0693359375
1 0.48046875 0.5107421875 0.076171875 0.0625
1 0.708984375 0.31640625 0.05078125 0.033203125
1 0.4306640625 0.662109375 0.0947265625 0.03125
1 0.193359375 0.6181640625 0.083984375 0.0498046875
1 0.6298828125 0.71875 0.0546875 0.0322265625
1 0.5458984375 0.6240234375 0.0615234375 0.0478515625
1 0.6533203125 0.5361328125 0.048828125 0.056640625
1 0.0263671875 0.6015625 0.0537109375 0.0712890625
1 0.0869140625 0.1103515625 0.060546875 0.05078125
1 0.912109375 0.8486328125 0.052734375 0.0654296875
1 0.5263671875 0.8173828125 0.0302734375 0.0693359375
1 0.876953125 0.97265625 0.0419921875 0.0537109375
1 0.5908203125 0.9326171875 0.041015625 0.029296875
1 0.7548828125 0.978515625 0.03515625 0.0419921875
1 0.1923828125 0.5625 0.06640625 0.0595703125
1 0.4365234375 0.25 0.0537109375 0.0859375
1 0.3916015625 0.4130859375 0.04296875 0.0517578125
1 0.017578125 0.216796875 0.03515625 0.060546875
1 0.7294921875 0.6494140625 0.0634765625 0.041015625
1 0.060546875 0.53125 0.0830078125 0.0537109375
1 0.8134765625 0.9775390625 0.056640625 0.025390625
1 0.443359375 0.306640625 0.0654296875 0.0986328125
1 0.953125 0.62890625 0.05078125 0.04296875
1 0.568359375 0.845703125 0.0693359375 0.0458984375
1 0.1533203125 0.2578125 0.1015625 0.0498046875
1 0.53515625 0.0185546875 0.0419921875 0.037109375
1 0.5908203125 0.49609375 0.0634765625 0.060546875
1 0.826171875 0.064453125 0.0361328125 0.04296875
1 0.6201171875 0.5380859375 0.0478515625 0.0625
1 0.833984375 0.92578125 0.0556640625 0.052734375
1 0.7568359375 0.8974609375 0.0400390625 0.037109375
1 0.4580078125 0.955078125 0.0517578125 0.0322265625
1 0.2490234375 0.7822265625 0.0947265625 0.0712890625
1 0.193359375 0.6826171875 0.0400390625 0.0400390625
1 0.126953125 0.572265625 0.0576171875 0.046875
