1 0.0576171875 0.9775390625 0.0673828125 0.0439453125
1 0.1240234375 0.9365234375 0.0751953125 0.080078125
1 0.01953125 0.3125 0.0390625 0.0654296875
1 0.08984375 0.4326171875 0.0595703125 0.0947265625
1 0.205078125 0.3056640625 0.0849609375 0.0810546875
1 0.1435546875 0.2392578125 0.072265625 0.0595703125
1 0.2919921875 0.01953125 0.076171875 0.0400390625
1 0.3203125 0.0458984375 0.0810546875 0.0703125
1 0.0439453125 0.048828125 0.0888671875 0.0986328125
1 0.7587890625 0.03125 0.1044921875 0.0625
1 0.634765625 0.1162109375 0.0888671875 0.0693359375
1 0.546875 0.154296875 0.0751953125 0.07421875
1 0.310546875 0.302734375 0.0771484375 0.119140625
1 0.439453125 0.279296875 0.0712890625 0.080078125
1 0.6689453125 0.2939453125 0.0810546875 0.0732421875
1 0.7392578125 0.271484375 0.0751953125 0.0693359375
1 0.7236328125 0.3369140625 0.0693359375 0.0703125
1 0.8525390625 0.384765625 0.0810546875 0.0791015625
1 0.900390625 0.294921875 0.0693359375 0.0654296875
1 0.234375 0.5126953125 0.064453125 0.0537109375
1 0.302734375 0.47265625 0.0625 0.06640625
1 0.400390625 0.4736328125 0.0693359375 0.068359375
1 0.3486328125 0.5224609375 0.0693359375 0.05859375
1 0.4775390625 0.56640625 0.0654296875 0.109375
1 0.0634765625 0.6103515625 0.0859375 0.095703125
1 0.083984375 0.69140625 0.0986328125 0.0625
1 0.169921875 0.7177734375 0.10546875 0.1396484375
1 0.3984375 0.75390625 0.087890625 0.080078125
1 0.4443359375 0.7177734375 0.0654296875 0.07421875
1 0.53515625 0.6865234375 0.064453125 0.0673828125
1 0.6865234375 0.728515625 0.08984375 0.0869140625
1 0.673828125 0.8037109375 0.0556640625 0.0791015625
1 0.564453125 0.83984375 0.0546875 0.0830078125
1 0.603515625 0.8740234375 0.072265625 0.0732421875
1 0.3193359375 0.708984375 0.0654296875 0.0654296875
1 0.2802734375 0.9150390625 0.0576171875 0.0673828125
1 0.5888671875 0.9423828125 0.0693359375 0.0693359375
1 0.73046875 0.6435546875 0.0712890625 0.07421875
1 0.759765625 0.5224609375 0.09375 0.068359375
1 0.74609375 0.458984375 0.07421875 0.0537109375
1 0.9697265625 0.138671875 0.060546875 0.0556640625
1 0.978515625 0.283203125 0.0419921875 0.0927734375
1 0.9228515625 0.5341796875 0.07421875 0.0751953125
1 0.875 0.6025390625 0.083984375 0.0859375
1 0.8408203125 0.7216796875 0.080078125 0.068359375
1 0.9658203125 0.908203125 0.0673828125 0.0869140625
1 0.8896484375 0.9169921875 0.0888671875 0.09375
1 0.8046875 0.9521484375 0.0888671875 0.0595703125
1 0.4990234375 0.8037109375 0.0615234375 0.0615234375
1 0.5185546875 0.5205078125 0.0595703125 0.0654296875
1 0.51171875 0.8759765625 0.0419921875 0.0654296875
1 0.5146484375 0.9775390625 0.0654296875 0.0439453125
1 0.5595703125 0.4287109375 0.0615234375 0.0419921875
1 0.564453125 0.484375 0.0712890625 0.060546875
1 0.982421875 0.337890625 0.0341796875 0.044921875
1 0.1767578125 0.65234375 0.1005859375 0.044921875
