1 0.3505859375 0.462890625 0.123046875 0.1318359375
1 0.916015625 0.6943359375 0.16796875 0.0947265625
1 0.72265625 0.875 0.1376953125 0.0771484375
1 0.6279296875 0.2431640625 0.1572265625 0.09765625
1 0.46875 0.591796875 0.0751953125 0.0751953125
1 0.75390625 0.3134765625 0.1005859375 0.072265625
1 0.9541015625 0.9208984375 0.0908203125 0.107421875
1 0.94921875 0.8291015625 0.1005859375 0.1298828125
1 0.7548828125 0.7392578125 0.115234375 0.0947265625
1 0.1494140625 0.908203125 0.095703125 0.078125
1 0.099609375 0.6337890625 0.185546875 0.0849609375
1 0.0732421875 0.1171875 0.142578125 0.150390625
1 0.4423828125 0.1865234375 0.08984375 0.1650390625
1 0.677734375 0.4794921875 0.1728515625 0.080078125
1 0.6708984375 0.1220703125 0.078125 0.095703125
1 0.8955078125 0.0634765625 0.1650390625 0.125
1 0.087890625 0.7529296875 0.0869140625 0.0869140625
1 0.3330078125 0.228515625 0.087890625 0.08203125
1 0.556640625 0.7529296875 0.080078125 0.0673828125
1 0.2734375 0.8779296875 0.08203125 0.1181640625
1 0.3623046875 0.876953125 0.0703125 0.0703125
1 0.306640625 0.943359375 0.1103515625 0.08203125
1 0.947265625 0.501953125 0.10546875 0.095703125
1 0.677734375 0.529296875 0.1767578125 0.08984375
1 0.20703125 0.345703125 0.08984375 0.0673828125
1 0.6669921875 0.6083984375 0.0849609375 0.072265625
1 0.4765625 0.927734375 0.0751953125 0.0732421875
1 0.4228515625 0.9052734375 0.0576171875 0.1083984375
1 0.37890625 0.6708984375 0.1396484375 0.1171875
1 0.8603515625 0.396484375 0.0625 0.0654296875
1 0.36328125 0.369140625 0.068359375 0.0654296875
1 0.4033203125 0.0849609375 0.068359375 0.0673828125
1 0.3251953125 0.6669921875 0.0927734375 0.10546875
1 0.45703125 0.857421875 0.0703125 0.0673828125
1 0.931640625 0.033203125 0.1357421875 0.0625
1 0.28515625 0.0205078125 0.0419921875 0.037109375
1 0.9267578125 0.107421875 0.1123046875 0.1005859375
1 0.283203125 0.7080078125 0.0625 0.0771484375
