1 0.7138671875 0.130859375 0.0498046875 0.107421875
1 0.697265625 0.9306640625 0.0703125 0.126953125
1 0.23828125 0.7392578125 0.087890625 0.0751953125
1 0.3779296875 0.28125 0.1025390625 0.1201171875
1 0.1669921875 0.232421875 0.095703125 0.0673828125
1 0.0908203125 0.470703125 0.11328125 0.08203125
1 0.953125 0.279296875 0.0927734375 0.125
1 0.0869140625 0.3388671875 0.140625 0.0849609375
1 0.3271484375 0.662109375 0.140625 0.14453125
1 0.568359375 0.6494140625 0.1220703125 0.1376953125
1 0.62109375 0.931640625 0.0654296875 0.115234375
1 0.037109375 0.2392578125 0.0703125 0.0751953125
1 0.912109375 0.5029296875 0.0732421875 0.064453125
1 0.1494140625 0.654296875 0.095703125 0.080078125
1 0.0556640625 0.787109375 0.107421875 0.060546875
1 0.6533203125 0.150390625 0.078125 0.0830078125
