1 0.2568359375 0.8642578125 0.1552734375 0.1103515625
1 0.5771484375 0.33984375 0.154296875 0.080078125
1 0.16015625 0.2080078125 0.0869140625 0.072265625
1 0.203125 0.677734375 0.0673828125 0.0927734375
1 0.9189453125 0.875 0.0771484375 0.07421875
1 0.2392578125 0.4169921875 0.080078125 0.1796875
1 0.9267578125 0.537109375 0.0595703125 0.125
1 0.7041015625 0.4951171875 0.1123046875 0.068359375
1 0.615234375 0.25390625 0.107421875 0.0546875
1 0.8388671875 0.1533203125 0.0947265625 0.0625
1 0.650390625 0.646484375 0.2021484375 0.1552734375
1 0.5244140625 0.5068359375 0.064453125 0.080078125
1 0.947265625 0.0048828125 0.10546875 0.009765625
1 0.1142578125 0.7841796875 0.099609375 0.08984375
1 0.7783203125 0.3720703125 0.142578125 0.224609375
1 0.341796875 0.45703125 0.1103515625 0.109375
1 0.4013671875 0.5830078125 0.1201171875 0.0830078125
1 0.1318359375 0.0263671875 0.0625 0.0537109375
1 0.82421875 0.751953125 0.08984375 0.0703125
1 0.9375 0.0419921875 0.1240234375 0.0849609375
1 0.91015625 0.9599609375 0.0869140625 0.0791015625
1 0.337890625 0.2099609375 0.1181640625 0.1298828125
1 0.0888671875 0.12890625 0.064453125 0.08984375
1 0.548828125 0.412109375 0.0654296875 0.064453125
1 0.3994140625 0.908203125 0.1796875 0.1474609375
1 0.501953125 0.2607421875 0.0703125 0.078125
1 0.265625 0.23828125 0.083984375 0.1015625
1 0.943359375 0.7333984375 0.11328125 0.087890625
1 0.4111328125 0.5244140625 0.09765625 0.0703125
1 0.724609375 0.833984375 0.115234375 0.1552734375
1 0.720703125 0.275390625 0.078125 0.0576171875
1 0.42578125 0.732421875 0.09765625 0.1376953125
1 0.5712890625 0.6865234375 0.0947265625 0.0693359375
1 0.091796875 0.255859375 0.0849609375 0.078125
1 0.8740234375 0.3330078125 0.0751953125 0.052734375
1 0.943359375 0.3076171875 0.091796875 0.0830078125
1 0.0556640625 0.6171875 0.107421875 0.169921875
1 0.4765625 0.6689453125 0.0556640625 0.0654296875
1 0.66796875 0.87109375 0.0771484375 0.0830078125
1 0.9072265625 0.7607421875 0.064453125 0.1025390625
1 0.8154296875 0.630859375 0.0869140625 0.08203125
1 0.6962890625 0.9697265625 0.0595703125 0.060546875
1 0.8544921875 0.974609375 0.05078125 0.05078125
1 0.2939453125 0.1416015625 0.0693359375 0.0498046875
