1 0.109375 0.6533203125 0.0673828125 0.060546875
1 0.1689453125 0.6171875 0.0576171875 0.0751953125
1 0.2685546875 0.583984375 0.0625 0.08203125
1 0.216796875 0.6337890625 0.0419921875 0.0615234375
1 0.2705078125 0.6494140625 0.0654296875 0.0498046875
1 0.27734375 0.7080078125 0.0712890625 0.0849609375
1 0.22265625 0.75 0.0546875 0.0791015625
1 0.20703125 0.82421875 0.08203125 0.0615234375
1 0.0830078125 0.8564453125 0.0595703125 0.05859375
1 0.0849609375 0.0419921875 0.0888671875 0.0703125
1 0.16015625 0.0283203125 0.046875 0.0576171875
1 0.3173828125 0.0380859375 0.064453125 0.076171875
1 0.18359375 0.193359375 0.0703125 0.0673828125
1 0.564453125 0.09375 0.0498046875 0.0712890625
1 0.6064453125 0.1689453125 0.0830078125 0.111328125
1 0.455078125 0.3017578125 0.072265625 0.0751953125
1 0.3759765625 0.3056640625 0.0517578125 0.0498046875
1 0.6728515625 0.32421875 0.138671875 0.080078125
1 0.8291015625 0.1767578125 0.076171875 0.0810546875
1 0.76171875 0.12109375 0.0556640625 0.0771484375
1 0.876953125 0.0693359375 0.0556640625 0.0986328125
1 0.9658203125 0.0283203125 0.05078125 0.0576171875
1 0.98046875 0.1533203125 0.0390625 0.0751953125
1 0.9345703125 0.337890625 0.0576171875 0.08203125
1 0.7431640625 0.6533203125 0.1201171875 0.111328125
1 0.974609375 0.5576171875 0.05078125 0.0615234375
1 0.5849609375 0.89453125 0.068359375 0.068359375
1 0.923828125 0.97265625 0.109375 0.0537109375
1 0.3837890625 0.6376953125 0.125 0.1572265625
1 0.33203125 0.7783203125 0.09375 0.09765625
