1 0.1572265625 0.0966796875 0.0751953125 0.076171875
1 0.1572265625 0.1796875 0.146484375 0.091796875
1 0.0888671875 0.2470703125 0.07421875 0.05859375
1 0.1083984375 0.3125 0.0673828125 0.0712890625
1 0.26953125 0.279296875 0.080078125 0.068359375
1 0.197265625 0.3427734375 0.109375 0.0859375
1 0.419921875 0.216796875 0.083984375 0.0771484375
1 0.0361328125 0.537109375 0.072265625 0.0693359375
1 0.0517578125 0.6572265625 0.076171875 0.1533203125
1 0.10546875 0.958984375 0.0732421875 0.07421875
1 0.03515625 0.953125 0.0712890625 0.0849609375
1 0.1796875 0.876953125 0.0830078125 0.0625
1 0.0888671875 0.8369140625 0.0859375 0.078125
1 0.4609375 0.0908203125 0.0869140625 0.064453125
1 0.1884765625 0.64453125 0.0869140625 0.0546875
1 0.2841796875 0.4423828125 0.08984375 0.0498046875
1 0.2958984375 0.5 0.0830078125 0.0478515625
1 0.318359375 0.3603515625 0.0830078125 0.064453125
1 0.6044921875 0.3212890625 0.072265625 0.05859375
1 0.68359375 0.3818359375 0.1279296875 0.05859375
1 0.8134765625 0.39453125 0.0791015625 0.0693359375
1 0.8837890625 0.37890625 0.080078125 0.05859375
1 0.87109375 0.251953125 0.0966796875 0.05859375
1 0.736328125 0.189453125 0.0966796875 0.072265625
1 0.7880859375 0.1220703125 0.064453125 0.0615234375
1 0.4248046875 0.60546875 0.1357421875 0.1328125
1 0.5263671875 0.5322265625 0.0849609375 0.0732421875
1 0.4736328125 0.4365234375 0.1005859375 0.0517578125
1 0.7529296875 0.4990234375 0.1005859375 0.0888671875
1 0.9189453125 0.49609375 0.0947265625 0.05859375
1 0.8525390625 0.46875 0.0791015625 0.0556640625
1 0.9248046875 0.6513671875 0.107421875 0.076171875
1 0.841796875 0.6708984375 0.1025390625 0.06640625
1 0.568359375 0.595703125 0.0791015625 0.0625
1 0.53515625 0.796875 0.0810546875 0.0771484375
1 0.2607421875 0.87109375 0.068359375 0.1318359375
1 0.2998046875 0.6279296875 0.0908203125 0.138671875
1 0.296875 0.734375 0.07421875 0.1123046875
1 0.8583984375 0.826171875 0.1142578125 0.1064453125
1 0.8779296875 0.740234375 0.150390625 0.0673828125
1 0.74609375 0.853515625 0.14453125 0.1005859375
1 0.5966796875 0.9287109375 0.0869140625 0.0703125
1 0.6826171875 0.9736328125 0.06640625 0.0517578125
1 0.8701171875 0.9736328125 0.1337890625 0.052734375
1 0.412109375 0.0322265625 0.080078125 0.0654296875
1 0.595703125 0.0810546875 0.060546875 0.0673828125
1 0.66015625 0.0595703125 0.087890625 0.056640625
1 0.89453125 0.3056640625 0.0693359375 0.0380859375
1 0.544921875 0.83203125 0.08984375 0.107421875
1 0.9677734375 0.9091796875 0.064453125 0.109375
1 0.81640625 0.837890625 0.1142578125 0.0576171875
1 0.6806640625 0.125 0.0908203125 0.0595703125
1 0.6884765625 0.3984375 0.08984375 0.111328125
1 0.0302734375 0.8017578125 0.0615234375 0.0498046875
1 0.8564453125 0.548828125 0.1171875 0.07421875
1 0.7216796875 0.880859375 0.1220703125 0.087890625
1 0.9755859375 0.5283203125 0.048828125 0.048828125
1 0.783203125 0.484375 0.12109375 0.072265625
