1 0.935546875 0.1181640625 0.04296875 0.09375
1 0.55078125 0.5205078125 0.0654296875 0.091796875
1 0.8125 0.2021484375 0.0986328125 0.0869140625
1 0.7158203125 0.908203125 0.0888671875 0.060546875
1 0.537109375 0.583984375 0.0576171875 0.0771484375
1 0.8466796875 0.7705078125 0.046875 0.10546875
1 0.251953125 0.9560546875 0.083984375 0.0615234375
1 0.7939453125 0.8857421875 0.09375 0.0615234375
1 0.271484375 0.5126953125 0.044921875 0.0986328125
1 0.6220703125 0.4248046875 0.06640625 0.05859375
1 0.0283203125 0.1552734375 0.056640625 0.0771484375
1 0.259765625 0.1083984375 0.0810546875 0.0966796875
1 0.2255859375 0.4384765625 0.0634765625 0.072265625
1 0.212890625 0.4814453125 0.0888671875 0.068359375
1 0.0576171875 0.03125 0.03125 0.05859375
1 0.9056640625 0.4287109375 0.1083984375 0.0732421875
1 0.7490234375 0.6162109375 0.0458984375 0.0556640625
1 0.0498046875 0.0341796875 0.033203125 0.064453125
1 0.0283203125 0.2978515625 0.0576171875 0.0546875
1 0.455078125 0.54296875 0.05859375 0.068359375
1 0.68359375 0.099609375 0.05078125 0.12890625
1 0.6728515625 0.9775390625 0.0439453125 0.041015625
1 0.662109375 0.2998046875 0.064453125 0.029296875
1 0.7578125 0.5146484375 0.046875 0.0546875
1 0.28515625 0.81640625 0.0625 0.0478515625
1 0.046875 0.7919921875 0.08203125 0.0283203125
1 0.2802734375 0.341796875 0.17578125 0.0625
1 0.775390625 0.5087890625 0.0400390625 0.052734375
1 0.5390625 0.1279296875 0.12890625 0.0546875
1 0.4560546875 0.203125 0.0625 0.0537109375
1 0.4599609375 0.8896484375 0.0595703125 0.02734375
1 0.1279296875 0.0166015625 0.05078125 0.0322265625
1 0.85546875 0.439453125 0.029296875 0.0693359375
1 0.66796875 0.6396484375 0.0283203125 0.072265625
1 0.017578125 0.1875 0.03515625 0.056640625
1 0.423828125 0.4375 0.0673828125 0.03125
1 0.3896484375 0.876953125 0.0712890625 0.0283203125
1 0.0966796875 0.49609375 0.0859375 0.1494140625
1 0.279296875 0.91015625 0.0654296875 0.021484375
1 0.3232421875 0.6708984375 0.0634765625 0.025390625
1 0.7490234375 0.8193359375 0.0302734375 0.05859375
1 0.712890625 0.6162109375 0.04296875 0.0537109375
1 0.318359375 0.07421875 0.0498046875 0.03125
1 0.86328125 0.9814453125 0.064453125 0.033203125
1 0.6513671875 0.353515625 0.0439453125 0.0478515625
1 0.498046875 0.6923828125 0.0478515625 0.0322265625
1 0.527734375 0.2462890625 0.07431640625000002 0.05087890625000002
1 0.4013671875 0.9892578125 0.0693359375 0.017578125
1 0.181640625 0.5595703125 0.05859375 0.0419921875
1 0.2470703125 0.576171875 0.029296875 0.052734375
1 0.8681640625 0.5986328125 0.041015625 0.044921875
1 0.8251953125 0.3427734375 0.029296875 0.0615234375
1 0.6572265625 0.9765625 0.025390625 0.046875
1 0.61328125 0.908203125 0.056640625 0.0263671875
1 0.9365234375 0.3388671875 0.0458984375 0.0478515625
1 0.91015625 0.4970703125 0.05078125 0.0673828125
1 0.9482421875 0.5048828125 0.044921875 0.05078125
1 0.8828125 0.66796875 0.0380859375 0.0517578125
1 0.9677734375 0.5908203125 0.0234375 0.0576171875
1 0.986328125 0.1328125 0.0263671875 0.0576171875
1 0.109375 0.8798828125 0.064453125 0.044921875
1 0.216796875 0.853515625 0.0478515625 0.0302734375
1 0.1728515625 0.8974609375 0.0771484375 0.041015625
1 0.5556640625 0.9091796875 0.0400390625 0.037109375
