1 0.4794921875 0.7578125 0.064453125 0.0927734375
1 0.9072265625 0.5107421875 0.05859375 0.0908203125
1 0.1875 0.3955078125 0.103515625 0.072265625
1 0.5341796875 0.1357421875 0.064453125 0.1240234375
1 0.51171875 0.859375 0.1015625 0.052734375
1 0.8642578125 0.5595703125 0.068359375 0.0712890625
1 0.576171875 0.53125 0.1044921875 0.05859375
1 0.7451171875 0.0498046875 0.0966796875 0.0986328125
1 0.62109375 0.45703125 0.109375 0.06640625
1 0.43359375 0.4794921875 0.0927734375 0.0810546875
1 0.7890625 0.5263671875 0.0810546875 0.0576171875
1 0.24609375 0.1982421875 0.1083984375 0.0791015625
1 0.7138671875 0.193359375 0.1044921875 0.0771484375
1 0.3330078125 0.470703125 0.1083984375 0.12109375
1 0.66015625 0.1103515625 0.09375 0.115234375
1 0.5576171875 0.72265625 0.0908203125 0.0810546875
1 0.26171875 0.142578125 0.1064453125 0.056640625
1 0.712890625 0.2763671875 0.1005859375 0.0458984375
1 0.984375 0.26171875 0.03125 0.041015625
1 0.68359375 0.7978515625 0.0654296875 0.044921875
1 0.1484375 0.8544921875 0.0771484375 0.046875
1 0.736328125 0.6318359375 0.0966796875 0.0380859375
1 0.3271484375 0.2958984375 0.10546875 0.0341796875
1 0.30859375 0.3720703125 0.09375 0.0361328125
1 0.3427734375 0.62890625 0.10546875 0.03515625
1 0.1123046875 0.54296875 0.12890625 0.048828125
1 0.228515625 0.45703125 0.0908203125 0.041015625
1 0.43359375 0.22265625 0.0751953125 0.0703125
1 0.701171875 0.0869140625 0.1025390625 0.0771484375
1 0.3935546875 0.244140625 0.11611328124999998 0.04433593749999998
1 0.5810546875 0.1201171875 0.083984375 0.0546875
1 0.8759765625 0.3876953125 0.0732421875 0.04296875
1 0.6630859375 0.9599609375 0.1025390625 0.0458984375
1 0.4443359375 0.8994140625 0.0595703125 0.072265625
1 0.91015625 0.86328125 0.07421875 0.037109375
1 0.1708984375 0.802734375 0.1259765625 0.0400390625
1 0.931640625 0.048828125 0.06640625 0.037109375
1 0.06640625 0.84765625 0.095703125 0.0341796875
1 0.029296875 0.57421875 0.0595703125 0.052734375
1 0.3125 0.5419921875 0.134765625 0.0390625
1 0.34375 0.4326171875 0.09375 0.044921875
1 0.0361328125 0.13671875 0.0732421875 0.037109375
1 0.1240234375 0.11328125 0.107421875 0.0302734375
1 0.7744140625 0.4658203125 0.078125 0.0302734375
1 0.359375 0.017578125 0.09375 0.03515625
1 0.2822265625 0.5595703125 0.072265625 0.0439453125
1 0.2607421875 0.2509765625 0.07421875 0.0478515625
1 0.265625 0.919921875 0.083984375 0.033203125
1 0.0458984375 0.5009765625 0.076171875 0.05078125
1 0.6123046875 0.509765625 0.1005859375 0.0322265625
1 0.5283203125 0.771484375 0.0751953125 0.05078125
1 0.982421875 0.7216796875 0.03515625 0.0322265625
1 0.40234375 0.9033203125 0.0927734375 0.05078125
1 0.580078125 0.240234375 0.0791015625 0.029296875
1 0.9326171875 0.7890625 0.05078125 0.0419921875
1 0.763671875 0.376953125 0.0634765625 0.0234375
1 0.591796875 0.4189453125 0.0810546875 0.0244140625
1 0.2763671875 0.5888671875 0.0556640625 0.0439453125
1 0.5595703125 0.65625 0.087890625 0.0390625
1 0.4267578125 0.970703125 0.134765625 0.0341796875
1 0.2119140625 0.6435546875 0.099609375 0.0361328125
1 0.376953125 0.3447265625 0.099609375 0.0263671875
1 0.107421875 0.9140625 0.1416015625 0.0419921875
1 0.0751953125 0.658203125 0.0546875 0.0234375
1 0.619140625 0.984375 0.080078125 0.0263671875
1 0.9462890625 0.0263671875 0.05078125 0.05078125
1 0.751953125 0.326171875 0.0693359375 0.060546875
1 0.2294921875 0.7314453125 0.052734375 0.044921875
1 0.6884765625 0.943359375 0.05859375 0.0478515625
1 0.5986328125 0.0859375 0.0732421875 0.0654296875
1 0.015625 0.404296875 0.0302734375 0.078125
1 0.73828125 0.169921875 0.0673828125 0.0478515625
1 0.2265625 0.8349609375 0.080078125 0.033203125
1 0.400390625 0.26953125 0.060546875 0.0322265625
1 0.013671875 0.986328125 0.02734375 0.0234375
1 0.8154296875 0.6142578125 0.05859375 0.0498046875
