1 0.939453125 0.099609375 0.0732421875 0.119140625
1 0.96484375 0.2578125 0.0693359375 0.1279296875
1 0.7119140625 0.3564453125 0.0869140625 0.1396484375
1 0.9091796875 0.578125 0.0693359375 0.09765625
1 0.8115234375 0.64453125 0.1044921875 0.16015625
1 0.8349609375 0.251953125 0.099609375 0.1298828125
1 0.919921875 0.38671875 0.080078125 0.1005859375
1 0.8525390625 0.49609375 0.1318359375 0.140625
1 0.8154296875 0.8466796875 0.0859375 0.0810546875
1 0.9306640625 0.8154296875 0.078125 0.0771484375
1 0.931640625 0.48046875 0.0947265625 0.0869140625
1 0.77734375 0.3349609375 0.044921875 0.1123046875
1 0.904296875 0.66796875 0.0751953125 0.072265625
1 0.748046875 0.880859375 0.1025390625 0.107421875
