1 0.0888671875 0.5830078125 0.0869140625 0.0712890625
1 0.12890625 0.8251953125 0.1396484375 0.0888671875
1 0.7578125 0.4150390625 0.076171875 0.1181640625
1 0.0185546875 0.0341796875 0.0380859375 0.068359375
1 0.9189453125 0.0361328125 0.1611328125 0.072265625
1 0.3505859375 0.5732421875 0.0888671875 0.0517578125
1 0.931640625 0.6015625 0.08203125 0.0634765625
1 0.97265625 0.2119140625 0.0537109375 0.0654296875
1 0.908203125 0.130859375 0.0458984375 0.1123046875
1 0.0068359375 0.701171875 0.0146484375 0.0419921875
1 0.923828125 0.470703125 0.060546875 0.1416015625
1 0.2373046875 0.7060546875 0.10546875 0.0361328125
1 0.7666015625 0.53515625 0.076171875 0.0693359375
1 0.3427734375 0.6005859375 0.083984375 0.0556640625
1 0.771484375 0.732421875 0.05859375 0.10546875
1 0.9423828125 0.9228515625 0.1025390625 0.046875
1 0.4814453125 0.6884765625 0.140625 0.0625
1 0.173828125 0.3046875 0.0693359375 0.0400390625
1 0.490234375 0.5947265625 0.166015625 0.0625
1 0.935546875 0.2353515625 0.0947265625 0.05859375
1 0.5908203125 0.552734375 0.0986328125 0.0400390625
1 0.068359375 0.01171875 0.0986328125 0.021484375
1 0.4306640625 0.6328125 0.08984375 0.029296875
1 0.1953125 0.5478515625 0.1025390625 0.029296875
1 0.1728515625 0.2177734375 0.103515625 0.0625
1 0.97265625 0.2763671875 0.0546875 0.0341796875
1 0.1064453125 0.4150390625 0.087890625 0.0634765625
1 0.568359375 0.2001953125 0.1201171875 0.103515625
1 0.7275390625 0.9580078125 0.044921875 0.05859375
1 0.0859375 0.373046875 0.1337890625 0.072265625
1 0.6796875 0.2470703125 0.052734375 0.068359375
1 0.1611328125 0.0234375 0.0439453125 0.0478515625
1 0.71875 0.7353515625 0.0615234375 0.052734375
1 0.2763671875 0.6328125 0.0537109375 0.0283203125
1 0.9365234375 0.8603515625 0.0400390625 0.0673828125
1 0.568359375 0.7275390625 0.0595703125 0.0439453125
1 0.025390625 0.88671875 0.0517578125 0.08203125
1 0.8671875 0.69140625 0.1435546875 0.0673828125
1 0.357421875 0.9677734375 0.0830078125 0.0546875
1 0.974609375 0.984375 0.0498046875 0.025390625
1 0.5908203125 0.2353515625 0.076171875 0.0439453125
1 0.6171875 0.69921875 0.0712890625 0.029296875
1 0.7587890625 0.0302734375 0.0537109375 0.03125
1 0.943359375 0.6875 0.0615234375 0.0908203125
1 0.5517578125 0.982421875 0.0712890625 0.0283203125
1 0.9443359375 0.8623046875 0.0263671875 0.064453125
1 0.04296875 0.5048828125 0.068359375 0.0361328125
1 0.0302734375 0.7392578125 0.060546875 0.0263671875
1 0.2314453125 0.2236328125 0.0693359375 0.0517578125
1 0.2548828125 0.572265625 0.1259765625 0.0517578125
1 0.56484375 0.35205078125 0.10957031250000004 0.06103515625
1 0.0087890625 0.5087890625 0.0185546875 0.08984375
1 0.5634765625 0.1025390625 0.07421875 0.05859375
1 0.8037109375 0.634765625 0.21484375 0.05078125
1 0.9697265625 0.7109375 0.0595703125 0.041015625
1 0.6435546875 0.564453125 0.1396484375 0.1396484375
1 0.517578125 0.837890625 0.1767578125 0.091796875
1 0.7197265625 0.8515625 0.14453125 0.0732421875
1 0.1767578125 0.677734375 0.1005859375 0.05859375
1 0.080078125 0.4541015625 0.1015625 0.0517578125
1 0.919921875 0.484375 0.107421875 0.1103515625
1 0.9794921875 0.6708984375 0.041015625 0.0390625
1 0.0615234375 0.9873046875 0.103515625 0.0244140625
1 0.8916015625 0.9482421875 0.0615234375 0.04296875
