1 0.361328125 0.263671875 0.060546875 0.0927734375
1 0.1591796875 0.3955078125 0.0751953125 0.099609375
1 0.7001953125 0.587890625 0.08984375 0.1162109375
1 0.3515625 0.10546875 0.072265625 0.0986328125
1 0.4658203125 0.7841796875 0.068359375 0.07421875
1 0.0419921875 0.7353515625 0.0849609375 0.064453125
1 0.4736328125 0.1025390625 0.0751953125 0.0517578125
1 0.310546875 0.0419921875 0.0517578125 0.083984375
1 0.23828125 0.29296875 0.0517578125 0.06640625
1 0.1494140625 0.5361328125 0.0654296875 0.056640625
1 0.8134765625 0.048828125 0.03515625 0.080078125
1 0.125 0.9501953125 0.146484375 0.0498046875
1 0.9169921875 0.056640625 0.0634765625 0.0546875
1 0.32421875 0.3759765625 0.041015625 0.08984375
1 0.7236328125 0.1865234375 0.064453125 0.0546875
1 0.2958984375 0.8935546875 0.046875 0.07421875
1 0.2001953125 0.041015625 0.02734375 0.080078125
1 0.0869140625 0.0673828125 0.0830078125 0.056640625
1 0.5498046875 0.3203125 0.0849609375 0.048828125
1 0.60546875 0.93359375 0.083984375 0.068359375
1 0.5107421875 0.4130859375 0.0654296875 0.05078125
1 0.9521484375 0.6826171875 0.0693359375 0.0390625
1 0.537109375 0.6962890625 0.087890625 0.0322265625
1 0.9541015625 0.9267578125 0.0517578125 0.052734375
1 0.12109375 0.3232421875 0.0498046875 0.0625
1 0.3056640625 0.658203125 0.0615234375 0.0712890625
1 0.0908203125 0.517578125 0.068359375 0.03125
1 0.9638671875 0.1669921875 0.06640625 0.0341796875
1 0.7783203125 0.58984375 0.041015625 0.0712890625
1 0.4833984375 0.517578125 0.05859375 0.0615234375
1 0.8115234375 0.9404296875 0.03125 0.091796875
1 0.03125 0.1494140625 0.0634765625 0.03515625
1 0.521484375 0.2421875 0.078125 0.07421875
1 0.1396484375 0.212890625 0.0654296875 0.0234375
1 0.791015625 0.8330078125 0.0263671875 0.0712890625
1 0.9091796875 0.5224609375 0.0732421875 0.0439453125
1 0.1572265625 0.8125 0.0703125 0.017578125
1 0.8857421875 0.4560546875 0.0712890625 0.03125
1 0.255859375 0.357421875 0.05078125 0.0478515625
1 0.248046875 0.2080078125 0.056640625 0.0390625
1 0.7255859375 0.0830078125 0.041015625 0.0625
1 0.21875 0.515625 0.048828125 0.0224609375
1 0.3935546875 0.9375 0.03125 0.099609375
1 0.39453125 0.501953125 0.0703125 0.0498046875
1 0.0947265625 0.2216796875 0.1279296875 0.06640625
1 0.935546875 0.79296875 0.0439453125 0.03515625
1 0.0888671875 0.8505859375 0.0751953125 0.0498046875
1 0.3037109375 0.97265625 0.0458984375 0.0322265625
1 0.068359375 0.189453125 0.0703125 0.0400390625
1 0.1796875 0.98828125 0.029296875 0.0234375
1 0.728515625 0.6669921875 0.0625 0.0380859375
1 0.7001953125 0.3408203125 0.08203125 0.04296875
1 0.044921875 0.7841796875 0.087890625 0.0322265625
1 0.8720703125 0.556640625 0.0478515625 0.0537109375
1 0.67578125 0.2099609375 0.0302734375 0.0400390625
1 0.017578125 0.109375 0.03515625 0.037109375
1 0.56640625 0.90234375 0.0712890625 0.03515625
1 0.453125 0.935546875 0.0419921875 0.037109375
1 0.916015625 0.947265625 0.0478515625 0.021484375
1 0.83203125 0.2294921875 0.046875 0.044921875
1 0.509765625 0.6123046875 0.048828125 0.0380859375
1 0.580078125 0.7294921875 0.0478515625 0.0361328125
1 0.466796875 0.740234375 0.0654296875 0.041015625
1 0.2998046875 0.69140625 0.0859375 0.0419921875
1 0.1865234375 0.9130859375 0.0693359375 0.041015625
1 0.97265625 0.2314453125 0.0537109375 0.05078125
1 0.990234375 0.40234375 0.01953125 0.0439453125
1 0.9052734375 0.4052734375 0.12109375 0.0458984375
1 0.958984375 0.3583984375 0.0478515625 0.056640625
1 0.5478515625 0.3896484375 0.052734375 0.041015625
1 0.9462890625 0.84375 0.056640625 0.04296875
1 0.0361328125 0.904296875 0.072265625 0.07421875
1 0.498046875 0.9755859375 0.0712890625 0.02734375
