1 0.076171875 0.052734375 0.1484375 0.0546875
1 0.2314453125 0.0810546875 0.0693359375 0.0478515625
1 0.3388671875 0.201171875 0.087890625 0.1640625
1 0.1416015625 0.19140625 0.095703125 0.169921875
1 0.375 0.333984375 0.1318359375 0.08984375
1 0.3095703125 0.376953125 0.1162109375 0.0830078125
1 0.2294921875 0.3095703125 0.0859375 0.107421875
1 0.173828125 0.38671875 0.0732421875 0.123046875
1 0.16015625 0.4833984375 0.0693359375 0.0625
1 0.4375 0.4296875 0.08203125 0.1103515625
1 0.6318359375 0.3916015625 0.0625 0.0908203125
1 0.2451171875 0.5703125 0.1357421875 0.0537109375
1 0.1201171875 0.59375 0.115234375 0.0458984375
1 0.048828125 0.623046875 0.0986328125 0.0634765625
1 0.048828125 0.7587890625 0.0703125 0.07421875
1 0.1572265625 0.650390625 0.1357421875 0.0537109375
1 0.376953125 0.6962890625 0.0634765625 0.1689453125
1 0.3857421875 0.7861328125 0.1162109375 0.169921875
1 0.2783203125 0.90234375 0.0712890625 0.060546875
1 0.1728515625 0.9423828125 0.07421875 0.1142578125
1 0.0576171875 0.9423828125 0.1162109375 0.068359375
1 0.4658203125 0.9755859375 0.0869140625 0.048828125
1 0.5537109375 0.9794921875 0.0966796875 0.041015625
1 0.794921875 0.9619140625 0.1162109375 0.076171875
1 0.9619140625 0.8701171875 0.076171875 0.140625
1 0.9462890625 0.6123046875 0.0771484375 0.109375
1 0.85546875 0.552734375 0.0986328125 0.119140625
1 0.740234375 0.5625 0.1396484375 0.0986328125
1 0.7666015625 0.65234375 0.15234375 0.1162109375
1 0.646484375 0.2802734375 0.138671875 0.06640625
1 0.7080078125 0.1455078125 0.0732421875 0.0595703125
1 0.7900390625 0.1015625 0.068359375 0.1162109375
1 0.888671875 0.21484375 0.1494140625 0.0888671875
1 0.9609375 0.2626953125 0.0771484375 0.1865234375
1 0.5205078125 0.0546875 0.0791015625 0.109375
1 0.4736328125 0.0478515625 0.115234375 0.05078125
1 0.5869140625 0.0244140625 0.0791015625 0.0498046875
1 0.6494140625 0.119140625 0.0869140625 0.125
1 0.857421875 0.4443359375 0.0654296875 0.0673828125
1 0.970703125 0.42578125 0.05859375 0.0791015625
1 0.44921875 0.5283203125 0.1044921875 0.0634765625
1 0.970703125 0.5732421875 0.05859375 0.0546875
