1 0.021484375 0.32421875 0.0439453125 0.08203125
1 0.53515625 0.58203125 0.1181640625 0.080078125
1 0.6240234375 0.322265625 0.1494140625 0.0703125
1 0.53515625 0.712890625 0.1181640625 0.0927734375
1 0.6318359375 0.8505859375 0.125 0.0625
1 0.3837890625 0.8662109375 0.1103515625 0.05859375
1 0.025390625 0.1904296875 0.048828125 0.0751953125
1 0.5634765625 0.0322265625 0.15234375 0.0654296875
1 0.685546875 0.4267578125 0.1474609375 0.080078125
1 0.7763671875 0.853515625 0.1396484375 0.0703125
1 0.7666015625 0.22265625 0.1591796875 0.0830078125
1 0.8515625 0.578125 0.17578125 0.087890625
1 0.6171875 0.4873046875 0.10546875 0.044921875
1 0.748046875 0.66796875 0.162109375 0.0673828125
1 0.791015625 0.7822265625 0.1328125 0.064453125
1 0.916015625 0.7705078125 0.1494140625 0.0576171875
1 0.5234375 0.98046875 0.126953125 0.0380859375
1 0.748046875 0.9541015625 0.1328125 0.0595703125
1 0.73828125 0.9755859375 0.123046875 0.0478515625
1 0.5322265625 0.775390625 0.099609375 0.0380859375
1 0.9287109375 0.853515625 0.134765625 0.0576171875
1 0.640625 0.5322265625 0.123046875 0.064453125
1 0.892578125 0.654296875 0.1376953125 0.0498046875
1 0.9091796875 0.4189453125 0.169921875 0.0693359375
1 0.958984375 0.5107421875 0.0751953125 0.068359375
1 0.90234375 0.6142578125 0.169921875 0.0498046875
1 0.939453125 0.703125 0.115234375 0.04296875
1 0.96484375 0.947265625 0.0703125 0.044921875
1 0.9052734375 0.212890625 0.1416015625 0.0478515625
1 0.8251953125 0.1640625 0.1279296875 0.0595703125
1 0.9443359375 0.1396484375 0.10546875 0.080078125
1 0.953125 0.2509765625 0.0849609375 0.0615234375
1 0.947265625 0.0390625 0.10546875 0.0595703125
1 0.8291015625 0.0244140625 0.0693359375 0.0498046875
1 0.966796875 0.294921875 0.0654296875 0.0419921875
1 0.9697265625 0.8076171875 0.0546875 0.0341796875
1 0.9736328125 0.896484375 0.0517578125 0.0498046875
1 0.3388671875 0.4345703125 0.6787109375 0.5703125
1 0.8017578125 0.2099609375 0.2919921875 0.3486328125
