1 0.3662109375 0.0859375 0.0810546875 0.09375
1 0.796875 0.0927734375 0.0712890625 0.0859375
1 0.7265625 0.1396484375 0.07421875 0.078125
1 0.2802734375 0.3369140625 0.0986328125 0.0517578125
1 0.8994140625 0.0322265625 0.064453125 0.0634765625
1 0.40625 0.259765625 0.08203125 0.0380859375
1 0.9912109375 0.548828125 0.0166015625 0.087890625
1 0.4990234375 0.111328125 0.0927734375 0.0654296875
1 0.2451171875 0.0966796875 0.0966796875 0.0517578125
1 0.5419921875 0.26171875 0.0615234375 0.0712890625
1 0.40234375 0.92578125 0.09375 0.0478515625
1 0.5224609375 0.8505859375 0.130859375 0.080078125
1 0.9306640625 0.3857421875 0.0732421875 0.0419921875
1 0.6923828125 0.59765625 0.1171875 0.0517578125
1 0.05859375 0.6630859375 0.115234375 0.0517578125
1 0.6025390625 0.7275390625 0.0810546875 0.048828125
1 0.1376953125 0.3466796875 0.091796875 0.0625
1 0.0322265625 0.3857421875 0.064453125 0.046875
1 0.6552734375 0.8544921875 0.0810546875 0.064453125
1 0.54296875 0.3291015625 0.060546875 0.0654296875
1 0.154296875 0.51171875 0.083984375 0.052734375
1 0.8515625 0.560546875 0.091796875 0.04296875
1 0.72265625 0.0576171875 0.0322265625 0.0771484375
1 0.732421875 0.966796875 0.037109375 0.0654296875
1 0.0849609375 0.767578125 0.0947265625 0.05859375
1 0.29296875 0.3818359375 0.0654296875 0.0478515625
1 0.77734375 0.6494140625 0.0771484375 0.048828125
1 0.77734375 0.0263671875 0.0703125 0.052734375
1 0.6005859375 0.1083984375 0.0771484375 0.0537109375
1 0.5439453125 0.017578125 0.0439453125 0.03515625
1 0.4072265625 0.0546875 0.06640625 0.0703125
1 0.6337890625 0.6328125 0.0556640625 0.044921875
1 0.763671875 0.7734375 0.0634765625 0.0400390625
1 0.9169921875 0.62109375 0.052734375 0.0732421875
1 0.0224609375 0.0576171875 0.0458984375 0.041015625
1 0.623046875 0.2861328125 0.072265625 0.0625
1 0.095703125 0.853515625 0.0927734375 0.0478515625
1 0.9814453125 0.7333984375 0.0361328125 0.0400390625
1 0.5556640625 0.537109375 0.0625 0.076171875
1 0.435546875 0.615234375 0.095703125 0.0615234375
1 0.12109375 0.28515625 0.1015625 0.0361328125
1 0.6044921875 0.69140625 0.0751953125 0.02734375
1 0.578125 0.583984375 0.05859375 0.03125
1 0.521484375 0.7060546875 0.0615234375 0.056640625
1 0.7060546875 0.01171875 0.0615234375 0.0234375
1 0.287109375 0.7265625 0.1328125 0.0576171875
1 0.6923828125 0.9306640625 0.0537109375 0.0517578125
1 0.9189453125 0.5556640625 0.0625 0.052734375
1 0.109375 0.9765625 0.0859375 0.044921875
1 0.244140625 0.640625 0.0673828125 0.0615234375
1 0.84375 0.96484375 0.0517578125 0.0283203125
1 0.9248046875 0.6787109375 0.0732421875 0.0498046875
1 0.5595703125 0.6484375 0.0810546875 0.0400390625
1 0.7724609375 0.4189453125 0.0771484375 0.0537109375
1 0.6064453125 0.9638671875 0.07421875 0.0390625
1 0.8876953125 0.9453125 0.064453125 0.048828125
1 0.5791015625 0.0595703125 0.083984375 0.0400390625
1 0.537109375 0.9765625 0.0634765625 0.046875
1 0.1875 0.755859375 0.091796875 0.052734375
1 0.0830078125 0.44140625 0.072265625 0.0439453125
1 0.7666015625 0.3642578125 0.0712890625 0.052734375
1 0.74609375 0.046875 0.02734375 0.0625
1 0.1337890625 0.9111328125 0.0732421875 0.021484375
1 0.765625 0.5283203125 0.0556640625 0.0498046875
1 0.8876953125 0.728515625 0.0595703125 0.056640625
1 0.16015625 0.4453125 0.1181640625 0.0419921875
1 0.353515625 0.9755859375 0.068359375 0.0478515625
1 0.833984375 0.76171875 0.0576171875 0.0283203125
1 0.6611328125 0.5341796875 0.0595703125 0.0556640625
1 0.8212890625 0.009765625 0.0546875 0.0205078125
1 0.234375 0.955078125 0.0966796875 0.0458984375
1 0.41796875 0.009765625 0.080078125 0.0205078125
1 0.5654296875 0.97265625 0.0673828125 0.0546875
1 0.6787109375 0.0419921875 0.0625 0.0478515625
1 0.2265625 0.287109375 0.0810546875 0.0478515625
1 0.3955078125 0.3974609375 0.1044921875 0.0419921875
1 0.4462890625 0.654296875 0.083984375 0.03515625
1 0.1904296875 0.3857421875 0.06640625 0.0517578125
1 0.0224609375 0.2138671875 0.0419921875 0.0537109375
1 0.7109375 0.9208984375 0.0419921875 0.0576171875
1 0.912109375 0.982421875 0.0615234375 0.0283203125
1 0.7294921875 0.55859375 0.0869140625 0.0595703125
1 0.7412109375 0.2119140625 0.0703125 0.044921875
1 0.2451171875 0.23828125 0.0791015625 0.041015625
1 0.5986328125 0.1748046875 0.0849609375 0.046875
1 0.98046875 0.0947265625 0.0390625 0.0478515625
1 0.8896484375 0.8056640625 0.046875 0.0322265625
1 0.1455078125 0.9296875 0.0712890625 0.033203125
1 0.287109375 0.6904296875 0.09375 0.0517578125
1 0.763671875 0.728515625 0.0615234375 0.0361328125
1 0.6220703125 0.1416015625 0.048828125 0.0341796875
1 0.4443359375 0.7841796875 0.0478515625 0.0283203125
