1 0.0400390625 0.2060546875 0.0810546875 0.0927734375
1 0.02734375 0.5322265625 0.05078125 0.076171875
1 0.291015625 0.5546875 0.0673828125 0.0517578125
1 0.134765625 0.693359375 0.087890625 0.09375
1 0.0673828125 0.759765625 0.046875 0.060546875
1 0.1162109375 0.80078125 0.0751953125 0.1181640625
1 0.0498046875 0.8681640625 0.0947265625 0.0810546875
1 0.244140625 0.8505859375 0.1005859375 0.0810546875
1 0.14453125 0.98046875 0.0771484375 0.0390625
1 0.369140625 0.9287109375 0.0751953125 0.08203125
1 0.443359375 0.939453125 0.068359375 0.0791015625
1 0.51171875 0.92578125 0.0751953125 0.0771484375
1 0.6083984375 0.984375 0.0732421875 0.0302734375
1 0.84765625 0.8955078125 0.087890625 0.095703125
1 0.71484375 0.7626953125 0.087890625 0.068359375
1 0.5927734375 0.736328125 0.083984375 0.087890625
1 0.513671875 0.75390625 0.0654296875 0.0830078125
1 0.544921875 0.6201171875 0.0615234375 0.0634765625
1 0.62890625 0.6630859375 0.0556640625 0.068359375
1 0.4580078125 0.6064453125 0.0654296875 0.0546875
1 0.4453125 0.5302734375 0.060546875 0.068359375
1 0.498046875 0.5263671875 0.0576171875 0.0693359375
1 0.5380859375 0.4951171875 0.0751953125 0.07421875
1 0.6435546875 0.517578125 0.0625 0.05078125
1 0.7734375 0.634765625 0.0927734375 0.0712890625
1 0.744140625 0.44140625 0.068359375 0.0771484375
1 0.9775390625 0.466796875 0.0439453125 0.0615234375
1 0.962890625 0.61328125 0.07421875 0.0712890625
1 0.94921875 0.6953125 0.0556640625 0.08203125
1 0.9853515625 0.853515625 0.0283203125 0.0615234375
1 0.9765625 0.9267578125 0.0458984375 0.0849609375
1 0.5458984375 0.0146484375 0.0927734375 0.0302734375
1 0.525390625 0.099609375 0.0751953125 0.0751953125
1 0.734375 0.0849609375 0.0888671875 0.0712890625
1 0.048828125 0.9306640625 0.078125 0.072265625
1 0.6044921875 0.6162109375 0.07421875 0.0634765625
1 0.3916015625 0.98828125 0.0703125 0.0234375
1 0.98828125 0.712890625 0.0234375 0.064453125
