1 0.22265625 0.1298828125 0.0947265625 0.095703125
1 0.33203125 0.205078125 0.068359375 0.07421875
1 0.0390625 0.1474609375 0.078125 0.09765625
1 0.1025390625 0.1396484375 0.0625 0.064453125
1 0.087890625 0.0380859375 0.083984375 0.0771484375
1 0.1826171875 0.041015625 0.0908203125 0.0712890625
1 0.4033203125 0.1162109375 0.083984375 0.0810546875
1 0.5078125 0.12890625 0.0625 0.0625
1 0.0341796875 0.3212890625 0.052734375 0.080078125
1 0.1640625 0.4208984375 0.05859375 0.052734375
1 0.16796875 0.5146484375 0.080078125 0.080078125
1 0.046875 0.689453125 0.0693359375 0.1240234375
1 0.11328125 0.7177734375 0.0830078125 0.0712890625
1 0.05078125 0.79296875 0.0908203125 0.0791015625
1 0.2626953125 0.6396484375 0.0625 0.0791015625
1 0.3466796875 0.7724609375 0.09765625 0.0732421875
1 0.4208984375 0.6533203125 0.07421875 0.0791015625
1 0.5595703125 0.7294921875 0.083984375 0.08203125
1 0.5166015625 0.8515625 0.078125 0.076171875
1 0.4375 0.9599609375 0.1064453125 0.080078125
1 0.6416015625 0.8984375 0.0751953125 0.0859375
1 0.6845703125 0.796875 0.0712890625 0.068359375
1 0.80078125 0.7880859375 0.140625 0.076171875
1 0.8330078125 0.9521484375 0.080078125 0.0908203125
1 0.7265625 0.646484375 0.08203125 0.0703125
1 0.6552734375 0.6962890625 0.0673828125 0.076171875
1 0.6279296875 0.56640625 0.0712890625 0.0537109375
1 0.6328125 0.482421875 0.0830078125 0.08203125
1 0.791015625 0.431640625 0.0732421875 0.0927734375
1 0.859375 0.6162109375 0.07421875 0.08203125
1 0.943359375 0.357421875 0.0693359375 0.078125
1 0.54296875 0.2900390625 0.08984375 0.0732421875
1 0.580078125 0.1884765625 0.142578125 0.07421875
1 0.841796875 0.1044921875 0.0791015625 0.0830078125
1 0.919921875 0.140625 0.0712890625 0.07421875
1 0.9677734375 0.2138671875 0.064453125 0.064453125
1 0.7978515625 0.20703125 0.0703125 0.0673828125
1 0.69140625 0.1259765625 0.05859375 0.0693359375
1 0.6982421875 0.0654296875 0.0751953125 0.0693359375
1 0.8076171875 0.0302734375 0.0712890625 0.05859375
1 0.529296875 0.50390625 0.0712890625 0.0703125
1 0.212890625 0.8291015625 0.0791015625 0.0703125
1 0.2138671875 0.2900390625 0.048828125 0.0498046875
1 0.533203125 0.2294921875 0.068359375 0.0625
1 0.9111328125 0.041015625 0.125 0.080078125
1 0.458984375 0.576171875 0.0625 0.05859375
1 0.17578125 0.6494140625 0.072265625 0.0712890625
1 0.8720703125 0.5673828125 0.0712890625 0.05859375
1 0.6728515625 0.62890625 0.048828125 0.0830078125
1 0.732421875 0.927734375 0.0478515625 0.0693359375
1 0.5126953125 0.0166015625 0.052734375 0.033203125
1 0.572265625 0.015625 0.0498046875 0.0322265625
1 0.71484375 0.169921875 0.0419921875 0.0537109375
1 0.173828125 0.0087890625 0.099609375 0.017578125
