1 0.1640625 0.1943359375 0.0703125 0.083984375
1 0.4033203125 0.1845703125 0.142578125 0.1318359375
1 0.2744140625 0.322265625 0.0810546875 0.115234375
1 0.0439453125 0.3818359375 0.087890625 0.083984375
1 0.134765625 0.3935546875 0.072265625 0.115234375
1 0.15625 0.724609375 0.109375 0.142578125
1 0.3505859375 0.419921875 0.1162109375 0.1455078125
1 0.48828125 0.4267578125 0.0556640625 0.068359375
1 0.5419921875 0.4814453125 0.0888671875 0.0771484375
1 0.6357421875 0.3720703125 0.09765625 0.0712890625
1 0.48046875 0.6630859375 0.0771484375 0.12890625
1 0.408203125 0.712890625 0.1015625 0.091796875
1 0.2158203125 0.916015625 0.087890625 0.0625
1 0.365234375 0.966796875 0.068359375 0.0654296875
1 0.2998046875 0.978515625 0.0654296875 0.04296875
1 0.98046875 0.9404296875 0.0361328125 0.05078125
1 0.7197265625 0.9794921875 0.1142578125 0.041015625
1 0.6337890625 0.8505859375 0.08203125 0.0791015625
1 0.5966796875 0.732421875 0.0625 0.0927734375
1 0.6240234375 0.66015625 0.0859375 0.076171875
1 0.7412109375 0.6640625 0.06640625 0.0966796875
1 0.7978515625 0.595703125 0.08203125 0.103515625
1 0.7431640625 0.4296875 0.0673828125 0.052734375
1 0.7509765625 0.4619140625 0.0810546875 0.0458984375
1 0.87109375 0.5029296875 0.064453125 0.0458984375
1 0.896484375 0.4189453125 0.08203125 0.0576171875
1 0.9345703125 0.380859375 0.0498046875 0.052734375
1 0.8896484375 0.3701171875 0.060546875 0.0556640625
1 0.0966796875 0.373046875 0.064453125 0.1220703125
1 0.0185546875 0.4794921875 0.037109375 0.076171875
1 0.982421875 0.2841796875 0.0341796875 0.0732421875
1 0.708984375 0.416015625 0.04296875 0.041015625
1 0.85546875 0.443359375 0.0751953125 0.0517578125
1 0.80078125 0.41796875 0.099609375 0.0712890625
1 0.849609375 0.515625 0.0849609375 0.056640625
1 0.939453125 0.951171875 0.0625 0.048828125
