1 0.052734375 0.5732421875 0.068359375 0.0673828125
1 0.0966796875 0.5302734375 0.076171875 0.0849609375
1 0.1015625 0.4375 0.0625 0.08984375
1 0.1904296875 0.38671875 0.0693359375 0.0888671875
1 0.1220703125 0.3525390625 0.0537109375 0.064453125
1 0.345703125 0.400390625 0.06640625 0.078125
1 0.2138671875 0.201171875 0.14453125 0.060546875
1 0.1181640625 0.06640625 0.060546875 0.0673828125
1 0.0244140625 0.0537109375 0.0498046875 0.0634765625
1 0.3193359375 0.0185546875 0.087890625 0.0380859375
1 0.1640625 0.1005859375 0.0751953125 0.05859375
1 0.3583984375 0.11328125 0.095703125 0.068359375
1 0.3798828125 0.208984375 0.0791015625 0.0654296875
1 0.5068359375 0.3232421875 0.142578125 0.0712890625
1 0.498046875 0.271484375 0.0751953125 0.04296875
1 0.6455078125 0.216796875 0.072265625 0.0830078125
1 0.7578125 0.2861328125 0.0771484375 0.0830078125
1 0.7294921875 0.3427734375 0.060546875 0.0673828125
1 0.7744140625 0.419921875 0.0751953125 0.1064453125
1 0.591796875 0.3916015625 0.0830078125 0.0556640625
1 0.541015625 0.166015625 0.1005859375 0.05859375
1 0.4833984375 0.111328125 0.1201171875 0.0439453125
1 0.4501953125 0.0419921875 0.0625 0.0712890625
1 0.5712890625 0.0478515625 0.068359375 0.052734375
1 0.64453125 0.0126953125 0.0859375 0.025390625
1 0.708984375 0.041015625 0.1005859375 0.0634765625
1 0.2734375 0.5146484375 0.1259765625 0.064453125
1 0.2109375 0.642578125 0.208984375 0.0634765625
1 0.12890625 0.75 0.11328125 0.0390625
1 0.0908203125 0.7998046875 0.091796875 0.0576171875
1 0.1689453125 0.857421875 0.07421875 0.0478515625
1 0.1025390625 0.9560546875 0.0625 0.087890625
1 0.3505859375 0.8720703125 0.111328125 0.0703125
1 0.5625 0.8671875 0.142578125 0.1083984375
1 0.4365234375 0.9775390625 0.0634765625 0.0439453125
1 0.548828125 0.783203125 0.05859375 0.0771484375
1 0.5439453125 0.677734375 0.0859375 0.0673828125
1 0.62109375 0.7744140625 0.068359375 0.060546875
1 0.7265625 0.845703125 0.0771484375 0.0419921875
1 0.7470703125 0.7490234375 0.0830078125 0.0576171875
1 0.783203125 0.6669921875 0.14453125 0.076171875
1 0.9443359375 0.634765625 0.099609375 0.087890625
1 0.6845703125 0.5517578125 0.10546875 0.06640625
1 0.6552734375 0.4697265625 0.080078125 0.0625
1 0.6875 0.89453125 0.060546875 0.05078125
1 0.822265625 0.94921875 0.1142578125 0.07421875
1 0.53515625 0.4970703125 0.0869140625 0.10546875
1 0.4462890625 0.498046875 0.1083984375 0.1015625
1 0.3798828125 0.728515625 0.0732421875 0.064453125
1 0.8955078125 0.7841796875 0.0654296875 0.052734375
1 0.845703125 0.83984375 0.0537109375 0.076171875
1 0.9287109375 0.8564453125 0.064453125 0.068359375
1 0.962890625 0.3681640625 0.07421875 0.056640625
1 0.9765625 0.5166015625 0.0458984375 0.0576171875
1 0.8642578125 0.291015625 0.0859375 0.0625
1 0.95703125 0.2802734375 0.0654296875 0.0771484375
1 0.8466796875 0.1572265625 0.087890625 0.1025390625
1 0.890625 0.078125 0.09765625 0.056640625
1 0.966796875 0.1181640625 0.06640625 0.0576171875
1 0.458984375 0.169921875 0.05078125 0.044921875
1 0.029296875 0.1611328125 0.05859375 0.091796875
1 0.0224609375 0.2724609375 0.0458984375 0.0859375
1 0.5888671875 0.228515625 0.0732421875 0.0615234375
1 0.0576171875 0.318359375 0.06640625 0.0634765625
1 0.681640625 0.71484375 0.046875 0.0498046875
