1 0.1728515625 0.44921875 0.0595703125 0.076171875
1 0.44921875 0.3603515625 0.0693359375 0.0673828125
1 0.2646484375 0.4482421875 0.037109375 0.0712890625
1 0.2275390625 0.1689453125 0.05859375 0.064453125
1 0.6396484375 0.6865234375 0.0673828125 0.0595703125
1 0.0703125 0.4345703125 0.0947265625 0.099609375
1 0.3642578125 0.46875 0.0703125 0.0615234375
1 0.7119140625 0.423828125 0.0361328125 0.06640625
1 0.95703125 0.2255859375 0.03515625 0.0546875
1 0.37109375 0.3876953125 0.0615234375 0.052734375
1 0.8291015625 0.44140625 0.0458984375 0.068359375
1 0.14453125 0.2119140625 0.05859375 0.0517578125
1 0.26171875 0.0703125 0.076171875 0.0576171875
1 0.859375 0.80078125 0.0517578125 0.0654296875
1 0.9638671875 0.07421875 0.0439453125 0.05859375
1 0.4873046875 0.650390625 0.0556640625 0.0439453125
1 0.5859375 0.1337890625 0.05078125 0.0390625
1 0.2470703125 0.298828125 0.0625 0.046875
1 0.359375 0.01953125 0.044921875 0.0390625
1 0.3818359375 0.2509765625 0.0478515625 0.0556640625
1 0.87109375 0.923828125 0.0693359375 0.0361328125
1 0.5732421875 0.5546875 0.0439453125 0.060546875
1 0.052734375 0.462890625 0.0400390625 0.07421875
1 0.26953125 0.3603515625 0.0556640625 0.060546875
1 0.953125 0.6533203125 0.0517578125 0.033203125
1 0.421875 0.4287109375 0.0400390625 0.060546875
1 0.4814453125 0.24609375 0.046875 0.05859375
1 0.423828125 0.2998046875 0.0517578125 0.0380859375
1 0.2333984375 0.6865234375 0.0546875 0.029296875
1 0.0771484375 0.20703125 0.0419921875 0.060546875
1 0.427734375 0.498046875 0.0498046875 0.03515625
1 0.8681640625 0.8603515625 0.0263671875 0.0693359375
1 0.07421875 0.05078125 0.044921875 0.0537109375
1 0.7392578125 0.7705078125 0.044921875 0.0595703125
1 0.021484375 0.0712890625 0.0439453125 0.04296875
1 0.3984375 0.533203125 0.044921875 0.05078125
1 0.4404296875 0.9521484375 0.05078125 0.025390625
1 0.892578125 0.751953125 0.037109375 0.048828125
1 0.9111328125 0.8408203125 0.05078125 0.037109375
1 0.76953125 0.7763671875 0.046875 0.0625
1 0.2802734375 0.50390625 0.048828125 0.0498046875
1 0.41796875 0.38671875 0.0478515625 0.046875
1 0.302734375 0.873046875 0.0615234375 0.0234375
1 0.4501953125 0.78515625 0.0498046875 0.0380859375
1 0.5283203125 0.9169921875 0.0419921875 0.0419921875
1 0.4453125 0.537109375 0.0517578125 0.0576171875
1 0.615234375 0.3388671875 0.044921875 0.02734375
1 0.3974609375 0.1953125 0.046875 0.0224609375
1 0.8173828125 0.0302734375 0.046875 0.056640625
1 0.3125 0.5517578125 0.046875 0.025390625
1 0.673828125 0.080078125 0.046875 0.0478515625
1 0.5126953125 0.23828125 0.04296875 0.0283203125
1 0.37109375 0.8359375 0.0478515625 0.0400390625
1 0.8427734375 0.9794921875 0.0263671875 0.0400390625
1 0.1611328125 0.7412109375 0.0498046875 0.0439453125
1 0.4072265625 0.7080078125 0.0537109375 0.025390625
1 0.685546875 0.880859375 0.046875 0.0791015625
1 0.5244140625 0.220703125 0.033203125 0.05078125
1 0.3994140625 0.650390625 0.0361328125 0.0439453125
1 0.740234375 0.5693359375 0.033203125 0.0517578125
1 0.08203125 0.693359375 0.0615234375 0.041015625
1 0.1921875 0.65263671875 0.08291015624999998 0.03134765625000002
1 0.11328125 0.7568359375 0.046875 0.0478515625
1 0.5771484375 0.400390625 0.025390625 0.0625
1 0.4638671875 0.080078125 0.041015625 0.0400390625
1 0.7177734375 0.6669921875 0.033203125 0.0458984375
1 0.9697265625 0.9296875 0.0380859375 0.0322265625
1 0.7353515625 0.7275390625 0.029296875 0.05078125
1 0.962890625 0.8076171875 0.041015625 0.0361328125
1 0.5869140625 0.0791015625 0.0341796875 0.0537109375
1 0.96484375 0.0126953125 0.0283203125 0.0263671875
1 0.259765625 0.5849609375 0.0302734375 0.0439453125
1 0.2060546875 0.6201171875 0.0595703125 0.056640625
1 0.421875 0.671875 0.04296875 0.046875
1 0.5478515625 0.6748046875 0.05078125 0.0322265625
1 0.5673828125 0.7041015625 0.046875 0.03515625
1 0.55859375 0.7265625 0.0517578125 0.0302734375
1 0.39453125 0.7509765625 0.0498046875 0.029296875
1 0.3427734375 0.7734375 0.03515625 0.052734375
1 0.740234375 0.4970703125 0.05078125 0.033203125
1 0.6298828125 0.4873046875 0.05078125 0.044921875
1 0.59375 0.435546875 0.048828125 0.037109375
1 0.6484375 0.6171875 0.0419921875 0.033203125
1 0.6904296875 0.6259765625 0.0498046875 0.0390625
1 0.1513671875 0.0458984375 0.0576171875 0.0537109375
1 0.755859375 0.1689453125 0.0361328125 0.0322265625
1 0.1552734375 0.9345703125 0.048828125 0.044921875
