1 0.044921875 0.1494140625 0.0849609375 0.095703125
1 0.05859375 0.3515625 0.0849609375 0.0693359375
1 0.03515625 0.5556640625 0.0712890625 0.08984375
1 0.1279296875 0.578125 0.1142578125 0.068359375
1 0.1357421875 0.4833984375 0.0888671875 0.060546875
1 0.4775390625 0.423828125 0.0869140625 0.0830078125
1 0.287109375 0.2705078125 0.087890625 0.0615234375
1 0.193359375 0.2919921875 0.064453125 0.0556640625
1 0.3623046875 0.21484375 0.0849609375 0.06640625
1 0.26171875 0.1640625 0.0751953125 0.07421875
1 0.3408203125 0.1083984375 0.0703125 0.06640625
1 0.5849609375 0.18359375 0.0966796875 0.0859375
1 0.4462890625 0.0224609375 0.091796875 0.0458984375
1 0.3095703125 0.0361328125 0.0810546875 0.072265625
1 0.619140625 0.0478515625 0.11328125 0.095703125
1 0.810546875 0.1103515625 0.0634765625 0.076171875
1 0.8642578125 0.1083984375 0.0810546875 0.0810546875
1 0.9541015625 0.09375 0.0908203125 0.0927734375
1 0.0322265625 0.822265625 0.0654296875 0.1259765625
1 0.0458984375 0.7314453125 0.080078125 0.0732421875
1 0.2548828125 0.6904296875 0.1328125 0.076171875
1 0.4462890625 0.9609375 0.0966796875 0.078125
1 0.3759765625 0.85546875 0.087890625 0.0859375
1 0.791015625 0.83984375 0.1162109375 0.083984375
1 0.9638671875 0.7919921875 0.072265625 0.0654296875
1 0.8388671875 0.6181640625 0.06640625 0.0703125
1 0.7265625 0.537109375 0.091796875 0.0830078125
1 0.6142578125 0.6650390625 0.078125 0.076171875
1 0.52734375 0.537109375 0.0986328125 0.076171875
1 0.60546875 0.525390625 0.0869140625 0.06640625
1 0.9609375 0.55859375 0.078125 0.0556640625
1 0.830078125 0.3671875 0.1416015625 0.076171875
1 0.91796875 0.2578125 0.119140625 0.0498046875
1 0.9404296875 0.294921875 0.095703125 0.05078125
1 0.791015625 0.2255859375 0.1591796875 0.06640625
1 0.67578125 0.91015625 0.1435546875 0.08203125
1 0.7890625 0.962890625 0.0751953125 0.07421875
1 0.4150390625 0.056640625 0.078125 0.0625
