1 0.7587890625 0.8154296875 0.1201171875 0.1025390625
1 0.8076171875 0.421875 0.0771484375 0.10546875
1 0.6728515625 0.2900390625 0.0869140625 0.1123046875
1 0.6591796875 0.375 0.125 0.0576171875
1 0.4677734375 0.0283203125 0.0732421875 0.056640625
1 0.970703125 0.724609375 0.0576171875 0.14453125
1 0.3544921875 0.6552734375 0.099609375 0.1318359375
1 0.6689453125 0.115234375 0.1494140625 0.1279296875
1 0.478515625 0.6015625 0.0625 0.1005859375
1 0.87890625 0.0869140625 0.1728515625 0.0703125
1 0.537109375 0.78125 0.185546875 0.0947265625
1 0.1474609375 0.419921875 0.080078125 0.1376953125
1 0.150390625 0.6357421875 0.09765625 0.171875
1 0.5126953125 0.3603515625 0.0576171875 0.0625
1 0.5341796875 0.6396484375 0.1103515625 0.060546875
1 0.408203125 0.0849609375 0.078125 0.1025390625
1 0.064453125 0.8193359375 0.07421875 0.134765625
1 0.6806640625 0.443359375 0.08203125 0.091796875
1 0.5947265625 0.5107421875 0.064453125 0.142578125
1 0.3701171875 0.4404296875 0.2822265625 0.0830078125
1 0.3994140625 0.158203125 0.115234375 0.0576171875
1 0.912109375 0.939453125 0.14453125 0.115234375
1 0.70703125 0.56640625 0.07421875 0.0498046875
1 0.5908203125 0.0771484375 0.072265625 0.0546875
1 0.2177734375 0.693359375 0.0966796875 0.08203125
1 0.396484375 0.5546875 0.0751953125 0.060546875
1 0.32421875 0.181640625 0.1455078125 0.0947265625
1 0.5654296875 0.9345703125 0.1318359375 0.130859375
1 0.7060546875 0.943359375 0.087890625 0.107421875
1 0.908203125 0.7109375 0.078125 0.126953125
1 0.275390625 0.9404296875 0.2119140625 0.1123046875
1 0.0693359375 0.3134765625 0.1298828125 0.087890625
1 0.0517578125 0.23046875 0.0849609375 0.09765625
1 0.8525390625 0.6982421875 0.0927734375 0.080078125
1 0.03515625 0.380859375 0.0673828125 0.1171875
1 0.337890625 0.2001953125 0.107421875 0.0576171875
1 0.0888671875 0.3720703125 0.1748046875 0.060546875
1 0.01953125 0.2060546875 0.0390625 0.0654296875
1 0.744140625 0.095703125 0.1455078125 0.0576171875
1 0.287109375 0.47265625 0.0703125 0.0380859375
1 0.0302734375 0.7197265625 0.0576171875 0.080078125
1 0.1181640625 0.69140625 0.126953125 0.2099609375
