1 0.009765625 0.9482421875 0.01953125 0.1025390625
1 0.060546875 0.9677734375 0.0791015625 0.064453125
1 0.2177734375 0.8876953125 0.0791015625 0.0791015625
1 0.3330078125 0.91015625 0.091796875 0.0791015625
1 0.3564453125 0.83984375 0.072265625 0.06640625
1 0.2216796875 0.8271484375 0.1181640625 0.07421875
1 0.0791015625 0.8125 0.115234375 0.1015625
1 0.0263671875 0.8427734375 0.0537109375 0.123046875
1 0.2802734375 0.75 0.0625 0.0625
1 0.44140625 0.701171875 0.0693359375 0.078125
1 0.576171875 0.8056640625 0.091796875 0.07421875
1 0.5751953125 0.89453125 0.109375 0.1181640625
1 0.5556640625 0.9736328125 0.0595703125 0.0517578125
1 0.2861328125 0.556640625 0.07421875 0.0654296875
1 0.298828125 0.50390625 0.0654296875 0.0595703125
1 0.3505859375 0.4326171875 0.095703125 0.0849609375
1 0.0126953125 0.388671875 0.025390625 0.0517578125
1 0.037109375 0.3603515625 0.0751953125 0.087890625
1 0.037109375 0.4384765625 0.07421875 0.0830078125
1 0.2509765625 0.3212890625 0.0859375 0.0654296875
1 0.22265625 0.259765625 0.0625 0.0576171875
1 0.107421875 0.2099609375 0.0703125 0.0595703125
1 0.037109375 0.208984375 0.07421875 0.056640625
1 0.068359375 0.0302734375 0.083984375 0.060546875
1 0.18359375 0.0419921875 0.095703125 0.0849609375
1 0.7900390625 0.0146484375 0.0908203125 0.0302734375
1 0.7431640625 0.091796875 0.0546875 0.0859375
1 0.798828125 0.0966796875 0.0712890625 0.080078125
1 0.541015625 0.275390625 0.1337890625 0.08984375
1 0.5927734375 0.2822265625 0.1376953125 0.1494140625
1 0.681640625 0.2646484375 0.0595703125 0.0859375
1 0.75 0.2822265625 0.1005859375 0.068359375
1 0.6103515625 0.35546875 0.0654296875 0.07421875
1 0.5244140625 0.447265625 0.06640625 0.056640625
1 0.6982421875 0.4814453125 0.0751953125 0.0712890625
1 0.80078125 0.466796875 0.0625 0.056640625
1 0.849609375 0.3642578125 0.107421875 0.0791015625
1 0.8330078125 0.4228515625 0.0595703125 0.060546875
1 0.6201171875 0.6455078125 0.19140625 0.1748046875
1 0.6884765625 0.84375 0.0830078125 0.0810546875
1 0.8193359375 0.8515625 0.091796875 0.056640625
1 0.7861328125 0.775390625 0.087890625 0.05859375
1 0.6865234375 0.9521484375 0.1015625 0.0615234375
1 0.9560546875 0.4091796875 0.0498046875 0.0830078125
1 0.9833984375 0.4873046875 0.033203125 0.0537109375
1 0.9462890625 0.578125 0.1064453125 0.1279296875
1 0.9287109375 0.7822265625 0.0556640625 0.0556640625
1 0.841796875 0.8056640625 0.0869140625 0.0771484375
1 0.9521484375 0.8798828125 0.0888671875 0.078125
1 0.97265625 0.921875 0.0498046875 0.072265625
1 0.9111328125 0.9609375 0.068359375 0.078125
1 0.357421875 0.4794921875 0.0517578125 0.060546875
1 0.82421875 0.875 0.1025390625 0.0400390625
