1 0.4169921875 0.6875 0.185546875 0.0927734375
1 0.4638671875 0.7998046875 0.1494140625 0.080078125
1 0.029296875 0.5830078125 0.0595703125 0.09765625
1 0.07421875 0.2587890625 0.134765625 0.0751953125
1 0.8203125 0.0478515625 0.1318359375 0.0673828125
1 0.4130859375 0.2880859375 0.123046875 0.087890625
1 0.638671875 0.61328125 0.0625 0.0673828125
1 0.73828125 0.876953125 0.171875 0.095703125
1 0.8994140625 0.8212890625 0.14453125 0.0498046875
1 0.5166015625 0.3876953125 0.1044921875 0.0673828125
1 0.8642578125 0.751953125 0.1396484375 0.0703125
1 0.4228515625 0.5703125 0.0830078125 0.0830078125
1 0.8076171875 0.38671875 0.2470703125 0.0654296875
1 0.86328125 0.6328125 0.1328125 0.1875
1 0.908203125 0.90625 0.1826171875 0.0849609375
1 0.2880859375 0.5390625 0.1123046875 0.1044921875
1 0.046875 0.4130859375 0.0947265625 0.162109375
1 0.076171875 0.658203125 0.15234375 0.1025390625
1 0.6064453125 0.931640625 0.1357421875 0.0654296875
1 0.640625 0.50390625 0.0625 0.0595703125
1 0.6826171875 0.734375 0.1220703125 0.0751953125
1 0.609375 0.2802734375 0.125 0.0673828125
1 0.208984375 0.6826171875 0.1494140625 0.1025390625
1 0.037109375 0.1171875 0.07421875 0.064453125
1 0.1162109375 0.9560546875 0.142578125 0.087890625
1 0.8974609375 0.1259765625 0.1826171875 0.087890625
1 0.0341796875 0.9765625 0.0693359375 0.0458984375
1 0.1240234375 0.765625 0.1806640625 0.0927734375
1 0.255859375 0.177734375 0.091796875 0.1669921875
1 0.36328125 0.8984375 0.265625 0.09765625
1 0.619140625 0.69921875 0.0751953125 0.0849609375
1 0.1318359375 0.431640625 0.0849609375 0.1494140625
1 0.4072265625 0.435546875 0.1796875 0.08203125
1 0.12890625 0.19140625 0.0751953125 0.1396484375
1 0.2275390625 0.291015625 0.1025390625 0.107421875
1 0.6396484375 0.4091796875 0.115234375 0.0595703125
1 0.8671875 0.431640625 0.0703125 0.0654296875
1 0.6416015625 0.11328125 0.0751953125 0.0625
1 0.796875 0.6630859375 0.080078125 0.0625
1 0.51953125 0.1220703125 0.109375 0.064453125
1 0.5751953125 0.162109375 0.0771484375 0.07421875
1 0.201171875 0.181640625 0.0625 0.0751953125
1 0.56640625 0.025390625 0.1201171875 0.0478515625
1 0.75 0.126953125 0.1123046875 0.05078125
1 0.2822265625 0.59375 0.10546875 0.0751953125
1 0.5224609375 0.462890625 0.169921875 0.0771484375
1 0.3232421875 0.134765625 0.087890625 0.0703125
1 0.9404296875 0.2392578125 0.1181640625 0.0703125
1 0.1708984375 0.85546875 0.078125 0.052734375
1 0.7001953125 0.189453125 0.2119140625 0.0703125
1 0.7568359375 0.80859375 0.099609375 0.0625
1 0.357421875 0.3369140625 0.1025390625 0.060546875
1 0.7138671875 0.2265625 0.1552734375 0.0908203125
1 0.2138671875 0.802734375 0.1201171875 0.1572265625
1 0.8193359375 0.9697265625 0.115234375 0.060546875
1 0.921875 0.021484375 0.0703125 0.0400390625
1 0.0048828125 0.0390625 0.009765625 0.0751953125
1 0.0654296875 0.0302734375 0.103515625 0.056640625
1 0.73046875 0.970703125 0.15234375 0.046875
1 0.9619140625 0.458984375 0.0751953125 0.0556640625
1 0.2158203125 0.33984375 0.09765625 0.0546875
1 0.9482421875 0.1533203125 0.1025390625 0.046875
1 0.8427734375 0.296875 0.1083984375 0.0546875
1 0.607421875 0.0517578125 0.1474609375 0.0654296875
1 0.6591796875 0.015625 0.115234375 0.02734375
1 0.658203125 0.1494140625 0.11328125 0.01953125
