1 0.0400390625 0.1396484375 0.052734375 0.0693359375
1 0.0478515625 0.4541015625 0.0615234375 0.10546875
1 0.1650390625 0.501953125 0.0849609375 0.0810546875
1 0.298828125 0.6455078125 0.1083984375 0.1025390625
1 0.18359375 0.7197265625 0.0712890625 0.060546875
1 0.0986328125 0.7568359375 0.072265625 0.068359375
1 0.31640625 0.783203125 0.1298828125 0.076171875
1 0.1923828125 0.880859375 0.16015625 0.0830078125
1 0.0751953125 0.9296875 0.0810546875 0.11328125
1 0.9287109375 0.96484375 0.0908203125 0.0703125
1 0.5869140625 0.7236328125 0.0869140625 0.11328125
1 0.6689453125 0.68359375 0.0673828125 0.09765625
1 0.796875 0.72265625 0.0927734375 0.1015625
1 0.8935546875 0.6708984375 0.0947265625 0.0859375
1 0.802734375 0.6142578125 0.072265625 0.0771484375
1 0.6279296875 0.61328125 0.1015625 0.0673828125
1 0.609375 0.46875 0.1025390625 0.08203125
1 0.5380859375 0.4853515625 0.1142578125 0.064453125
1 0.8115234375 0.48828125 0.078125 0.0751953125
1 0.775390625 0.546875 0.0859375 0.05859375
1 0.9521484375 0.384765625 0.0576171875 0.12890625
1 0.8056640625 0.2138671875 0.064453125 0.1025390625
1 0.9521484375 0.205078125 0.095703125 0.0751953125
1 0.4033203125 0.3876953125 0.0771484375 0.1748046875
1 0.42578125 0.5068359375 0.1640625 0.0791015625
1 0.4228515625 0.677734375 0.080078125 0.0751953125
1 0.17578125 0.19921875 0.087890625 0.0576171875
1 0.2392578125 0.2568359375 0.091796875 0.083984375
1 0.3671875 0.1982421875 0.0673828125 0.0693359375
1 0.2822265625 0.10546875 0.0751953125 0.060546875
1 0.203125 0.046875 0.072265625 0.0732421875
1 0.0546875 0.0556640625 0.052734375 0.0537109375
1 0.400390625 0.091796875 0.0732421875 0.0703125
1 0.529296875 0.0478515625 0.0947265625 0.06640625
1 0.609375 0.119140625 0.0810546875 0.0810546875
1 0.5908203125 0.201171875 0.06640625 0.072265625
1 0.7255859375 0.0458984375 0.0673828125 0.0810546875
1 0.0859375 0.23828125 0.0654296875 0.048828125
1 0.4013671875 0.259765625 0.0615234375 0.05859375
1 0.4638671875 0.27734375 0.05859375 0.0693359375
1 0.1181640625 0.189453125 0.05859375 0.08203125
1 0.6123046875 0.556640625 0.0791015625 0.05078125
