1 0.162109375 0.974609375 0.16015625 0.05078125
1 0.5400390625 0.982421875 0.1923828125 0.03515625
1 0.123046875 0.8095703125 0.1220703125 0.080078125
1 0.3486328125 0.568359375 0.1650390625 0.087890625
1 0.2421875 0.2412109375 0.125 0.142578125
1 0.6865234375 0.94921875 0.0908203125 0.0751953125
1 0.4541015625 0.099609375 0.1201171875 0.0703125
1 0.2470703125 0.693359375 0.05078125 0.072265625
1 0.2587890625 0.4287109375 0.0849609375 0.1298828125
1 0.2763671875 0.8876953125 0.1044921875 0.1279296875
1 0.82421875 0.7919921875 0.0849609375 0.064453125
1 0.54296875 0.8505859375 0.0673828125 0.0576171875
1 0.8076171875 0.25 0.1279296875 0.2021484375
1 0.1806640625 0.0888671875 0.107421875 0.1748046875
1 0.6728515625 0.2919921875 0.1025390625 0.060546875
1 0.541015625 0.087890625 0.08203125 0.0625
1 0.833984375 0.08984375 0.1142578125 0.0546875
1 0.45703125 0.490234375 0.095703125 0.1318359375
1 0.0859375 0.73046875 0.087890625 0.107421875
1 0.4189453125 0.2802734375 0.1396484375 0.1533203125
1 0.8125 0.90234375 0.0927734375 0.1474609375
1 0.9130859375 0.3154296875 0.123046875 0.1572265625
1 0.310546875 0.962890625 0.0927734375 0.0732421875
1 0.6845703125 0.0458984375 0.220703125 0.087890625
1 0.9072265625 0.5791015625 0.1796875 0.17578125
1 0.5380859375 0.5009765625 0.072265625 0.0625
1 0.9697265625 0.796875 0.060546875 0.1796875
1 0.7666015625 0.607421875 0.1357421875 0.16015625
1 0.615234375 0.1201171875 0.0927734375 0.0576171875
1 0.400390625 0.953125 0.15234375 0.0927734375
1 0.126953125 0.3857421875 0.099609375 0.212890625
1 0.6640625 0.1630859375 0.1552734375 0.1025390625
1 0.373046875 0.5078125 0.0927734375 0.1318359375
1 0.6552734375 0.498046875 0.1103515625 0.150390625
1 0.974609375 0.6083984375 0.05078125 0.0869140625
1 0.05078125 0.42578125 0.09765625 0.087890625
1 0.90625 0.4970703125 0.0625 0.115234375
1 0.03515625 0.8115234375 0.0673828125 0.0849609375
1 0.8017578125 0.4189453125 0.1103515625 0.1103515625
1 0.0234375 0.146484375 0.04296875 0.1494140625
1 0.0458984375 0.150390625 0.037109375 0.09765625
1 0.65625 0.453125 0.037109375 0.068359375
1 0.7568359375 0.39453125 0.099609375 0.185546875
1 0.7255859375 0.548828125 0.1748046875 0.185546875
1 0.7578125 0.6376953125 0.0625 0.1728515625
1 0.306640625 0.7880859375 0.138671875 0.1103515625
1 0.2939453125 0.72265625 0.0732421875 0.0673828125
