1 0.03125 0.005859375 0.0625 0.0126953125
1 0.013671875 0.052734375 0.02734375 0.0810546875
1 0.181640625 0.1494140625 0.1328125 0.0859375
1 0.224609375 0.337890625 0.12890625 0.09765625
1 0.19921875 0.4443359375 0.0595703125 0.1025390625
1 0.23046875 0.4326171875 0.0439453125 0.0771484375
1 0.033203125 0.9697265625 0.06640625 0.0595703125
1 0.064453125 0.74609375 0.0810546875 0.0732421875
1 0.068359375 0.6533203125 0.0625 0.072265625
1 0.1533203125 0.7431640625 0.0498046875 0.0595703125
1 0.7109375 0.8623046875 0.1650390625 0.16796875
1 0.421875 0.9697265625 0.0556640625 0.060546875
1 0.2705078125 0.8359375 0.08984375 0.083984375
1 0.27734375 0.75390625 0.080078125 0.0751953125
1 0.400390625 0.6982421875 0.0654296875 0.0888671875
1 0.482421875 0.78515625 0.0810546875 0.09765625
1 0.6650390625 0.7314453125 0.0888671875 0.0908203125
1 0.7080078125 0.64453125 0.0615234375 0.0556640625
1 0.68359375 0.5615234375 0.0576171875 0.05859375
1 0.548828125 0.5146484375 0.09765625 0.0634765625
1 0.6337890625 0.4873046875 0.0927734375 0.072265625
1 0.45703125 0.42578125 0.076171875 0.1025390625
1 0.291015625 0.5224609375 0.0771484375 0.13671875
1 0.310546875 0.1630859375 0.0673828125 0.0703125
1 0.64453125 0.15625 0.099609375 0.06640625
1 0.7724609375 0.2119140625 0.119140625 0.1083984375
1 0.78125 0.3115234375 0.0966796875 0.1220703125
1 0.9326171875 0.2666015625 0.0576171875 0.119140625
1 0.9638671875 0.1943359375 0.072265625 0.0908203125
1 0.8232421875 0.4375 0.1240234375 0.064453125
1 0.8271484375 0.513671875 0.0703125 0.08984375
1 0.791015625 0.6064453125 0.0986328125 0.0615234375
1 0.8056640625 0.68359375 0.064453125 0.056640625
1 0.939453125 0.5087890625 0.1123046875 0.0869140625
1 0.962890625 0.404296875 0.07421875 0.0947265625
1 0.9765625 0.7021484375 0.0458984375 0.080078125
1 0.8291015625 0.7685546875 0.0712890625 0.0751953125
1 0.8466796875 0.8349609375 0.0947265625 0.0966796875
1 0.9150390625 0.755859375 0.056640625 0.0810546875
1 0.9716796875 0.802734375 0.056640625 0.0751953125
1 0.97265625 0.8828125 0.0537109375 0.095703125
1 0.935546875 0.955078125 0.125 0.08203125
1 0.66015625 0.0322265625 0.0869140625 0.064453125
1 0.5751953125 0.099609375 0.06640625 0.064453125
1 0.818359375 0.029296875 0.0859375 0.05859375
1 0.7802734375 0.09765625 0.0615234375 0.0732421875
1 0.8828125 0.1083984375 0.091796875 0.0986328125
1 0.9375 0.060546875 0.09765625 0.068359375
1 0.9111328125 0.0205078125 0.111328125 0.0419921875
1 0.2861328125 0.01953125 0.076171875 0.0400390625
1 0.0517578125 0.6025390625 0.044921875 0.05078125
1 0.4755859375 0.75 0.1123046875 0.0927734375
