1 0.7119140625 0.609375 0.109375 0.09765625
1 0.7265625 0.384765625 0.1005859375 0.12109375
1 0.8623046875 0.7236328125 0.0966796875 0.103515625
1 0.263671875 0.9404296875 0.1875 0.1181640625
1 0.58203125 0.953125 0.125 0.0830078125
1 0.376953125 0.7890625 0.220703125 0.1455078125
1 0.720703125 0.279296875 0.115234375 0.1171875
1 0.759765625 0.7783203125 0.11328125 0.087890625
1 0.2236328125 0.7666015625 0.1650390625 0.1650390625
1 0.8955078125 0.150390625 0.1376953125 0.1220703125
1 0.5615234375 0.0556640625 0.2705078125 0.107421875
1 0.875 0.6328125 0.1572265625 0.0927734375
1 0.166015625 0.7197265625 0.109375 0.1044921875
1 0.9296875 0.2294921875 0.140625 0.169921875
1 0.7841796875 0.0390625 0.1396484375 0.0751953125
1 0.947265625 0.7880859375 0.1044921875 0.0830078125
1 0.9130859375 0.07421875 0.1728515625 0.1455078125
1 0.24609375 0.0341796875 0.138671875 0.064453125
1 0.94140625 0.6748046875 0.107421875 0.1279296875
