1 0.0234375 0.154296875 0.0478515625 0.109375
1 0.0537109375 0.068359375 0.0634765625 0.0625
1 0.0986328125 0.02734375 0.099609375 0.046875
1 0.1748046875 0.169921875 0.1005859375 0.0693359375
1 0.017578125 0.2763671875 0.03515625 0.0869140625
1 0.1513671875 0.357421875 0.0595703125 0.0830078125
1 0.25390625 0.302734375 0.0625 0.1064453125
1 0.314453125 0.3115234375 0.060546875 0.0546875
1 0.087890625 0.4169921875 0.095703125 0.0712890625
1 0.0869140625 0.4853515625 0.1083984375 0.0986328125
1 0.15625 0.6103515625 0.1181640625 0.0625
1 0.2587890625 0.5234375 0.087890625 0.083984375
1 0.2900390625 0.4287109375 0.0849609375 0.0673828125
1 0.265625 0.666015625 0.0703125 0.068359375
1 0.1904296875 0.6845703125 0.0546875 0.048828125
1 0.04296875 0.7822265625 0.0859375 0.083984375
1 0.037109375 0.853515625 0.07421875 0.0625
1 0.0966796875 0.8681640625 0.048828125 0.0703125
1 0.0283203125 0.9716796875 0.0576171875 0.0556640625
1 0.1875 0.9755859375 0.07421875 0.048828125
1 0.337890625 0.9130859375 0.068359375 0.0673828125
1 0.4990234375 0.962890625 0.0625 0.0517578125
1 0.5458984375 0.939453125 0.0625 0.068359375
1 0.3701171875 0.8388671875 0.0576171875 0.0615234375
1 0.4326171875 0.810546875 0.0966796875 0.05859375
1 0.6025390625 0.8212890625 0.0556640625 0.0859375
1 0.72265625 0.8056640625 0.1123046875 0.0634765625
1 0.7587890625 0.873046875 0.0751953125 0.07421875
1 0.96484375 0.9404296875 0.0703125 0.0830078125
1 0.87890625 0.9716796875 0.0634765625 0.056640625
1 0.9765625 0.697265625 0.046875 0.140625
1 0.748046875 0.60546875 0.0712890625 0.0859375
1 0.822265625 0.6416015625 0.0517578125 0.072265625
1 0.9609375 0.5068359375 0.0517578125 0.0546875
1 0.9169921875 0.4404296875 0.07421875 0.0830078125
1 0.9755859375 0.419921875 0.048828125 0.078125
1 0.7744140625 0.3544921875 0.046875 0.1005859375
1 0.9755859375 0.3046875 0.048828125 0.0751953125
1 0.4228515625 0.607421875 0.076171875 0.0693359375
1 0.5029296875 0.6533203125 0.0732421875 0.0556640625
1 0.4365234375 0.7412109375 0.06640625 0.068359375
1 0.58984375 0.7490234375 0.10546875 0.076171875
1 0.5546875 0.5302734375 0.0517578125 0.052734375
1 0.537109375 0.392578125 0.0966796875 0.0751953125
1 0.5478515625 0.3154296875 0.0673828125 0.0771484375
1 0.662109375 0.2666015625 0.0703125 0.0595703125
1 0.6796875 0.2021484375 0.12109375 0.072265625
1 0.9384765625 0.236328125 0.0654296875 0.0771484375
1 0.916015625 0.19140625 0.1474609375 0.08203125
1 0.744140625 0.12890625 0.0810546875 0.1142578125
1 0.53515625 0.0791015625 0.0654296875 0.10546875
1 0.5078125 0.1494140625 0.091796875 0.1044921875
1 0.6201171875 0.0361328125 0.05078125 0.0517578125
1 0.693359375 0.111328125 0.046875 0.080078125
1 0.318359375 0.08203125 0.0595703125 0.046875
1 0.8349609375 0.0361328125 0.0703125 0.072265625
1 0.4873046875 0.6103515625 0.07421875 0.078125
1 0.9599609375 0.0107421875 0.0537109375 0.0224609375
1 0.88671875 0.3525390625 0.076171875 0.05859375
1 0.6923828125 0.4833984375 0.05078125 0.0439453125
1 0.80078125 0.5322265625 0.044921875 0.0537109375
1 0.9892578125 0.3681640625 0.0205078125 0.04296875
1 0.9716796875 0.38671875 0.03125 0.041015625
1 0.6376953125 0.81640625 0.025390625 0.0380859375
1 0.0107421875 0.5703125 0.0224609375 0.0625
