1 0.693359375 0.8525390625 0.142578125 0.1025390625
1 0.5830078125 0.921875 0.09765625 0.1552734375
1 0.3818359375 0.8447265625 0.0947265625 0.060546875
1 0.2470703125 0.36328125 0.125 0.068359375
1 0.357421875 0.5615234375 0.080078125 0.1201171875
1 0.8408203125 0.7890625 0.123046875 0.0654296875
1 0.4208984375 0.982421875 0.091796875 0.03515625
1 0.2470703125 0.916015625 0.095703125 0.072265625
1 0.42578125 0.6728515625 0.052734375 0.1318359375
1 0.5302734375 0.126953125 0.0732421875 0.07421875
1 0.5009765625 0.4453125 0.087890625 0.0771484375
1 0.1513671875 0.11328125 0.0595703125 0.078125
1 0.6845703125 0.2470703125 0.140625 0.125
1 0.9287109375 0.896484375 0.142578125 0.0849609375
1 0.25390625 0.8037109375 0.0751953125 0.0947265625
1 0.2421875 0.201171875 0.0703125 0.0849609375
1 0.884765625 0.1806640625 0.08984375 0.1025390625
1 0.521484375 0.8447265625 0.0595703125 0.125
1 0.6083984375 0.7529296875 0.078125 0.0869140625
1 0.869140625 0.4228515625 0.1044921875 0.0625
1 0.0947265625 0.5126953125 0.150390625 0.1279296875
1 0.82421875 0.703125 0.0654296875 0.078125
1 0.533203125 0.6259765625 0.107421875 0.123046875
1 0.724609375 0.4638671875 0.16015625 0.1748046875
1 0.869140625 0.5712890625 0.08984375 0.1552734375
1 0.783203125 0.2470703125 0.0576171875 0.07421875
1 0.0947265625 0.869140625 0.080078125 0.08984375
1 0.95703125 0.458984375 0.0859375 0.0693359375
1 0.3310546875 0.470703125 0.072265625 0.087890625
1 0.5908203125 0.41015625 0.068359375 0.0673828125
1 0.7744140625 0.0439453125 0.1728515625 0.087890625
1 0.9580078125 0.40234375 0.0830078125 0.044921875
1 0.552734375 0.3525390625 0.0927734375 0.1376953125
1 0.0302734375 0.791015625 0.0576171875 0.107421875
1 0.9638671875 0.025390625 0.0712890625 0.0517578125
1 0.927734375 0.04296875 0.1376953125 0.0830078125
1 0.3583984375 0.3037109375 0.08203125 0.0625
1 0.193359375 0.810546875 0.078125 0.0625
1 0.970703125 0.6689453125 0.0576171875 0.2197265625
1 0.96875 0.3466796875 0.0625 0.0751953125
1 0.875 0.8408203125 0.0673828125 0.0625
1 0.4365234375 0.9423828125 0.1201171875 0.080078125
1 0.865234375 0.4794921875 0.0830078125 0.0546875
1 0.482421875 0.3642578125 0.0673828125 0.0498046875
1 0.390625 0.7041015625 0.078125 0.1455078125
1 0.6201171875 0.5556640625 0.0478515625 0.1025390625
1 0.7958984375 0.470703125 0.078125 0.0625
1 0.921875 0.224609375 0.0546875 0.10546875
1 0.72265625 0.037109375 0.1572265625 0.0703125
1 0.0830078125 0.3876953125 0.162109375 0.1025390625
1 0.8583984375 0.2392578125 0.046875 0.0703125
1 0.5556640625 0.8681640625 0.1376953125 0.158203125
1 0.8720703125 0.7880859375 0.07421875 0.052734375
1 0.6376953125 0.5302734375 0.0478515625 0.0771484375
1 0.45703125 0.3056640625 0.16015625 0.1826171875
1 0.8154296875 0.1015625 0.087890625 0.0576171875
1 0.5966796875 0.3056640625 0.0947265625 0.0625
1 0.970703125 0.1005859375 0.0576171875 0.09765625
