1 0.1083984375 0.900390625 0.126953125 0.0869140625
1 0.306640625 0.5478515625 0.1201171875 0.0869140625
1 0.767578125 0.966796875 0.0927734375 0.0654296875
1 0.1669921875 0.966796875 0.07421875 0.0654296875
1 0.1904296875 0.5771484375 0.1279296875 0.060546875
1 0.341796875 0.671875 0.1103515625 0.125
1 0.64453125 0.3818359375 0.0703125 0.0751953125
1 0.0361328125 0.8046875 0.072265625 0.109375
1 0.1640625 0.6376953125 0.1103515625 0.0869140625
1 0.1982421875 0.126953125 0.126953125 0.115234375
1 0.265625 0.779296875 0.142578125 0.0947265625
1 0.8486328125 0.7490234375 0.1650390625 0.0849609375
1 0.5205078125 0.296875 0.1025390625 0.1201171875
1 0.0732421875 0.1328125 0.1474609375 0.0869140625
1 0.0908203125 0.4453125 0.181640625 0.0830078125
1 0.0712890625 0.7607421875 0.0751953125 0.107421875
1 0.2529296875 0.8642578125 0.0673828125 0.0546875
1 0.068359375 0.2734375 0.13671875 0.0625
1 0.3857421875 0.7763671875 0.091796875 0.0595703125
1 0.50390625 0.5263671875 0.1298828125 0.1005859375
1 0.013671875 0.3271484375 0.0283203125 0.0751953125
1 0.470703125 0.865234375 0.052734375 0.0966796875
1 0.693359375 0.109375 0.142578125 0.0751953125
1 0.939453125 0.45703125 0.07421875 0.134765625
1 0.5927734375 0.2685546875 0.1630859375 0.107421875
1 0.6279296875 0.984375 0.1376953125 0.0302734375
1 0.9072265625 0.609375 0.125 0.115234375
1 0.833984375 0.412109375 0.0947265625 0.1953125
1 0.6533203125 0.5341796875 0.123046875 0.1396484375
1 0.7802734375 0.03515625 0.1025390625 0.0673828125
1 0.287109375 0.109375 0.134765625 0.1201171875
1 0.1982421875 0.3251953125 0.126953125 0.1630859375
1 0.08984375 0.0546875 0.08984375 0.099609375
1 0.896484375 0.9765625 0.1650390625 0.0458984375
1 0.8212890625 0.6318359375 0.0654296875 0.064453125
1 0.234375 0.720703125 0.060546875 0.087890625
1 0.521484375 0.7431640625 0.1806640625 0.107421875
1 0.78515625 0.14453125 0.0927734375 0.0546875
1 0.5751953125 0.3701171875 0.0732421875 0.2119140625
1 0.328125 0.380859375 0.08203125 0.091796875
1 0.6455078125 0.9482421875 0.1728515625 0.04296875
1 0.27734375 0.427734375 0.0703125 0.1572265625
1 0.9267578125 0.548828125 0.080078125 0.0654296875
1 0.66796875 0.732421875 0.1669921875 0.25
1 0.9599609375 0.9453125 0.080078125 0.0517578125
1 0.029296875 0.8994140625 0.0595703125 0.111328125
1 0.5966796875 0.5263671875 0.1494140625 0.1103515625
1 0.189453125 0.2021484375 0.0546875 0.060546875
1 0.7294921875 0.0146484375 0.0869140625 0.0302734375
1 0.9501953125 0.3154296875 0.0732421875 0.0869140625
1 0.693359375 0.865234375 0.08203125 0.0673828125
1 0.46484375 0.1201171875 0.0703125 0.2373046875
1 0.494140625 0.7197265625 0.1142578125 0.1953125
1 0.9619140625 0.3876953125 0.064453125 0.0576171875
1 0.171875 0.0283203125 0.060546875 0.052734375
1 0.880859375 0.337890625 0.072265625 0.0830078125
1 0.6640625 0.9140625 0.1845703125 0.0498046875
1 0.3720703125 0.2275390625 0.234375 0.2724609375
1 0.2001953125 0.9482421875 0.0771484375 0.0537109375
1 0.09375 0.498046875 0.1875 0.0546875
1 0.556640625 0.873046875 0.0556640625 0.072265625
1 0.7392578125 0.88671875 0.080078125 0.044921875
1 0.83203125 0.7705078125 0.19921875 0.0830078125
1 0.6201171875 0.8818359375 0.0478515625 0.0302734375
1 0.341796875 0.7216796875 0.0947265625 0.080078125
1 0.6015625 0.6494140625 0.2099609375 0.095703125
1 0.5556640625 0.462890625 0.1923828125 0.09765625
1 0.138671875 0.384765625 0.0751953125 0.1796875
1 0.7939453125 0.46875 0.0751953125 0.0947265625
1 0.9404296875 0.443359375 0.1181640625 0.046875
1 0.6240234375 0.185546875 0.1494140625 0.052734375
1 0.724609375 0.1357421875 0.095703125 0.04296875
1 0.12890625 0.03515625 0.0654296875 0.0478515625
1 0.978515625 0.1044921875 0.04296875 0.08984375
