1 0.0400390625 0.2783203125 0.080078125 0.078125
1 0.0712890625 0.15234375 0.0771484375 0.087890625
1 0.224609375 0.1787109375 0.091796875 0.0673828125
1 0.212890625 0.0556640625 0.09765625 0.0791015625
1 0.4013671875 0.2275390625 0.083984375 0.091796875
1 0.4677734375 0.1533203125 0.0810546875 0.103515625
1 0.4111328125 0.0732421875 0.0615234375 0.1083984375
1 0.53125 0.08203125 0.0615234375 0.0927734375
1 0.4765625 0.0283203125 0.0732421875 0.056640625
1 0.087890625 0.060546875 0.076171875 0.068359375
1 0.0234375 0.130859375 0.0478515625 0.06640625
1 0.4619140625 0.3154296875 0.0947265625 0.1533203125
1 0.5224609375 0.32421875 0.0732421875 0.0595703125
1 0.609375 0.3134765625 0.0849609375 0.0556640625
1 0.697265625 0.29296875 0.0654296875 0.0732421875
1 0.654296875 0.1865234375 0.06640625 0.09765625
1 0.6923828125 0.2158203125 0.041015625 0.0478515625
1 0.77734375 0.15234375 0.080078125 0.115234375
1 0.931640625 0.1611328125 0.1083984375 0.0556640625
1 0.9033203125 0.080078125 0.0712890625 0.0966796875
1 0.9677734375 0.1171875 0.0634765625 0.0615234375
1 0.9267578125 0.2822265625 0.0654296875 0.0576171875
1 0.935546875 0.4384765625 0.0732421875 0.0966796875
1 0.876953125 0.654296875 0.107421875 0.0537109375
1 0.9287109375 0.7216796875 0.07421875 0.0517578125
1 0.8251953125 0.029296875 0.044921875 0.05859375
1 0.1591796875 0.9443359375 0.107421875 0.111328125
1 0.232421875 0.7509765625 0.072265625 0.087890625
1 0.3642578125 0.8447265625 0.140625 0.1669921875
1 0.4013671875 0.76171875 0.078125 0.0810546875
1 0.294921875 0.5908203125 0.0703125 0.068359375
1 0.40234375 0.6162109375 0.0966796875 0.0556640625
1 0.48828125 0.6884765625 0.09765625 0.0732421875
1 0.0654296875 0.693359375 0.1318359375 0.197265625
1 0.796875 0.990234375 0.0576171875 0.01953125
1 0.935546875 0.8701171875 0.0556640625 0.0517578125
1 0.767578125 0.0234375 0.0546875 0.0478515625
1 0.201171875 0.6728515625 0.0791015625 0.0751953125
1 0.951171875 0.197265625 0.09765625 0.1220703125
1 0.337890625 0.703125 0.0927734375 0.111328125
