1 0.0302734375 0.73828125 0.0615234375 0.0771484375
1 0.111328125 0.6416015625 0.0693359375 0.0673828125
1 0.146484375 0.7646484375 0.076171875 0.130859375
1 0.1416015625 0.9453125 0.2080078125 0.0732421875
1 0.3076171875 0.919921875 0.1162109375 0.095703125
1 0.296875 0.8115234375 0.0654296875 0.0625
1 0.34765625 0.740234375 0.0830078125 0.076171875
1 0.3828125 0.62109375 0.09765625 0.1533203125
1 0.2216796875 0.5654296875 0.1171875 0.1650390625
1 0.1962890625 0.4091796875 0.0556640625 0.064453125
1 0.33203125 0.4140625 0.0751953125 0.068359375
1 0.36328125 0.51171875 0.0654296875 0.060546875
1 0.408203125 0.31640625 0.076171875 0.09375
1 0.65234375 0.466796875 0.11328125 0.1943359375
1 0.6396484375 0.6083984375 0.0615234375 0.068359375
1 0.7685546875 0.62890625 0.056640625 0.091796875
1 0.787109375 0.5185546875 0.0732421875 0.087890625
1 0.802734375 0.412109375 0.0927734375 0.115234375
1 0.0595703125 0.19921875 0.1181640625 0.072265625
1 0.2685546875 0.1728515625 0.0849609375 0.1767578125
1 0.2900390625 0.0849609375 0.0732421875 0.095703125
1 0.423828125 0.138671875 0.0732421875 0.09375
1 0.564453125 0.13671875 0.0771484375 0.10546875
1 0.1357421875 0.021484375 0.0673828125 0.04296875
1 0.7177734375 0.9462890625 0.2255859375 0.1064453125
1 0.84765625 0.9716796875 0.0791015625 0.056640625
1 0.9501953125 0.3046875 0.0966796875 0.2451171875
1 0.921875 0.111328125 0.0859375 0.0986328125
1 0.833984375 0.2275390625 0.06640625 0.080078125
1 0.052734375 0.24609375 0.0703125 0.087890625
1 0.9833984375 0.11328125 0.0322265625 0.0810546875
1 0.3349609375 0.6455078125 0.07421875 0.099609375
