1 0.0380859375 0.7421875 0.0771484375 0.0966796875
1 0.181640625 0.5322265625 0.109375 0.158203125
1 0.2470703125 0.6640625 0.05859375 0.0986328125
1 0.1728515625 0.2958984375 0.0673828125 0.0703125
1 0.3291015625 0.263671875 0.08203125 0.1416015625
1 0.376953125 0.2783203125 0.0556640625 0.064453125
1 0.2802734375 0.203125 0.0634765625 0.0576171875
1 0.484375 0.3408203125 0.060546875 0.0712890625
1 0.767578125 0.16015625 0.1025390625 0.1357421875
1 0.845703125 0.150390625 0.06640625 0.0986328125
1 0.9228515625 0.203125 0.056640625 0.072265625
1 0.806640625 0.3037109375 0.0810546875 0.0576171875
1 0.97265625 0.2578125 0.0537109375 0.072265625
1 0.4599609375 0.7001953125 0.076171875 0.0869140625
1 0.6142578125 0.6669921875 0.068359375 0.0732421875
1 0.623046875 0.8408203125 0.076171875 0.076171875
1 0.97265625 0.7978515625 0.0537109375 0.0966796875
1 0.916015625 0.634765625 0.0869140625 0.0751953125
1 0.01171875 0.2666015625 0.0244140625 0.0537109375
1 0.537109375 0.236328125 0.0380859375 0.048828125
1 0.9912109375 0.3037109375 0.017578125 0.0546875
