1 0.0888671875 0.462890625 0.1787109375 0.1201171875
1 0.1494140625 0.08203125 0.1533203125 0.1064453125
1 0.064453125 0.0283203125 0.1298828125 0.056640625
1 0.0576171875 0.578125 0.0908203125 0.10546875
1 0.0556640625 0.8896484375 0.111328125 0.09765625
1 0.09765625 0.8134765625 0.1416015625 0.107421875
1 0.3330078125 0.8525390625 0.1279296875 0.2109375
1 0.3955078125 0.73046875 0.0654296875 0.0888671875
1 0.431640625 0.9423828125 0.0966796875 0.1142578125
1 0.4765625 0.8037109375 0.08203125 0.2080078125
1 0.5283203125 0.736328125 0.0712890625 0.1796875
1 0.46875 0.51171875 0.09765625 0.1943359375
1 0.51171875 0.4326171875 0.091796875 0.2001953125
1 0.28125 0.388671875 0.1171875 0.197265625
1 0.3857421875 0.2392578125 0.095703125 0.171875
1 0.6552734375 0.533203125 0.099609375 0.1728515625
1 0.640625 0.576171875 0.0654296875 0.11328125
1 0.7431640625 0.6962890625 0.107421875 0.15625
1 0.833984375 0.65625 0.076171875 0.0634765625
1 0.9345703125 0.666015625 0.0927734375 0.0888671875
1 0.8359375 0.4541015625 0.095703125 0.154296875
1 0.794921875 0.265625 0.076171875 0.08203125
1 0.7021484375 0.1513671875 0.08984375 0.05859375
1 0.541015625 0.1279296875 0.1533203125 0.0693359375
1 0.81640625 0.0712890625 0.076171875 0.130859375
1 0.9150390625 0.1474609375 0.0732421875 0.0693359375
1 0.966796875 0.2138671875 0.06640625 0.078125
1 0.970703125 0.3251953125 0.056640625 0.0810546875
1 0.962890625 0.076171875 0.0732421875 0.0615234375
1 0.85546875 0.95703125 0.1005859375 0.0478515625
1 0.8046875 0.984375 0.0791015625 0.03125
1 0.9814453125 0.9248046875 0.0361328125 0.0908203125
1 0.6103515625 0.708984375 0.064453125 0.060546875
1 0.7099609375 0.8310546875 0.0654296875 0.099609375
1 0.6533203125 0.9658203125 0.0849609375 0.068359375
1 0.6103515625 0.7998046875 0.1259765625 0.173828125
1 0.64453125 0.8525390625 0.0712890625 0.1728515625
