1 0.892578125 0.3681640625 0.0908203125 0.0634765625
1 0.505859375 0.0361328125 0.0673828125 0.072265625
1 0.55859375 0.0966796875 0.109375 0.0732421875
1 0.158203125 0.9599609375 0.103515625 0.0517578125
1 0.04296875 0.7529296875 0.0869140625 0.0791015625
1 0.94140625 0.072265625 0.0615234375 0.0830078125
1 0.416015625 0.1953125 0.0810546875 0.0615234375
1 0.037109375 0.328125 0.072265625 0.0625
1 0.50390625 0.232421875 0.0869140625 0.05078125
1 0.2939453125 0.0322265625 0.103515625 0.056640625
1 0.6337890625 0.291015625 0.0830078125 0.0625
1 0.9140625 0.52734375 0.0732421875 0.0478515625
1 0.9296875 0.7490234375 0.0888671875 0.0849609375
1 0.7275390625 0.1015625 0.130859375 0.076171875
1 0.6865234375 0.8046875 0.1337890625 0.0751953125
1 0.3330078125 0.7001953125 0.0751953125 0.0400390625
1 0.4580078125 0.099609375 0.1171875 0.0751953125
1 0.994140625 0.078125 0.0107421875 0.0400390625
1 0.705078125 0.3525390625 0.0712890625 0.0771484375
1 0.310546875 0.58984375 0.11328125 0.033203125
1 0.0869140625 0.1171875 0.0859375 0.05078125
1 0.8173828125 0.2392578125 0.099609375 0.0390625
1 0.9833984375 0.6669921875 0.0322265625 0.0595703125
1 0.0390625 0.3974609375 0.076171875 0.0439453125
1 0.3974609375 0.8388671875 0.1025390625 0.044921875
1 0.1142578125 0.451171875 0.0859375 0.029296875
1 0.69140625 0.291015625 0.08955078125000004 0.04609374999999999
1 0.3212890625 0.1455078125 0.0693359375 0.044921875
1 0.3369140625 0.3662109375 0.07421875 0.0498046875
1 0.26171875 0.8603515625 0.119140625 0.056640625
1 0.0302734375 0.6962890625 0.060546875 0.0458984375
1 0.609375 0.4677734375 0.0888671875 0.06640625
1 0.1259765625 0.8203125 0.0947265625 0.044921875
1 0.9296875 0.361328125 0.0498046875 0.046875
1 0.4287109375 0.880859375 0.0791015625 0.0361328125
1 0.9833984375 0.853515625 0.0322265625 0.033203125
1 0.458984375 0.7294921875 0.1171875 0.0673828125
1 0.345703125 0.556640625 0.087890625 0.0341796875
1 0.869140625 0.5888671875 0.0654296875 0.03515625
1 0.7890625 0.25390625 0.09375 0.0380859375
1 0.919921875 0.8056640625 0.080078125 0.0419921875
1 0.47265625 0.47265625 0.0703125 0.033203125
1 0.658203125 0.556640625 0.138671875 0.04296875
1 0.1923828125 0.4990234375 0.078125 0.0322265625
1 0.9599609375 0.21875 0.0625 0.0322265625
1 0.4091796875 0.0498046875 0.119140625 0.037109375
1 0.2275390625 0.369140625 0.130859375 0.0673828125
1 0.2509765625 0.5966796875 0.12109375 0.0380859375
1 0.3271484375 0.5224609375 0.10546875 0.0322265625
1 0.0556640625 0.478515625 0.107421875 0.0478515625
1 0.9423828125 0.8486328125 0.076171875 0.041015625
1 0.7138671875 0.4921875 0.0927734375 0.0458984375
1 0.0244140625 0.9892578125 0.0478515625 0.0205078125
1 0.9912109375 0.150390625 0.0166015625 0.021484375
1 0.8349609375 0.4248046875 0.0634765625 0.0283203125
1 0.98046875 0.412109375 0.0390625 0.0556640625
1 0.607421875 0.88671875 0.1123046875 0.0458984375
1 0.0751953125 0.9853515625 0.0615234375 0.0283203125
1 0.9013671875 0.0859375 0.068359375 0.072265625
1 0.01953125 0.892578125 0.0390625 0.0185546875
1 0.4228515625 0.814453125 0.0888671875 0.0400390625
1 0.2158203125 0.4423828125 0.1015625 0.05078125
1 0.859375 0.482421875 0.1044921875 0.0439453125
1 0.072265625 0.1298828125 0.1455078125 0.06640625
