1 0.0546875 0.037109375 0.06640625 0.07421875
1 0.205078125 0.0224609375 0.083984375 0.0458984375
1 0.1826171875 0.2197265625 0.056640625 0.0556640625
1 0.0537109375 0.560546875 0.0625 0.072265625
1 0.1328125 0.6806640625 0.091796875 0.0654296875
1 0.162109375 0.54296875 0.0634765625 0.078125
1 0.220703125 0.4775390625 0.1103515625 0.0546875
1 0.3134765625 0.3955078125 0.1064453125 0.0595703125
1 0.2255859375 0.3369140625 0.060546875 0.1044921875
1 0.4404296875 0.3271484375 0.0732421875 0.09765625
1 0.54296875 0.4736328125 0.060546875 0.0927734375
1 0.775390625 0.34375 0.0517578125 0.0732421875
1 0.6982421875 0.3369140625 0.052734375 0.056640625
1 0.7158203125 0.419921875 0.087890625 0.0732421875
1 0.7431640625 0.2451171875 0.0634765625 0.07421875
1 0.595703125 0.1552734375 0.0732421875 0.0478515625
1 0.4169921875 0.1640625 0.158203125 0.0595703125
1 0.353515625 0.08203125 0.0791015625 0.087890625
1 0.6416015625 0.0791015625 0.087890625 0.076171875
1 0.7841796875 0.09375 0.0556640625 0.0517578125
1 0.8486328125 0.216796875 0.060546875 0.0546875
1 0.314453125 0.6474609375 0.0478515625 0.05078125
1 0.392578125 0.6845703125 0.0634765625 0.091796875
1 0.4619140625 0.6533203125 0.0888671875 0.107421875
1 0.484375 0.5517578125 0.0634765625 0.048828125
1 0.56640625 0.58984375 0.060546875 0.0595703125
1 0.626953125 0.62890625 0.0439453125 0.080078125
1 0.703125 0.6240234375 0.10546875 0.07421875
1 0.712890625 0.580078125 0.0615234375 0.0517578125
1 0.857421875 0.5244140625 0.1220703125 0.05078125
1 0.734375 0.71875 0.0927734375 0.0771484375
1 0.65234375 0.7568359375 0.095703125 0.10546875
1 0.5791015625 0.8076171875 0.080078125 0.0673828125
1 0.435546875 0.8154296875 0.19921875 0.1796875
1 0.333984375 0.779296875 0.060546875 0.0673828125
1 0.79296875 0.7861328125 0.142578125 0.1025390625
1 0.9033203125 0.7822265625 0.1396484375 0.05859375
1 0.845703125 0.7197265625 0.0625 0.0576171875
1 0.931640625 0.6884765625 0.078125 0.0654296875
1 0.8310546875 0.66796875 0.068359375 0.048828125
1 0.8037109375 0.5830078125 0.0654296875 0.0576171875
1 0.953125 0.2392578125 0.0517578125 0.1103515625
1 0.951171875 0.0498046875 0.076171875 0.099609375
1 0.91015625 0.0244140625 0.115234375 0.048828125
1 0.919921875 0.96484375 0.083984375 0.0498046875
1 0.111328125 0.8525390625 0.078125 0.1240234375
1 0.095703125 0.1591796875 0.056640625 0.056640625
1 0.90234375 0.140625 0.0888671875 0.0546875
1 0.0947265625 0.6044921875 0.0546875 0.0439453125
1 0.0341796875 0.6044921875 0.068359375 0.0458984375
1 0.92578125 0.79296875 0.1015625 0.1162109375
1 0.3681640625 0.0126953125 0.0517578125 0.0263671875
1 0.009765625 0.01171875 0.01953125 0.0234375
1 0.98828125 0.115234375 0.0234375 0.0634765625
1 0.94921875 0.2294921875 0.0810546875 0.0859375
1 0.9814453125 0.62890625 0.0361328125 0.0693359375
1 0.9736328125 0.822265625 0.0517578125 0.0712890625
