1 0.7490234375 0.619140625 0.0732421875 0.1015625
1 0.736328125 0.048828125 0.048828125 0.0986328125
1 0.73046875 0.107421875 0.0888671875 0.0732421875
1 0.01171875 0.4267578125 0.0244140625 0.0732421875
1 0.73828125 0.4013671875 0.1015625 0.111328125
1 0.3095703125 0.6982421875 0.0615234375 0.06640625
1 0.7109375 0.509765625 0.0693359375 0.068359375
1 0.5263671875 0.650390625 0.1015625 0.080078125
1 0.9033203125 0.04296875 0.0322265625 0.0849609375
1 0.6044921875 0.404296875 0.05078125 0.0712890625
1 0.6328125 0.6650390625 0.08984375 0.072265625
1 0.8056640625 0.2119140625 0.0673828125 0.0625
1 0.8994140625 0.6953125 0.08203125 0.0615234375
1 0.701171875 0.9326171875 0.1025390625 0.09375
1 0.53515625 0.45703125 0.037109375 0.1015625
1 0.380859375 0.3740234375 0.109375 0.0478515625
1 0.1572265625 0.8359375 0.0966796875 0.060546875
1 0.8466796875 0.5908203125 0.041015625 0.08203125
1 0.5966796875 0.4501953125 0.05859375 0.052734375
1 0.5263671875 0.2041015625 0.1181640625 0.0615234375
1 0.248046875 0.11328125 0.0849609375 0.0654296875
1 0.921875 0.77734375 0.1162109375 0.0732421875
1 0.0888671875 0.15625 0.0712890625 0.0419921875
1 0.416015625 0.525390625 0.083984375 0.0361328125
1 0.3515625 0.212890625 0.0654296875 0.0419921875
1 0.6982421875 0.1533203125 0.0908203125 0.056640625
1 0.560546875 0.109375 0.0830078125 0.0400390625
1 0.0380859375 0.8154296875 0.076171875 0.0791015625
1 0.1025390625 0.5673828125 0.0732421875 0.0478515625
1 0.96875 0.4931640625 0.0615234375 0.0380859375
1 0.3203125 0.650390625 0.0751953125 0.0341796875
1 0.8515625 0.0908203125 0.056640625 0.0556640625
1 0.3193359375 0.775390625 0.0869140625 0.02734375
1 0.4775390625 0.1064453125 0.064453125 0.0654296875
1 0.2216796875 0.791015625 0.068359375 0.0791015625
1 0.2177734375 0.1630859375 0.0947265625 0.0439453125
1 0.4775390625 0.4697265625 0.078125 0.029296875
1 0.6103515625 0.8427734375 0.087890625 0.056640625
1 0.318359375 0.8037109375 0.0673828125 0.0302734375
1 0.80078125 0.806640625 0.060546875 0.0390625
1 0.494140625 0.15625 0.05859375 0.056640625
1 0.4384765625 0.7802734375 0.083984375 0.048828125
1 0.376953125 0.896484375 0.0498046875 0.0341796875
1 0.0693359375 0.759765625 0.0869140625 0.0419921875
1 0.2802734375 0.513671875 0.056640625 0.0458984375
1 0.8330078125 0.892578125 0.111328125 0.0498046875
1 0.4296875 0.8232421875 0.107421875 0.0517578125
1 0.6123046875 0.1025390625 0.0712890625 0.046875
1 0.4140625 0.1728515625 0.0771484375 0.06640625
1 0.9365234375 0.73828125 0.0869140625 0.0400390625
1 0.1064453125 0.7900390625 0.0791015625 0.0283203125
1 0.462890625 0.84765625 0.068359375 0.0361328125
1 0.4189453125 0.421875 0.1416015625 0.04296875
1 0.9296875 0.404296875 0.0771484375 0.0458984375
1 0.60546875 0.57421875 0.083984375 0.0205078125
1 0.6689453125 0.986328125 0.0576171875 0.02734375
1 0.5869140625 0.75 0.0673828125 0.0234375
1 0.2060546875 0.8251953125 0.0654296875 0.0498046875
1 0.7841796875 0.990234375 0.044921875 0.01953125
1 0.572265625 0.19921875 0.099609375 0.04296875
1 0.8779296875 0.16015625 0.0869140625 0.04296875
1 0.12890625 0.6533203125 0.0576171875 0.0283203125
1 0.68359375 0.533203125 0.0517578125 0.017578125
1 0.0625 0.8681640625 0.0634765625 0.0400390625
1 0.134765625 0.6728515625 0.0546875 0.044921875
1 0.498046875 0.4150390625 0.0517578125 0.0556640625
1 0.9404296875 0.46484375 0.0341796875 0.05078125
1 0.84765625 0.1357421875 0.033203125 0.0322265625
