1 0.96484375 0.2275390625 0.0693359375 0.056640625
1 0.95703125 0.1572265625 0.0703125 0.0634765625
1 0.8564453125 0.138671875 0.0517578125 0.087890625
1 0.7421875 0.15625 0.07421875 0.103515625
1 0.73046875 0.2724609375 0.109375 0.083984375
1 0.7255859375 0.3623046875 0.05078125 0.0537109375
1 0.796875 0.39453125 0.0615234375 0.0693359375
1 0.7353515625 0.046875 0.107421875 0.0947265625
1 0.3623046875 0.046875 0.13671875 0.09375
1 0.447265625 0.0517578125 0.080078125 0.09765625
1 0.5390625 0.205078125 0.09375 0.0712890625
1 0.3232421875 0.328125 0.080078125 0.07421875
1 0.111328125 0.255859375 0.1396484375 0.0751953125
1 0.05078125 0.3955078125 0.1025390625 0.0673828125
1 0.0263671875 0.091796875 0.0537109375 0.078125
1 0.671875 0.474609375 0.0556640625 0.0615234375
1 0.5712890625 0.6083984375 0.1025390625 0.0810546875
1 0.7255859375 0.62109375 0.1025390625 0.0625
1 0.787109375 0.7216796875 0.0712890625 0.0791015625
1 0.931640625 0.6357421875 0.0625 0.0712890625
1 0.96484375 0.7822265625 0.0693359375 0.0771484375
1 0.9296875 0.970703125 0.080078125 0.0576171875
1 0.455078125 0.8857421875 0.1162109375 0.0732421875
1 0.5087890625 0.8037109375 0.091796875 0.0595703125
1 0.6767578125 0.8095703125 0.0849609375 0.056640625
1 0.6044921875 0.939453125 0.05078125 0.0556640625
1 0.0234375 0.9453125 0.046875 0.056640625
1 0.111328125 0.8330078125 0.0869140625 0.0771484375
1 0.1787109375 0.6826171875 0.09375 0.0986328125
1 0.298828125 0.6552734375 0.1083984375 0.0888671875
1 0.076171875 0.74609375 0.1318359375 0.083984375
1 0.783203125 0.1064453125 0.09375 0.111328125
1 0.865234375 0.853515625 0.0888671875 0.052734375
1 0.8603515625 0.9052734375 0.0390625 0.05078125
