1 0.19921875 0.0244140625 0.1103515625 0.0498046875
1 0.2392578125 0.6064453125 0.1455078125 0.1298828125
1 0.091796875 0.560546875 0.1298828125 0.08203125
1 0.912109375 0.1875 0.154296875 0.0703125
1 0.798828125 0.5576171875 0.14453125 0.1171875
1 0.1962890625 0.8388671875 0.2001953125 0.111328125
1 0.798828125 0.25390625 0.1318359375 0.115234375
1 0.1953125 0.4169921875 0.107421875 0.1455078125
1 0.0546875 0.0283203125 0.109375 0.056640625
1 0.0966796875 0.2744140625 0.1396484375 0.095703125
1 0.783203125 0.9638671875 0.1396484375 0.0712890625
1 0.9521484375 0.294921875 0.095703125 0.0869140625
1 0.1787109375 0.9306640625 0.1201171875 0.1376953125
1 0.8935546875 0.7978515625 0.212890625 0.1259765625
1 0.9638671875 0.4814453125 0.0712890625 0.1015625
1 0.9599609375 0.953125 0.0751953125 0.09375
