1 0.2890625 0.4736328125 0.0634765625 0.1005859375
1 0.388671875 0.5283203125 0.0615234375 0.0830078125
1 0.5205078125 0.099609375 0.0751953125 0.115234375
1 0.8701171875 0.2080078125 0.0693359375 0.099609375
1 0.59375 0.5791015625 0.0634765625 0.0751953125
1 0.4833984375 0.2080078125 0.0751953125 0.0654296875
1 0.6103515625 0.779296875 0.1171875 0.0732421875
1 0.078125 0.5966796875 0.052734375 0.0859375
1 0.8779296875 0.2734375 0.0908203125 0.0546875
1 0.2958984375 0.2353515625 0.091796875 0.09765625
1 0.7197265625 0.939453125 0.1005859375 0.05859375
1 0.416015625 0.732421875 0.0673828125 0.037109375
1 0.7412109375 0.380859375 0.0732421875 0.08203125
1 0.076171875 0.7255859375 0.09375 0.0546875
1 0.89453125 0.5947265625 0.1015625 0.052734375
1 0.18359375 0.3798828125 0.044921875 0.083984375
1 0.3837890625 0.6298828125 0.0625 0.0693359375
1 0.1015625 0.4697265625 0.0859375 0.0556640625
1 0.15234375 0.6005859375 0.1142578125 0.072265625
1 0.384765625 0.78515625 0.078125 0.0517578125
1 0.603515625 0.4619140625 0.06640625 0.0712890625
1 0.5673828125 0.412109375 0.130859375 0.0732421875
1 0.076171875 0.0400390625 0.0986328125 0.0654296875
1 0.6279296875 0.0986328125 0.0703125 0.068359375
1 0.1162109375 0.0888671875 0.083984375 0.048828125
1 0.201171875 0.23046875 0.1015625 0.0732421875
1 0.224609375 0.59375 0.080078125 0.0595703125
1 0.9677734375 0.5615234375 0.064453125 0.07421875
1 0.1748046875 0.890625 0.091796875 0.046875
1 0.4775390625 0.2265625 0.07421875 0.0625
1 0.626953125 0.73046875 0.0703125 0.0654296875
1 0.5927734375 0.171875 0.0654296875 0.0625
1 0.5048828125 0.80859375 0.09375 0.048828125
1 0.47265625 0.8291015625 0.0556640625 0.0634765625
1 0.70703125 0.279296875 0.0703125 0.05078125
1 0.3349609375 0.5693359375 0.0751953125 0.046875
1 0.1630859375 0.48046875 0.07421875 0.052734375
1 0.4091796875 0.1484375 0.0546875 0.0625
1 0.0302734375 0.40625 0.060546875 0.05078125
1 0.8994140625 0.3671875 0.0693359375 0.0546875
1 0.7119140625 0.4794921875 0.076171875 0.0693359375
1 0.7060546875 0.966796875 0.0732421875 0.0654296875
1 0.169921875 0.6953125 0.0966796875 0.0439453125
1 0.869140625 0.7470703125 0.0859375 0.0517578125
1 0.064453125 0.6494140625 0.1171875 0.0322265625
1 0.767578125 0.064453125 0.060546875 0.0625
1 0.287109375 0.306640625 0.1259765625 0.0791015625
1 0.177734375 0.7783203125 0.0673828125 0.0458984375
1 0.6591796875 0.046875 0.0615234375 0.0400390625
1 0.4296875 0.689453125 0.0537109375 0.0615234375
1 0.25390625 0.8271484375 0.0771484375 0.048828125
1 0.880859375 0.099609375 0.095703125 0.1103515625
1 0.796875 0.318359375 0.060546875 0.044921875
1 0.6533203125 0.5234375 0.138671875 0.080078125
1 0.8134765625 0.037109375 0.0830078125 0.0546875
1 0.748046875 0.76171875 0.048828125 0.0322265625
1 0.76171875 0.4716796875 0.046875 0.1298828125
1 0.978515625 0.826171875 0.04296875 0.0390625
1 0.7265625 0.517578125 0.05078125 0.078125
1 0.517578125 0.0146484375 0.0390625 0.029296875
1 0.287109375 0.919921875 0.0576171875 0.0341796875
1 0.0283203125 0.5078125 0.056640625 0.0498046875
1 0.2138671875 0.01171875 0.0400390625 0.0244140625
1 0.9443359375 0.009765625 0.0263671875 0.0185546875
1 0.6875 0.783203125 0.0361328125 0.05078125
1 0.2705078125 0.87890625 0.0849609375 0.033203125
1 0.6357421875 0.9658203125 0.0673828125 0.0380859375
1 0.09375 0.248046875 0.1064453125 0.03515625
1 0.5380859375 0.484375 0.037109375 0.0341796875
1 0.080078125 0.0205078125 0.0654296875 0.0419921875
1 0.017578125 0.705078125 0.03515625 0.025390625
1 0.8681640625 0.015625 0.044921875 0.03125
1 0.8349609375 0.6181640625 0.1494140625 0.0458984375
