1 0.8935546875 0.61328125 0.0966796875 0.0595703125
1 0.759765625 0.79296875 0.1162109375 0.064453125
1 0.4658203125 0.04296875 0.0478515625 0.0693359375
1 0.158203125 0.7314453125 0.0380859375 0.078125
1 0.4453125 0.0673828125 0.068359375 0.0859375
1 0.5634765625 0.09375 0.0517578125 0.0830078125
1 0.83984375 0.873046875 0.06640625 0.0576171875
1 0.6328125 0.025390625 0.13671875 0.0517578125
1 0.9794921875 0.28515625 0.0400390625 0.080078125
1 0.74609375 0.9443359375 0.109375 0.0556640625
1 0.0283203125 0.4169921875 0.056640625 0.06640625
1 0.423828125 0.89453125 0.0625 0.0498046875
1 0.7822265625 0.484375 0.052734375 0.0634765625
1 0.451171875 0.427734375 0.0634765625 0.1005859375
1 0.0341796875 0.62890625 0.0498046875 0.0859375
1 0.4931640625 0.421875 0.087890625 0.130859375
1 0.85546875 0.130859375 0.111328125 0.1142578125
1 0.0947265625 0.0244140625 0.0947265625 0.046875
1 0.177734375 0.5263671875 0.0673828125 0.0302734375
1 0.5205078125 0.3330078125 0.05859375 0.0361328125
1 0.365234375 0.31640625 0.05078125 0.0771484375
1 0.974609375 0.970703125 0.0498046875 0.0517578125
1 0.5791015625 0.9228515625 0.083984375 0.0546875
1 0.2275390625 0.3447265625 0.1162109375 0.080078125
1 0.009765625 0.4736328125 0.0205078125 0.140625
1 0.3486328125 0.3232421875 0.06640625 0.0751953125
1 0.6123046875 0.787109375 0.1337890625 0.05859375
1 0.4970703125 0.5546875 0.0576171875 0.048828125
1 0.6279296875 0.5029296875 0.0517578125 0.052734375
1 0.2734375 0.5625 0.0830078125 0.04296875
1 0.94921875 0.80078125 0.0361328125 0.0751953125
1 0.095703125 0.978515625 0.095703125 0.0283203125
1 0.607421875 0.6650390625 0.0576171875 0.0234375
1 0.3271484375 0.5302734375 0.05859375 0.0498046875
1 0.13671875 0.3212890625 0.056640625 0.0302734375
1 0.7255859375 0.068359375 0.0537109375 0.05078125
1 0.984375 0.6875 0.0302734375 0.0576171875
1 0.0078125 0.33203125 0.015625 0.060546875
1 0.5986328125 0.8310546875 0.1103515625 0.0380859375
1 0.8037109375 0.62109375 0.0869140625 0.0283203125
1 0.2236328125 0.0078125 0.0732421875 0.0146484375
1 0.9384765625 0.33203125 0.0302734375 0.0478515625
1 0.328125 0.1064453125 0.0732421875 0.04296875
1 0.7607421875 0.6953125 0.060546875 0.0625
1 0.5458984375 0.6630859375 0.0771484375 0.046875
1 0.857421875 0.6591796875 0.07421875 0.05078125
1 0.0322265625 0.5634765625 0.064453125 0.0146484375
1 0.0966796875 0.7333984375 0.0517578125 0.0400390625
1 0.19921875 0.697265625 0.046875 0.044921875
1 0.7626953125 0.9814453125 0.1083984375 0.0302734375
1 0.609375 0.5771484375 0.0966796875 0.0498046875
1 0.51171875 0.6865234375 0.0712890625 0.029296875
1 0.76953125 0.576171875 0.0390625 0.052734375
1 0.408203125 0.6015625 0.03515625 0.0625
1 0.9921875 0.7802734375 0.015625 0.0498046875
1 0.9765625 0.7919921875 0.02734375 0.0634765625
1 0.904296875 0.033203125 0.03125 0.046875
1 0.2177734375 0.1005859375 0.1123046875 0.0439453125
1 0.03515625 0.123046875 0.0703125 0.0380859375
1 0.275390625 0.5732421875 0.0810546875 0.0390625
1 0.9794921875 0.154296875 0.0400390625 0.064453125
1 0.0166015625 0.330078125 0.0341796875 0.064453125
1 0.4541015625 0.0546875 0.0595703125 0.0810546875
1 0.310546875 0.0126953125 0.0302734375 0.0263671875
1 0.93359375 0.0703125 0.0458984375 0.0439453125
1 0.75 0.0693359375 0.0361328125 0.0419921875
1 0.3330078125 0.966796875 0.05859375 0.048828125
1 0.5341796875 0.9873046875 0.1171875 0.0244140625
1 0.5693359375 0.9658203125 0.083984375 0.0400390625
1 0.57421875 0.8818359375 0.0625 0.033203125
1 0.091796875 0.623046875 0.0927734375 0.0478515625
