1 0.0498046875 0.0009765625 0.1005859375 0.001953125
1 0.681640625 0.650390625 0.181640625 0.0908203125
1 0.140625 0.0419921875 0.0986328125 0.0849609375
1 0.04296875 0.87109375 0.0869140625 0.0791015625
1 0.048828125 0.951171875 0.0986328125 0.07421875
1 0.435546875 0.6171875 0.201171875 0.099609375
1 0.4248046875 0.0595703125 0.150390625 0.119140625
1 0.275390625 0.818359375 0.126953125 0.138671875
1 0.64453125 0.6005859375 0.203125 0.1162109375
1 0.734375 0.6015625 0.1005859375 0.1376953125
1 0.830078125 0.833984375 0.1240234375 0.09765625
1 0.2978515625 0.5791015625 0.216796875 0.095703125
1 0.9599609375 0.421875 0.080078125 0.1318359375
1 0.3642578125 0.86328125 0.1171875 0.15625
1 0.8486328125 0.955078125 0.1005859375 0.0888671875
1 0.6455078125 0.798828125 0.0791015625 0.0810546875
1 0.5341796875 0.033203125 0.119140625 0.0673828125
1 0.72265625 0.197265625 0.08203125 0.08203125
1 0.9765625 0.5888671875 0.046875 0.1083984375
1 0.162109375 0.083984375 0.1904296875 0.1064453125
1 0.4140625 0.8359375 0.076171875 0.1962890625
1 0.4404296875 0.4208984375 0.087890625 0.0888671875
