1 0.6376953125 0.3271484375 0.107421875 0.0771484375
1 0.8271484375 0.26171875 0.1171875 0.1064453125
1 0.9248046875 0.5419921875 0.150390625 0.0966796875
1 0.5859375 0.46484375 0.0849609375 0.0595703125
1 0.193359375 0.08984375 0.0927734375 0.0810546875
1 0.640625 0.865234375 0.1171875 0.1123046875
1 0.5693359375 0.7529296875 0.08984375 0.0869140625
1 0.708984375 0.4033203125 0.1201171875 0.087890625
1 0.8408203125 0.4345703125 0.123046875 0.119140625
1 0.7333984375 0.6904296875 0.095703125 0.08984375
1 0.669921875 0.9736328125 0.08203125 0.0517578125
1 0.0537109375 0.1103515625 0.0693359375 0.0830078125
1 0.7314453125 0.8505859375 0.1201171875 0.072265625
1 0.7001953125 0.5849609375 0.1572265625 0.12890625
1 0.6181640625 0.0361328125 0.087890625 0.072265625
1 0.6923828125 0.2197265625 0.07421875 0.0712890625
1 0.044921875 0.5341796875 0.0908203125 0.146484375
1 0.541015625 0.9013671875 0.0830078125 0.068359375
1 0.064453125 0.6982421875 0.080078125 0.072265625
1 0.47265625 0.3681640625 0.0771484375 0.0673828125
1 0.7802734375 0.404296875 0.1533203125 0.0947265625
1 0.9228515625 0.6953125 0.0966796875 0.0517578125
