1 0.15234375 0.099609375 0.09765625 0.0869140625
1 0.0615234375 0.232421875 0.0791015625 0.0791015625
1 0.0302734375 0.31640625 0.060546875 0.0771484375
1 0.2685546875 0.3037109375 0.126953125 0.0869140625
1 0.1962890625 0.421875 0.0791015625 0.0732421875
1 0.248046875 0.591796875 0.1103515625 0.099609375
1 0.439453125 0.37109375 0.107421875 0.12109375
1 0.5732421875 0.474609375 0.1025390625 0.099609375
1 0.4306640625 0.0390625 0.0947265625 0.078125
1 0.283203125 0.025390625 0.08203125 0.0517578125
1 0.61328125 0.0625 0.091796875 0.125
1 0.763671875 0.1015625 0.1787109375 0.1826171875
1 0.921875 0.4716796875 0.08203125 0.08984375
1 0.8857421875 0.6142578125 0.173828125 0.173828125
1 0.7265625 0.787109375 0.1669921875 0.11328125
1 0.708984375 0.51171875 0.099609375 0.0830078125
1 0.4951171875 0.7841796875 0.0888671875 0.162109375
1 0.2958984375 0.734375 0.1025390625 0.0751953125
1 0.1435546875 0.8583984375 0.158203125 0.11328125
1 0.640625 0.916015625 0.1318359375 0.0947265625
1 0.87109375 0.892578125 0.2021484375 0.11328125
1 0.6748046875 0.2939453125 0.1240234375 0.1044921875
1 0.826171875 0.1650390625 0.1640625 0.0947265625
