1 0.447265625 0.7978515625 0.134765625 0.1279296875
1 0.443359375 0.4892578125 0.13671875 0.080078125
1 0.6611328125 0.8056640625 0.072265625 0.08203125
1 0.90625 0.5732421875 0.1328125 0.091796875
1 0.201171875 0.673828125 0.142578125 0.0751953125
1 0.140625 0.474609375 0.15234375 0.154296875
1 0.328125 0.5166015625 0.09765625 0.1494140625
1 0.955078125 0.2392578125 0.0419921875 0.0849609375
1 0.3994140625 0.3212890625 0.1298828125 0.0654296875
1 0.9296875 0.162109375 0.0703125 0.05078125
1 0.6142578125 0.04296875 0.0703125 0.0869140625
1 0.5693359375 0.404296875 0.224609375 0.099609375
1 0.203125 0.6220703125 0.126953125 0.0546875
1 0.1396484375 0.7998046875 0.080078125 0.224609375
1 0.4619140625 0.9091796875 0.14453125 0.1201171875
1 0.751953125 0.35546875 0.064453125 0.1376953125
1 0.0244140625 0.8291015625 0.0498046875 0.1455078125
1 0.5126953125 0.0244140625 0.1318359375 0.0498046875
1 0.892578125 0.1025390625 0.0673828125 0.0771484375
1 0.4853515625 0.630859375 0.1025390625 0.1025390625
1 0.4443359375 0.0576171875 0.0546875 0.0576171875
1 0.765625 0.9267578125 0.0927734375 0.1455078125
1 0.662109375 0.9384765625 0.0703125 0.1171875
1 0.74609375 0.6689453125 0.2900390625 0.0947265625
1 0.314453125 0.2705078125 0.1650390625 0.2021484375
1 0.685546875 0.5302734375 0.1171875 0.2626953125
1 0.1025390625 0.3154296875 0.1279296875 0.0771484375
1 0.962890625 0.517578125 0.0732421875 0.0673828125
1 0.66796875 0.1279296875 0.1630859375 0.0478515625
1 0.0224609375 0.3369140625 0.044921875 0.205078125
1 0.6904296875 0.1806640625 0.1376953125 0.052734375
1 0.306640625 0.623046875 0.0595703125 0.2470703125
1 0.037109375 0.4599609375 0.07421875 0.205078125
1 0.9501953125 0.076171875 0.0966796875 0.0693359375
1 0.890625 0.3291015625 0.2177734375 0.1142578125
1 0.6767578125 0.6865234375 0.16015625 0.1044921875
1 0.015625 0.9482421875 0.0322265625 0.1025390625
1 0.623046875 0.3994140625 0.072265625 0.1650390625
1 0.0625 0.765625 0.125 0.08203125
1 0.0810546875 0.8681640625 0.0625 0.0576171875
1 0.1748046875 0.935546875 0.0546875 0.107421875
1 0.0751953125 0.9208984375 0.1318359375 0.052734375
1 0.2041015625 0.9326171875 0.2744140625 0.1337890625
1 0.35546875 0.8994140625 0.1328125 0.2001953125
1 0.3330078125 0.9580078125 0.072265625 0.0830078125
1 0.4599609375 0.9833984375 0.0927734375 0.033203125
1 0.5654296875 0.9755859375 0.0927734375 0.0478515625
1 0.3369140625 0.5888671875 0.2509765625 0.1455078125
1 0.28515625 0.7490234375 0.0869140625 0.1201171875
1 0.3984375 0.802734375 0.037109375 0.0576171875
1 0.0732421875 0.6240234375 0.11328125 0.0400390625
1 0.5205078125 0.490234375 0.1025390625 0.0517578125
1 0.2392578125 0.45703125 0.03515625 0.060546875
1 0.28125 0.466796875 0.0625 0.1201171875
1 0.38671875 0.3974609375 0.044921875 0.0673828125
1 0.1279296875 0.3984375 0.197265625 0.087890625
1 0.740234375 0.6005859375 0.1474609375 0.0625
1 0.7705078125 0.7001953125 0.0771484375 0.0673828125
1 0.7431640625 0.9677734375 0.0400390625 0.064453125
1 0.8876953125 0.7734375 0.1376953125 0.087890625
1 0.9296875 0.658203125 0.064453125 0.158203125
1 0.95703125 0.73046875 0.0859375 0.2470703125
1 0.9384765625 0.7763671875 0.123046875 0.1650390625
1 0.5390625 0.3515625 0.0791015625 0.0595703125
1 0.0693359375 0.19140625 0.080078125 0.1904296875
1 0.1689453125 0.2607421875 0.1396484375 0.162109375
1 0.1611328125 0.1123046875 0.1201171875 0.150390625
1 0.2431640625 0.125 0.107421875 0.125
1 0.2890625 0.154296875 0.2802734375 0.3095703125
1 0.1865234375 0.203125 0.1806640625 0.1923828125
1 0.6220703125 0.20703125 0.099609375 0.05078125
1 0.5927734375 0.1611328125 0.0927734375 0.052734375
1 0.5224609375 0.134765625 0.1572265625 0.26953125
1 0.4990234375 0.1630859375 0.1591796875 0.0771484375
1 0.5390625 0.23828125 0.2548828125 0.11328125
1 0.5810546875 0.30078125 0.052734375 0.09765625
1 0.7119140625 0.3095703125 0.060546875 0.060546875
1 0.9736328125 0.3876953125 0.052734375 0.0771484375
1 0.89453125 0.3984375 0.064453125 0.107421875
1 0.8427734375 0.4013671875 0.0732421875 0.0498046875
1 0.86328125 0.2548828125 0.1591796875 0.107421875
1 0.9755859375 0.1201171875 0.048828125 0.052734375
1 0.9306640625 0.0263671875 0.138671875 0.0537109375
