1 0.1220703125 0.2744140625 0.0595703125 0.068359375
1 0.0556640625 0.0341796875 0.0556640625 0.0673828125
1 0.138671875 0.0302734375 0.0517578125 0.060546875
1 0.8251953125 0.9306640625 0.2314453125 0.1376953125
1 0.650390625 0.86328125 0.0859375 0.0947265625
1 0.119140625 0.87109375 0.06640625 0.072265625
1 0.158203125 0.73046875 0.060546875 0.05078125
1 0.6435546875 0.7158203125 0.0458984375 0.0615234375
1 0.7666015625 0.6953125 0.068359375 0.130859375
1 0.548828125 0.244140625 0.068359375 0.0576171875
1 0.68359375 0.1611328125 0.060546875 0.0703125
1 0.8115234375 0.0537109375 0.06640625 0.103515625
1 0.65625 0.048828125 0.0703125 0.095703125
1 0.3154296875 0.1298828125 0.0693359375 0.1455078125
1 0.3583984375 0.0556640625 0.041015625 0.0888671875
1 0.408203125 0.234375 0.0849609375 0.056640625
1 0.3505859375 0.2255859375 0.072265625 0.06640625
1 0.40625 0.591796875 0.056640625 0.0712890625
1 0.4443359375 0.6953125 0.046875 0.046875
1 0.2138671875 0.501953125 0.0537109375 0.0546875
1 0.0771484375 0.4912109375 0.0703125 0.126953125
1 0.16015625 0.5810546875 0.0625 0.0830078125
1 0.181640625 0.6826171875 0.0712890625 0.0546875
1 0.0703125 0.6669921875 0.0810546875 0.109375
1 0.0751953125 0.7421875 0.05859375 0.0517578125
1 0.7392578125 0.36328125 0.0634765625 0.0791015625
1 0.822265625 0.15625 0.0537109375 0.041015625
1 0.58203125 0.2109375 0.072265625 0.0546875
1 0.8017578125 0.70703125 0.0322265625 0.0673828125
1 0.298828125 0.27734375 0.0615234375 0.0771484375
1 0.9560546875 0.8896484375 0.052734375 0.0673828125
1 0.548828125 0.021484375 0.0546875 0.04296875
1 0.994140625 0.287109375 0.01171875 0.0498046875
1 0.98828125 0.2314453125 0.0224609375 0.0439453125
1 0.34375 0.2841796875 0.05859375 0.06640625
1 0.427734375 0.048828125 0.12890625 0.0556640625
1 0.33984375 0.068359375 0.0625 0.1005859375
1 0.982421875 0.642578125 0.0341796875 0.0830078125
1 0.2109375 0.669921875 0.05078125 0.03515625
1 0.201171875 0.6396484375 0.0546875 0.041015625
