1 0.46484375 0.9765625 0.09375 0.046875
1 0.5693359375 0.912109375 0.0703125 0.078125
1 0.705078125 0.794921875 0.07421875 0.0693359375
1 0.970703125 0.6669921875 0.0576171875 0.0732421875
1 0.9189453125 0.6591796875 0.068359375 0.0517578125
1 0.8984375 0.5703125 0.0830078125 0.0966796875
1 0.7958984375 0.6484375 0.095703125 0.087890625
1 0.7646484375 0.5517578125 0.05859375 0.0595703125
1 0.7158203125 0.59765625 0.08984375 0.07421875
1 0.64453125 0.59765625 0.0654296875 0.064453125
1 0.5322265625 0.7197265625 0.076171875 0.0576171875
1 0.529296875 0.66796875 0.068359375 0.0615234375
1 0.47265625 0.6083984375 0.052734375 0.046875
1 0.443359375 0.6533203125 0.0615234375 0.0732421875
1 0.41015625 0.5888671875 0.0625 0.0556640625
1 0.326171875 0.626953125 0.052734375 0.0576171875
1 0.2841796875 0.5673828125 0.0849609375 0.0732421875
1 0.177734375 0.708984375 0.0732421875 0.087890625
1 0.0927734375 0.7216796875 0.076171875 0.111328125
1 0.1181640625 0.5234375 0.0703125 0.0986328125
1 0.0556640625 0.0654296875 0.0712890625 0.0693359375
1 0.119140625 0.0537109375 0.0595703125 0.1015625
1 0.19921875 0.1484375 0.0654296875 0.0595703125
1 0.2080078125 0.203125 0.0703125 0.0595703125
1 0.2587890625 0.2431640625 0.0625 0.0517578125
1 0.412109375 0.181640625 0.0625 0.0556640625
1 0.4072265625 0.2373046875 0.0556640625 0.048828125
1 0.5126953125 0.1943359375 0.0556640625 0.0537109375
1 0.40234375 0.0458984375 0.07421875 0.0830078125
1 0.46875 0.04296875 0.078125 0.080078125
1 0.57421875 0.078125 0.087890625 0.05859375
1 0.6796875 0.201171875 0.0693359375 0.0947265625
1 0.7646484375 0.21484375 0.091796875 0.08203125
1 0.7373046875 0.2587890625 0.0751953125 0.052734375
1 0.5908203125 0.2529296875 0.064453125 0.0615234375
1 0.77734375 0.3984375 0.072265625 0.08984375
1 0.892578125 0.1025390625 0.078125 0.0810546875
1 0.9609375 0.1328125 0.068359375 0.076171875
1 0.970703125 0.0576171875 0.05859375 0.08203125
1 0.126953125 0.1806640625 0.0693359375 0.068359375
1 0.1015625 0.2890625 0.05859375 0.052734375
1 0.662109375 0.638671875 0.083984375 0.0478515625
