1 0.095703125 0.3291015625 0.09765625 0.1494140625
1 0.2060546875 0.9404296875 0.1171875 0.0830078125
1 0.6953125 0.6376953125 0.1181640625 0.0673828125
1 0.4951171875 0.63671875 0.1630859375 0.080078125
1 0.05859375 0.5380859375 0.1171875 0.09765625
1 0.6318359375 0.5029296875 0.21484375 0.0869140625
1 0.3330078125 0.8154296875 0.2177734375 0.142578125
1 0.4013671875 0.5869140625 0.1455078125 0.0703125
1 0.3349609375 0.712890625 0.0576171875 0.0517578125
1 0.0966796875 0.619140625 0.1806640625 0.0849609375
1 0.640625 0.1943359375 0.107421875 0.064453125
1 0.8828125 0.728515625 0.2119140625 0.08203125
1 0.32421875 0.4619140625 0.0947265625 0.0546875
1 0.4931640625 0.5107421875 0.091796875 0.068359375
1 0.2001953125 0.525390625 0.1669921875 0.0830078125
1 0.21875 0.1083984375 0.1875 0.091796875
1 0.373046875 0.263671875 0.1474609375 0.142578125
1 0.5712890625 0.8076171875 0.2080078125 0.0283203125
1 0.5146484375 0.921875 0.205078125 0.080078125
1 0.421875 0.1279296875 0.1201171875 0.0830078125
1 0.8984375 0.837890625 0.203125 0.15234375
1 0.248046875 0.6494140625 0.0576171875 0.0546875
1 0.8935546875 0.1494140625 0.1875 0.1796875
1 0.89453125 0.599609375 0.140625 0.05078125
1 0.03125 0.2578125 0.0625 0.1376953125
1 0.1103515625 0.66796875 0.1220703125 0.072265625
1 0.3515625 0.0771484375 0.2607421875 0.150390625
1 0.8984375 0.2841796875 0.197265625 0.080078125
1 0.806640625 0.34765625 0.1904296875 0.0830078125
1 0.8076171875 0.4443359375 0.1376953125 0.0947265625
1 0.892578125 0.4482421875 0.1826171875 0.216796875
1 0.1845703125 0.474609375 0.150390625 0.05078125
1 0.9345703125 0.529296875 0.130859375 0.10546875
1 0.4140625 0.9580078125 0.1650390625 0.072265625
1 0.76953125 0.9873046875 0.19921875 0.025390625
1 0.9189453125 0.990234375 0.0986328125 0.0185546875
1 0.53125 0.32421875 0.1748046875 0.0947265625
1 0.462890625 0.2919921875 0.1279296875 0.07421875
1 0.3583984375 0.6142578125 0.072265625 0.0498046875
1 0.2548828125 0.5322265625 0.0576171875 0.08984375
1 0.6357421875 0.2978515625 0.13671875 0.0673828125
1 0.623046875 0.0341796875 0.15234375 0.0654296875
1 0.3232421875 0.037109375 0.056640625 0.0703125
1 0.0703125 0.01953125 0.1083984375 0.03515625
1 0.23828125 0.0234375 0.09765625 0.04296875
1 0.3212890625 0.1552734375 0.1201171875 0.0478515625
1 0.421875 0.2861328125 0.224609375 0.09765625
1 0.6064453125 0.4873046875 0.1357421875 0.0546875
1 0.931640625 0.1787109375 0.1357421875 0.0625
1 0.95703125 0.0810546875 0.0859375 0.09765625
1 0.9384765625 0.3583984375 0.1171875 0.1328125
1 0.861328125 0.8818359375 0.1552734375 0.0703125
1 0.9482421875 0.8134765625 0.1025390625 0.0625
1 0.814453125 0.9345703125 0.185546875 0.0546875
1 0.3828125 0.8291015625 0.1279296875 0.0908203125
1 0.4296875 0.8916015625 0.150390625 0.0654296875
