1 0.01953125 0.271484375 0.0400390625 0.05078125
1 0.2333984375 0.97265625 0.1025390625 0.0546875
1 0.1806640625 0.9091796875 0.0517578125 0.0556640625
1 0.0556640625 0.8955078125 0.095703125 0.0615234375
1 0.0830078125 0.8369140625 0.08203125 0.0751953125
1 0.0205078125 0.6005859375 0.0419921875 0.091796875
1 0.0654296875 0.6396484375 0.0654296875 0.0478515625
1 0.212890625 0.5634765625 0.0830078125 0.08984375
1 0.25 0.6591796875 0.0986328125 0.1376953125
1 0.2099609375 0.6650390625 0.046875 0.0546875
1 0.2822265625 0.7578125 0.041015625 0.0625
1 0.353515625 0.7548828125 0.1298828125 0.1328125
1 0.59765625 0.7470703125 0.0751953125 0.06640625
1 0.4921875 0.822265625 0.056640625 0.0537109375
1 0.3623046875 0.80859375 0.0400390625 0.0498046875
1 0.43359375 0.8564453125 0.052734375 0.05859375
1 0.486328125 0.87890625 0.0615234375 0.072265625
1 0.5703125 0.8896484375 0.0703125 0.052734375
1 0.7001953125 0.8916015625 0.0712890625 0.08203125
1 0.6689453125 0.970703125 0.076171875 0.0576171875
1 0.072265625 0.7314453125 0.064453125 0.0546875
1 0.0595703125 0.771484375 0.0478515625 0.0390625
1 0.09375 0.771484375 0.0458984375 0.0322265625
1 0.2783203125 0.8525390625 0.0556640625 0.080078125
1 0.376953125 0.859375 0.0537109375 0.0556640625
1 0.3935546875 0.908203125 0.0439453125 0.056640625
1 0.900390625 0.8935546875 0.0732421875 0.060546875
1 0.8662109375 0.970703125 0.056640625 0.05859375
1 0.7099609375 0.4091796875 0.046875 0.06640625
1 0.7705078125 0.3603515625 0.076171875 0.0791015625
1 0.8486328125 0.37890625 0.048828125 0.0498046875
1 0.96484375 0.4384765625 0.0693359375 0.0751953125
1 0.96875 0.5400390625 0.0625 0.046875
1 0.9609375 0.5791015625 0.078125 0.0439453125
1 0.548828125 0.283203125 0.0625 0.1025390625
1 0.505859375 0.416015625 0.076171875 0.072265625
1 0.39453125 0.53515625 0.0537109375 0.0673828125
1 0.326171875 0.306640625 0.0625 0.1123046875
1 0.2216796875 0.3251953125 0.0595703125 0.109375
1 0.267578125 0.1767578125 0.056640625 0.046875
1 0.20703125 0.138671875 0.0498046875 0.064453125
1 0.4619140625 0.208984375 0.05078125 0.12890625
1 0.556640625 0.0234375 0.0732421875 0.046875
1 0.7138671875 0.0654296875 0.076171875 0.0595703125
1 0.79296875 0.0771484375 0.0966796875 0.0537109375
1 0.81640625 0.115234375 0.0869140625 0.0439453125
1 0.8310546875 0.1513671875 0.0439453125 0.0400390625
1 0.9794921875 0.1103515625 0.041015625 0.0595703125
1 0.8837890625 0.0341796875 0.076171875 0.0537109375
1 0.892578125 0.099609375 0.0703125 0.048828125
1 0.3369140625 0.021484375 0.0546875 0.04296875
1 0.287109375 0.029296875 0.044921875 0.05859375
1 0.1689453125 0.439453125 0.056640625 0.0478515625
1 0.59765625 0.2060546875 0.06640625 0.0380859375
1 0.1474609375 0.669921875 0.044921875 0.0361328125
1 0.9775390625 0.166015625 0.0439453125 0.064453125
