1 0.2919921875 0.087890625 0.06640625 0.076171875
1 0.10546875 0.0205078125 0.0634765625 0.0419921875
1 0.0888671875 0.130859375 0.0546875 0.0517578125
1 0.31640625 0.224609375 0.0966796875 0.091796875
1 0.2470703125 0.2236328125 0.05078125 0.0537109375
1 0.412109375 0.271484375 0.103515625 0.060546875
1 0.513671875 0.2939453125 0.1376953125 0.0810546875
1 0.6337890625 0.3466796875 0.2060546875 0.0615234375
1 0.505859375 0.3642578125 0.087890625 0.0732421875
1 0.1962890625 0.376953125 0.17578125 0.0634765625
1 0.0478515625 0.2275390625 0.095703125 0.0595703125
1 0.07421875 0.302734375 0.0849609375 0.0732421875
1 0.19140625 0.619140625 0.111328125 0.0712890625
1 0.3388671875 0.6240234375 0.119140625 0.1162109375
1 0.0478515625 0.607421875 0.095703125 0.07421875
1 0.1650390625 0.669921875 0.0966796875 0.0693359375
1 0.0830078125 0.681640625 0.072265625 0.0869140625
1 0.2451171875 0.888671875 0.1064453125 0.09765625
1 0.30859375 0.96875 0.091796875 0.0615234375
1 0.720703125 0.732421875 0.078125 0.05078125
1 0.7978515625 0.7001953125 0.095703125 0.0595703125
1 0.7109375 0.58984375 0.1376953125 0.0703125
1 0.861328125 0.5107421875 0.064453125 0.0576171875
1 0.8857421875 0.55859375 0.0712890625 0.0537109375
1 0.9404296875 0.9482421875 0.0966796875 0.103515625
1 0.87890625 0.8056640625 0.078125 0.05078125
1 0.8134765625 0.7841796875 0.0595703125 0.0673828125
1 0.763671875 0.80859375 0.0634765625 0.076171875
1 0.6572265625 0.7841796875 0.06640625 0.0791015625
1 0.57421875 0.8837890625 0.2587890625 0.12109375
1 0.7197265625 0.9130859375 0.0986328125 0.0625
1 0.365234375 0.8818359375 0.0751953125 0.0712890625
1 0.431640625 0.96875 0.0673828125 0.0625
1 0.1064453125 0.8916015625 0.11328125 0.0693359375
1 0.068359375 0.8662109375 0.0625 0.08203125
1 0.02734375 0.828125 0.0546875 0.08984375
1 0.970703125 0.3759765625 0.0576171875 0.1455078125
1 0.9072265625 0.4150390625 0.068359375 0.080078125
1 0.94140625 0.2763671875 0.056640625 0.09375
1 0.72265625 0.1650390625 0.1025390625 0.1064453125
1 0.7890625 0.1962890625 0.0927734375 0.0595703125
1 0.787109375 0.2744140625 0.09765625 0.0859375
1 0.9111328125 0.0888671875 0.0625 0.1328125
1 0.6337890625 0.1123046875 0.0751953125 0.0732421875
1 0.544921875 0.1201171875 0.0908203125 0.140625
1 0.4189453125 0.359375 0.072265625 0.0625
1 0.509765625 0.5615234375 0.0712890625 0.072265625
1 0.0322265625 0.3837890625 0.0654296875 0.05859375
1 0.775390625 0.546875 0.068359375 0.05078125
1 0.8916015625 0.71484375 0.060546875 0.0595703125
1 0.2587890625 0.068359375 0.0654296875 0.0625
1 0.609375 0.4755859375 0.119140625 0.0703125
1 0.6826171875 0.3662109375 0.0693359375 0.115234375
