1 0.35546875 0.1376953125 0.0556640625 0.0771484375
1 0.390625 0.224609375 0.0703125 0.068359375
1 0.4609375 0.1611328125 0.107421875 0.080078125
1 0.517578125 0.26171875 0.068359375 0.09765625
1 0.5498046875 0.0302734375 0.1171875 0.0615234375
1 0.4326171875 0.021484375 0.111328125 0.04296875
1 0.4072265625 0.06640625 0.064453125 0.052734375
1 0.0341796875 0.431640625 0.068359375 0.146484375
1 0.25390625 0.40625 0.1533203125 0.126953125
1 0.310546875 0.3974609375 0.068359375 0.07421875
1 0.2802734375 0.4970703125 0.0771484375 0.103515625
1 0.14453125 0.51171875 0.0947265625 0.09765625
1 0.337890625 0.58984375 0.1025390625 0.1298828125
1 0.2578125 0.611328125 0.060546875 0.07421875
1 0.19921875 0.6279296875 0.0791015625 0.078125
1 0.1884765625 0.7392578125 0.09765625 0.095703125
1 0.392578125 0.6767578125 0.080078125 0.068359375
1 0.53125 0.7392578125 0.068359375 0.0703125
1 0.5322265625 0.6474609375 0.0703125 0.0625
1 0.6298828125 0.53125 0.1005859375 0.078125
1 0.728515625 0.443359375 0.0546875 0.0810546875
1 0.796875 0.490234375 0.0830078125 0.056640625
1 0.7666015625 0.3505859375 0.07421875 0.0859375
1 0.83203125 0.3681640625 0.0703125 0.076171875
1 0.9453125 0.3564453125 0.0771484375 0.0888671875
1 0.95703125 0.541015625 0.0859375 0.107421875
1 0.880859375 0.6591796875 0.068359375 0.0888671875
1 0.8505859375 0.7216796875 0.0576171875 0.052734375
1 0.8212890625 0.681640625 0.064453125 0.044921875
1 0.9375 0.8212890625 0.072265625 0.0947265625
1 0.3037109375 0.904296875 0.080078125 0.083984375
1 0.24609375 0.9833984375 0.0927734375 0.033203125
1 0.5732421875 0.96875 0.0859375 0.0625
1 0.7470703125 0.9814453125 0.109375 0.0361328125
1 0.7978515625 0.0390625 0.0732421875 0.0771484375
1 0.896484375 0.05078125 0.0791015625 0.0654296875
1 0.1015625 0.3134765625 0.0908203125 0.0888671875
1 0.564453125 0.1005859375 0.04296875 0.0654296875
1 0.4111328125 0.1845703125 0.0732421875 0.0595703125
1 0.025390625 0.01953125 0.0517578125 0.0390625
1 0.3701171875 0.41015625 0.068359375 0.046875
1 0.1904296875 0.4228515625 0.0634765625 0.0810546875
1 0.056640625 0.513671875 0.11328125 0.0615234375
1 0.0126953125 0.5498046875 0.025390625 0.0322265625
1 0.794921875 0.740234375 0.060546875 0.05859375
