1 0.6474609375 0.0078125 0.1123046875 0.0166015625
1 0.578125 0.009765625 0.0830078125 0.01953125
1 0.3564453125 0.0302734375 0.0712890625 0.060546875
1 0.439453125 0.0576171875 0.1513671875 0.1162109375
1 0.146484375 0.1201171875 0.103515625 0.1376953125
1 0.0859375 0.1650390625 0.1103515625 0.125
1 0.015625 0.0986328125 0.0322265625 0.177734375
1 0.4599609375 0.203125 0.1650390625 0.048828125
1 0.6650390625 0.1962890625 0.138671875 0.275390625
1 0.3447265625 0.2822265625 0.0634765625 0.1142578125
1 0.4609375 0.298828125 0.12109375 0.078125
1 0.349609375 0.37890625 0.0966796875 0.099609375
1 0.4443359375 0.3994140625 0.1064453125 0.09375
1 0.6455078125 0.3544921875 0.052734375 0.083984375
1 0.7021484375 0.3935546875 0.140625 0.2197265625
1 0.203125 0.3916015625 0.0849609375 0.1396484375
1 0.0634765625 0.2890625 0.1279296875 0.16015625
1 0.078125 0.4765625 0.15625 0.111328125
1 0.1123046875 0.6015625 0.091796875 0.123046875
1 0.244140625 0.7099609375 0.0986328125 0.2060546875
1 0.3056640625 0.7060546875 0.072265625 0.1494140625
1 0.3095703125 0.5595703125 0.0947265625 0.1240234375
1 0.5615234375 0.662109375 0.060546875 0.1689453125
1 0.6318359375 0.62890625 0.0830078125 0.22265625
1 0.46484375 0.6484375 0.0859375 0.2373046875
1 0.431640625 0.7353515625 0.0908203125 0.169921875
1 0.1396484375 0.7255859375 0.0869140625 0.1328125
1 0.0078125 0.8837890625 0.015625 0.05859375
1 0.0673828125 0.892578125 0.1171875 0.0693359375
1 0.2021484375 0.9462890625 0.1201171875 0.1064453125
1 0.255859375 0.892578125 0.0615234375 0.0771484375
1 0.5087890625 0.9677734375 0.0576171875 0.0537109375
1 0.5546875 0.984375 0.0458984375 0.03125
1 0.6953125 0.9013671875 0.0810546875 0.0908203125
1 0.7880859375 0.5458984375 0.09375 0.1181640625
1 0.8447265625 0.6865234375 0.1259765625 0.1640625
1 0.9638671875 0.654296875 0.072265625 0.14453125
1 0.9814453125 0.5341796875 0.037109375 0.0751953125
1 0.8095703125 0.2587890625 0.1455078125 0.0703125
1 0.896484375 0.3173828125 0.1201171875 0.0869140625
1 0.892578125 0.9482421875 0.07421875 0.103515625
1 0.96875 0.0654296875 0.0615234375 0.111328125
1 0.904296875 0.0224609375 0.0849609375 0.0458984375
