1 0.046875 0.6318359375 0.09375 0.076171875
1 0.087890625 0.6982421875 0.17578125 0.169921875
1 0.1630859375 0.744140625 0.0908203125 0.0927734375
1 0.119140625 0.8095703125 0.064453125 0.0625
1 0.0205078125 0.197265625 0.041015625 0.0712890625
1 0.0556640625 0.2470703125 0.0576171875 0.0595703125
1 0.1015625 0.2333984375 0.060546875 0.056640625
1 0.15234375 0.240234375 0.068359375 0.12890625
1 0.3671875 0.1474609375 0.0595703125 0.0751953125
1 0.3583984375 0.2119140625 0.1875 0.068359375
1 0.453125 0.1962890625 0.0703125 0.03515625
1 0.38671875 0.3115234375 0.1279296875 0.1328125
1 0.4755859375 0.345703125 0.10546875 0.0576171875
1 0.5146484375 0.28515625 0.1083984375 0.1748046875
1 0.5810546875 0.291015625 0.1044921875 0.0703125
1 0.634765625 0.25 0.1279296875 0.0478515625
1 0.8291015625 0.19140625 0.064453125 0.0693359375
1 0.78515625 0.3359375 0.1181640625 0.142578125
1 0.982421875 0.138671875 0.0341796875 0.095703125
1 0.962890625 0.2119140625 0.072265625 0.0810546875
1 0.732421875 0.25390625 0.154296875 0.1513671875
1 0.8828125 0.2529296875 0.0869140625 0.056640625
1 0.73583984375 0.36259765625 0.05859375 0.0810546875
1 0.955078125 0.40625 0.0849609375 0.0751953125
1 0.853515625 0.4375 0.1162109375 0.0625
1 0.9619140625 0.4677734375 0.072265625 0.0712890625
1 0.1943359375 0.3662109375 0.0849609375 0.091796875
1 0.1904296875 0.5703125 0.1328125 0.1494140625
1 0.2861328125 0.60546875 0.068359375 0.05859375
1 0.3740234375 0.474609375 0.0947265625 0.068359375
1 0.345703125 0.703125 0.1396484375 0.05078125
1 0.32421875 0.748046875 0.060546875 0.0458984375
1 0.2197265625 0.7392578125 0.0771484375 0.076171875
1 0.169921875 0.8662109375 0.0556640625 0.08203125
1 0.1728515625 0.9560546875 0.05859375 0.087890625
1 0.4072265625 0.826171875 0.123046875 0.10546875
1 0.416015625 0.75 0.1005859375 0.05859375
1 0.435546875 0.8994140625 0.0712890625 0.0556640625
1 0.4822265625 0.9359375 0.05683593749999999 0.12656250000000002
1 0.65625 0.720703125 0.0888671875 0.0927734375
1 0.7666015625 0.7421875 0.1220703125 0.08984375
1 0.955078125 0.7294921875 0.07421875 0.08203125
1 0.794921875 0.83203125 0.0615234375 0.0517578125
1 0.7099609375 0.8642578125 0.2900390625 0.1015625
1 0.6689453125 0.9267578125 0.083984375 0.1025390625
1 0.7041015625 0.95703125 0.072265625 0.0859375
1 0.9443359375 0.8876953125 0.06640625 0.0849609375
1 0.947265625 0.357421875 0.10546875 0.044921875
1 0.8583984375 0.3671875 0.115234375 0.1162109375
1 0.52734375 0.40234375 0.0546875 0.068359375
1 0.4970703125 0.4287109375 0.166015625 0.123046875
1 0.5634765625 0.5986328125 0.0595703125 0.2021484375
