1 0.203125 0.953125 0.078125 0.0927734375
1 0.8955078125 0.9267578125 0.08984375 0.0869140625
1 0.91015625 0.654296875 0.0927734375 0.080078125
1 0.48828125 0.458984375 0.091796875 0.1103515625
1 0.927734375 0.1279296875 0.0732421875 0.0771484375
1 0.791015625 0.7158203125 0.1279296875 0.0673828125
1 0.150390625 0.5927734375 0.0625 0.0732421875
1 0.662109375 0.0791015625 0.07421875 0.0654296875
1 0.83203125 0.302734375 0.0859375 0.0732421875
1 0.439453125 0.6416015625 0.080078125 0.0654296875
1 0.0185546875 0.833984375 0.037109375 0.0751953125
1 0.1865234375 0.275390625 0.1044921875 0.0732421875
1 0.337890625 0.2216796875 0.0830078125 0.0693359375
1 0.0234375 0.953125 0.046875 0.0673828125
1 0.5205078125 0.6181640625 0.0625 0.078125
1 0.2041015625 0.662109375 0.0654296875 0.064453125
1 0.2705078125 0.6015625 0.0625 0.0654296875
1 0.69921875 0.7138671875 0.080078125 0.0595703125
1 0.7978515625 0.1455078125 0.0966796875 0.0830078125
1 0.19140625 0.14453125 0.0654296875 0.0859375
1 0.8486328125 0.57421875 0.1298828125 0.0947265625
1 0.8544921875 0.8505859375 0.0703125 0.0478515625
1 0.8017578125 0.9716796875 0.0546875 0.0556640625
1 0.5380859375 0.9228515625 0.0625 0.0869140625
1 0.740234375 0.5458984375 0.1025390625 0.0625
1 0.1767578125 0.1953125 0.0546875 0.0625
1 0.626953125 0.837890625 0.08984375 0.09765625
1 0.8505859375 0.08984375 0.09765625 0.08984375
1 0.703125 0.873046875 0.0673828125 0.0673828125
1 0.81640625 0.658203125 0.0498046875 0.04296875
1 0.203125 0.859375 0.087890625 0.080078125
1 0.947265625 0.37890625 0.0869140625 0.037109375
1 0.705078125 0.275390625 0.1064453125 0.0517578125
1 0.775390625 0.859375 0.0673828125 0.060546875
1 0.71484375 0.9658203125 0.072265625 0.0673828125
1 0.1015625 0.5439453125 0.0693359375 0.0693359375
1 0.064453125 0.9736328125 0.060546875 0.052734375
1 0.646484375 0.9091796875 0.0751953125 0.0595703125
1 0.7216796875 0.931640625 0.0654296875 0.0849609375
1 0.771484375 0.8994140625 0.0947265625 0.064453125
1 0.216796875 0.48828125 0.046875 0.04296875
1 0.26171875 0.4951171875 0.0625 0.0576171875
1 0.287109375 0.541015625 0.044921875 0.0625
1 0.314453125 0.478515625 0.07421875 0.0625
1 0.3896484375 0.4541015625 0.064453125 0.0654296875
1 0.3134765625 0.3291015625 0.0625 0.0654296875
1 0.4189453125 0.3388671875 0.0751953125 0.0654296875
1 0.435546875 0.2890625 0.0478515625 0.0556640625
1 0.2529296875 0.3251953125 0.052734375 0.0576171875
1 0.6083984375 0.3681640625 0.046875 0.1328125
1 0.833984375 0.529296875 0.0556640625 0.080078125
1 0.8408203125 0.0615234375 0.15234375 0.048828125
1 0.7607421875 0.064453125 0.0625 0.0703125
1 0.7021484375 0.033203125 0.0703125 0.046875
1 0.9423828125 0.03515625 0.1025390625 0.0673828125
1 0.9404296875 0.2177734375 0.1123046875 0.0830078125
1 0.228515625 0.4326171875 0.0849609375 0.0673828125
1 0.205078125 0.4013671875 0.09375 0.091796875
