1 0.490234375 0.4931640625 0.1025390625 0.1171875
1 0.3916015625 0.63671875 0.1298828125 0.134765625
1 0.640625 0.1884765625 0.1025390625 0.087890625
1 0.7421875 0.2490234375 0.10546875 0.1201171875
1 0.43359375 0.2431640625 0.107421875 0.091796875
1 0.8544921875 0.03125 0.080078125 0.0625
1 0.6328125 0.4599609375 0.0771484375 0.1572265625
1 0.1015625 0.8095703125 0.0947265625 0.115234375
1 0.6884765625 0.0166015625 0.08203125 0.0341796875
1 0.1611328125 0.0009765625 0.1201171875 0.001953125
1 0.19140625 0.248046875 0.0849609375 0.0771484375
1 0.876953125 0.6103515625 0.08984375 0.1220703125
1 0.5400390625 0.6806640625 0.0771484375 0.107421875
1 0.8330078125 0.189453125 0.0830078125 0.095703125
1 0.166015625 0.35546875 0.1171875 0.1279296875
1 0.2919921875 0.236328125 0.0673828125 0.064453125
1 0.921875 0.3173828125 0.0751953125 0.080078125
1 0.48046875 0.3515625 0.0869140625 0.0849609375
1 0.7939453125 0.3369140625 0.0751953125 0.080078125
1 0.4052734375 0.8330078125 0.1025390625 0.212890625
1 0.314453125 0.115234375 0.080078125 0.0869140625
1 0.890625 0.259765625 0.0673828125 0.0703125
1 0.376953125 0.033203125 0.08984375 0.0673828125
1 0.4013671875 0.138671875 0.0849609375 0.0849609375
1 0.609375 0.013671875 0.0751953125 0.02734375
1 0.3779296875 0.3984375 0.072265625 0.107421875
1 0.5537109375 0.0908203125 0.0849609375 0.078125
1 0.685546875 0.8896484375 0.08203125 0.0703125
1 0.9765625 0.0458984375 0.0458984375 0.078125
1 0.275390625 0.5283203125 0.0673828125 0.087890625
1 0.935546875 0.8115234375 0.08203125 0.1103515625
1 0.6103515625 0.71875 0.0927734375 0.1103515625
1 0.3095703125 0.4423828125 0.060546875 0.1025390625
1 0.5302734375 0.2890625 0.0732421875 0.0654296875
1 0.955078125 0.396484375 0.0830078125 0.0556640625
1 0.9970703125 0.0107421875 0.005859375 0.0224609375
1 0.7646484375 0.7646484375 0.115234375 0.140625
1 0.900390625 0.7080078125 0.1025390625 0.0771484375
1 0.26953125 0.8154296875 0.080078125 0.0869140625
1 0.10546875 0.4951171875 0.1376953125 0.1279296875
1 0.552734375 0.03125 0.1220703125 0.0625
1 0.9970703125 0.720703125 0.005859375 0.072265625
1 0.775390625 0.6376953125 0.0732421875 0.0830078125
1 0.376953125 0.4765625 0.080078125 0.0791015625
1 0.8759765625 0.8984375 0.08203125 0.203125
1 0.5419921875 0.904296875 0.0849609375 0.19140625
1 0.951171875 0.88671875 0.0849609375 0.0947265625
1 0.2158203125 0.72265625 0.091796875 0.1025390625
1 0.16796875 0.0654296875 0.09765625 0.052734375
1 0.998046875 0.208984375 0.0029296875 0.1142578125
1 0.693359375 0.95703125 0.091796875 0.060546875
1 0.5615234375 0.369140625 0.0791015625 0.0751953125
1 0.052734375 0.31640625 0.1025390625 0.1298828125
1 0.1474609375 0.1328125 0.0927734375 0.0673828125
1 0.29296875 0.37890625 0.0869140625 0.0556640625
1 0.0458984375 0.1669921875 0.087890625 0.08984375
1 0.650390625 0.341796875 0.0576171875 0.080078125
1 0.1865234375 0.4677734375 0.0654296875 0.0732421875
1 0.9111328125 0.5380859375 0.0849609375 0.072265625
1 0.2529296875 0.9375 0.0673828125 0.125
1 0.865234375 0.47265625 0.1025390625 0.1376953125
1 0.0947265625 0.376953125 0.080078125 0.080078125
1 0.0986328125 0.1337890625 0.0625 0.0849609375
1 0.076171875 0.5810546875 0.0625 0.087890625
1 0.53515625 0.5732421875 0.0478515625 0.056640625
1 0.3564453125 0.826171875 0.0654296875 0.1748046875
1 0.2138671875 0.6630859375 0.0654296875 0.08203125
1 0.150390625 0.73046875 0.0576171875 0.09765625
1 0.216796875 0.9765625 0.0849609375 0.0458984375
1 0.7138671875 0.8095703125 0.0654296875 0.140625
