1 0.55859375 0.5810546875 0.0654296875 0.1044921875
1 0.177734375 0.4541015625 0.0458984375 0.115234375
1 0.5126953125 0.0791015625 0.0546875 0.140625
1 0.455078125 0.166015625 0.1279296875 0.0703125
1 0.96875 0.90625 0.0625 0.056640625
1 0.3115234375 0.830078125 0.125 0.0537109375
1 0.951171875 0.595703125 0.0966796875 0.052734375
1 0.6064453125 0.3759765625 0.0810546875 0.08984375
1 0.0498046875 0.59765625 0.09765625 0.060546875
1 0.0595703125 0.74609375 0.119140625 0.0517578125
1 0.259765625 0.560546875 0.037109375 0.0322265625
1 0.4052734375 0.8232421875 0.048828125 0.09375
1 0.6591796875 0.380859375 0.046875 0.1533203125
1 0.28125 0.103515625 0.146484375 0.1845703125
1 0.8203125 0.076171875 0.0888671875 0.099609375
1 0.748046875 0.0595703125 0.1005859375 0.095703125
1 0.34375 0.7392578125 0.09375 0.154296875
1 0.912109375 0.5244140625 0.0703125 0.0673828125
1 0.619140625 0.1806640625 0.0703125 0.1064453125
1 0.3037109375 0.900390625 0.1083984375 0.0712890625
1 0.22265625 0.8994140625 0.1015625 0.068359375
1 0.3798828125 0.4482421875 0.1015625 0.0634765625
1 0.7001953125 0.56640625 0.0478515625 0.08984375
1 0.8134765625 0.5537109375 0.125 0.056640625
1 0.4267578125 0.109375 0.068359375 0.091796875
1 0.27734375 0.15234375 0.0595703125 0.0849609375
1 0.5537109375 0.8525390625 0.0634765625 0.0625
1 0.5693359375 0.45703125 0.0576171875 0.0595703125
1 0.7509765625 0.8681640625 0.080078125 0.068359375
1 0.234375 0.1396484375 0.1005859375 0.130859375
1 0.59765625 0.68359375 0.0400390625 0.087890625
1 0.3310546875 0.25390625 0.1806640625 0.0771484375
1 0.849609375 0.8935546875 0.080078125 0.0859375
1 0.8037109375 0.5869140625 0.0634765625 0.060546875
1 0.482421875 0.8564453125 0.1484375 0.1298828125
1 0.5703125 0.494140625 0.0517578125 0.052734375
1 0.0771484375 0.291015625 0.115234375 0.060546875
1 0.3505859375 0.9765625 0.0615234375 0.04296875
1 0.1650390625 0.9697265625 0.1298828125 0.0458984375
1 0.5888671875 0.9638671875 0.197265625 0.068359375
1 0.4833984375 0.560546875 0.05859375 0.029296875
1 0.359375 0.869140625 0.07421875 0.029296875
1 0.060546875 0.978515625 0.119140625 0.0361328125
1 0.802734375 0.720703125 0.0517578125 0.0341796875
1 0.8994140625 0.478515625 0.06640625 0.0322265625
1 0.6640625 0.1455078125 0.056640625 0.07421875
1 0.91796875 0.91796875 0.068359375 0.0478515625
1 0.4541015625 0.98046875 0.029296875 0.0390625
1 0.0732421875 0.53125 0.0634765625 0.0390625
1 0.0244140625 0.501953125 0.048828125 0.1015625
1 0.68359375 0.6513671875 0.181640625 0.0361328125
1 0.3720703125 0.3798828125 0.0458984375 0.0595703125
1 0.2802734375 0.537109375 0.1015625 0.078125
1 0.4111328125 0.6708984375 0.0751953125 0.0537109375
1 0.21875 0.578125 0.2138671875 0.0654296875
1 0.5556640625 0.8837890625 0.052734375 0.0302734375
1 0.82421875 0.8447265625 0.123046875 0.0546875
1 0.1005859375 0.1083984375 0.1123046875 0.060546875
1 0.150390625 0.154296875 0.0859375 0.064453125
1 0.0869140625 0.12890625 0.1220703125 0.0888671875
1 0.119140625 0.181640625 0.177734375 0.130859375
1 0.01171875 0.1611328125 0.0224609375 0.1220703125
1 0.3349609375 0.0439453125 0.1357421875 0.0888671875
1 0.958984375 0.056640625 0.08203125 0.107421875
1 0.724609375 0.6787109375 0.046875 0.041015625
1 0.5390625 0.080078125 0.0615234375 0.046875
