1 0.255859375 0.3740234375 0.0546875 0.0908203125
1 0.873046875 0.365234375 0.0654296875 0.09765625
1 0.064453125 0.0458984375 0.0400390625 0.091796875
1 0.712890625 0.6328125 0.0517578125 0.103515625
1 0.693359375 0.0390625 0.0732421875 0.078125
1 0.1591796875 0.44921875 0.0888671875 0.099609375
1 0.0869140625 0.4228515625 0.083984375 0.107421875
1 0.7998046875 0.119140625 0.052734375 0.091796875
1 0.966796875 0.359375 0.0537109375 0.08203125
1 0.705078125 0.68359375 0.0439453125 0.09375
1 0.501953125 0.373046875 0.044921875 0.083984375
1 0.94921875 0.298828125 0.037109375 0.0849609375
1 0.7998046875 0.9375 0.080078125 0.0830078125
1 0.458984375 0.060546875 0.0634765625 0.1220703125
1 0.7353515625 0.833984375 0.056640625 0.0830078125
1 0.54296875 0.666015625 0.0458984375 0.0869140625
1 0.392578125 0.81640625 0.095703125 0.0771484375
1 0.0341796875 0.0458984375 0.05078125 0.0908203125
1 0.431640625 0.96484375 0.0732421875 0.0693359375
1 0.974609375 0.6708984375 0.041015625 0.103515625
1 0.07421875 0.9384765625 0.05859375 0.0625
1 0.2919921875 0.138671875 0.0732421875 0.060546875
1 0.06640625 0.54296875 0.125 0.048828125
1 0.94140625 0.4326171875 0.0830078125 0.123046875
1 0.486328125 0.568359375 0.0625 0.091796875
1 0.0302734375 0.142578125 0.0380859375 0.083984375
1 0.166015625 0.212890625 0.05859375 0.060546875
1 0.91015625 0.7666015625 0.0947265625 0.0654296875
1 0.0546875 0.78515625 0.1103515625 0.0947265625
1 0.63671875 0.26953125 0.0283203125 0.0634765625
1 0.984375 0.791015625 0.0302734375 0.0849609375
1 0.4501953125 0.7509765625 0.0947265625 0.0751953125
1 0.75 0.0478515625 0.0322265625 0.091796875
1 0.748046875 0.3330078125 0.1044921875 0.087890625
1 0.1533203125 0.560546875 0.060546875 0.0751953125
1 0.1513671875 0.751953125 0.0908203125 0.068359375
1 0.5634765625 0.064453125 0.078125 0.1298828125
1 0.828125 0.703125 0.02734375 0.05859375
1 0.576171875 0.8935546875 0.0615234375 0.0322265625
1 0.0078125 0.537109375 0.0166015625 0.05859375
1 0.0126953125 0.4716796875 0.025390625 0.05078125
1 0.732421875 0.9619140625 0.068359375 0.07421875
1 0.2060546875 0.611328125 0.0771484375 0.04296875
1 0.296875 0.9501953125 0.0537109375 0.0830078125
1 0.8857421875 0.03125 0.0390625 0.0625
1 0.9755859375 0.0712890625 0.0478515625 0.13671875
1 0.5029296875 0.48046875 0.0634765625 0.0615234375
1 0.470703125 0.29296875 0.0400390625 0.072265625
1 0.822265625 0.591796875 0.046875 0.072265625
1 0.5625 0.83984375 0.0478515625 0.0361328125
1 0.861328125 0.8515625 0.0322265625 0.0517578125
1 0.30078125 0.814453125 0.0478515625 0.025390625
1 0.341796875 0.326171875 0.046875 0.072265625
1 0.0830078125 0.8544921875 0.0751953125 0.0498046875
1 0.24609375 0.5712890625 0.0654296875 0.04296875
1 0.8701171875 0.5830078125 0.0791015625 0.072265625
1 0.65625 0.8701171875 0.03125 0.0791015625
1 0.1318359375 0.9111328125 0.0810546875 0.046875
1 0.3154296875 0.880859375 0.0712890625 0.064453125
1 0.4609375 0.4921875 0.0546875 0.0966796875
1 0.4130859375 0.4765625 0.0341796875 0.05859375
1 0.2138671875 0.8623046875 0.0546875 0.0498046875
1 0.2353515625 0.0888671875 0.0751953125 0.052734375
1 0.4501953125 0.1728515625 0.0380859375 0.064453125
1 0.6650390625 0.6943359375 0.0224609375 0.0673828125
1 0.71484375 0.2607421875 0.0556640625 0.04296875
1 0.3017578125 0.7421875 0.0849609375 0.0517578125
1 0.10546875 0.9853515625 0.0341796875 0.0283203125
1 0.0693359375 0.650390625 0.0400390625 0.04296875
1 0.3681640625 0.021484375 0.0400390625 0.04296875
1 0.609375 0.8369140625 0.052734375 0.0419921875
