1 0.9560546875 0.357421875 0.0869140625 0.0693359375
1 0.2041015625 0.482421875 0.0849609375 0.0673828125
1 0.8291015625 0.6708984375 0.1142578125 0.197265625
1 0.2587890625 0.7314453125 0.09765625 0.1025390625
1 0.1064453125 0.6669921875 0.1103515625 0.109375
1 0.1103515625 0.384765625 0.1669921875 0.099609375
1 0.091796875 0.4716796875 0.078125 0.095703125
1 0.060546875 0.0927734375 0.1123046875 0.1083984375
1 0.2041015625 0.08203125 0.2197265625 0.080078125
1 0.126953125 0.7919921875 0.17578125 0.099609375
1 0.0390625 0.2783203125 0.0791015625 0.087890625
1 0.953125 0.294921875 0.09375 0.0625
1 0.125 0.015625 0.1474609375 0.03125
