1 0.0986328125 0.966796875 0.1201171875 0.0654296875
1 0.1708984375 0.314453125 0.08203125 0.1455078125
1 0.3515625 0.14453125 0.1005859375 0.23046875
1 0.3447265625 0.73046875 0.1142578125 0.2236328125
1 0.4755859375 0.0869140625 0.107421875 0.169921875
1 0.0888671875 0.771484375 0.1455078125 0.2001953125
1 0.6904296875 0.0693359375 0.1181640625 0.1298828125
1 0.7275390625 0.9384765625 0.2724609375 0.1220703125
1 0.025390625 0.78515625 0.0517578125 0.0908203125
1 0.337890625 0.5703125 0.0869140625 0.1025390625
1 0.8720703125 0.349609375 0.125 0.240234375
1 0.59375 0.240234375 0.0849609375 0.2880859375
1 0.6357421875 0.3857421875 0.232421875 0.1328125
1 0.029296875 0.66015625 0.0595703125 0.1181640625
1 0.06640625 0.46484375 0.1337890625 0.1015625
1 0.392578125 0.4091796875 0.322265625 0.3544921875
1 0.7294921875 0.830078125 0.1796875 0.10546875
1 0.9736328125 0.580078125 0.0517578125 0.107421875
1 0.4833984375 0.3818359375 0.162109375 0.384765625
1 0.69921875 0.2890625 0.1005859375 0.1943359375
1 0.5556640625 0.173828125 0.267578125 0.1201171875
1 0.8681640625 0.2119140625 0.2626953125 0.185546875
1 0.943359375 0.052734375 0.0986328125 0.1015625
1 0.6689453125 0.9404296875 0.0986328125 0.119140625
1 0.283203125 0.0361328125 0.076171875 0.0732421875
1 0.54296875 0.4658203125 0.12109375 0.09375
