1 0.1005859375 0.5419921875 0.0771484375 0.0732421875
1 0.1689453125 0.8515625 0.0458984375 0.072265625
1 0.2587890625 0.4072265625 0.056640625 0.1298828125
1 0.580078125 0.44921875 0.0439453125 0.1015625
1 0.931640625 0.1796875 0.056640625 0.0927734375
1 0.8427734375 0.8251953125 0.0478515625 0.072265625
1 0.099609375 0.0947265625 0.0859375 0.0439453125
1 0.576171875 0.859375 0.0537109375 0.064453125
1 0.40625 0.134765625 0.0439453125 0.078125
1 0.400390625 0.447265625 0.0634765625 0.0830078125
1 0.8271484375 0.0947265625 0.060546875 0.107421875
1 0.5166015625 0.041015625 0.037109375 0.0654296875
1 0.9423828125 0.853515625 0.095703125 0.0556640625
1 0.8955078125 0.8095703125 0.06640625 0.0634765625
1 0.2236328125 0.580078125 0.05078125 0.08203125
1 0.9326171875 0.458984375 0.0263671875 0.0634765625
1 0.1064453125 0.2294921875 0.0439453125 0.0615234375
1 0.5224609375 0.158203125 0.033203125 0.0732421875
1 0.47265625 0.548828125 0.0654296875 0.056640625
1 0.8828125 0.541015625 0.046875 0.087890625
1 0.0185546875 0.5537109375 0.0380859375 0.0380859375
1 0.2802734375 0.6318359375 0.0615234375 0.04296875
1 0.109375 0.892578125 0.048828125 0.0537109375
1 0.564453125 0.0361328125 0.0478515625 0.0625
1 0.189453125 0.62890625 0.0625 0.0283203125
1 0.5400390625 0.29296875 0.0556640625 0.04296875
1 0.1435546875 0.4736328125 0.072265625 0.068359375
1 0.9736328125 0.74609375 0.0380859375 0.0732421875
1 0.427734375 0.0732421875 0.044921875 0.0400390625
1 0.974609375 0.5146484375 0.05078125 0.048828125
1 0.68359375 0.455078125 0.0546875 0.03515625
1 0.16796875 0.5634765625 0.033203125 0.064453125
1 0.28125 0.5263671875 0.05859375 0.0341796875
1 0.765625 0.87890625 0.03125 0.056640625
1 0.2998046875 0.8984375 0.0654296875 0.0458984375
1 0.041015625 0.1845703125 0.0830078125 0.0478515625
1 0.837890625 0.0283203125 0.05078125 0.056640625
1 0.21484375 0.419921875 0.03515625 0.0546875
1 0.7421875 0.8212890625 0.037109375 0.0634765625
1 0.048828125 0.21875 0.0751953125 0.056640625
1 0.1396484375 0.5146484375 0.0576171875 0.0546875
1 0.677734375 0.4755859375 0.05859375 0.0419921875
1 0.9755859375 0.9228515625 0.04296875 0.02734375
1 0.83203125 0.51171875 0.0625 0.0390625
1 0.7294921875 0.8291015625 0.03125 0.064453125
1 0.984375 0.478515625 0.03125 0.037109375
1 0.4736328125 0.0595703125 0.0517578125 0.044921875
1 0.9580078125 0.818359375 0.048828125 0.0576171875
1 0.6171875 0.8916015625 0.0546875 0.048828125
1 0.439453125 0.9873046875 0.0546875 0.025390625
