1 0.751953125 0.17578125 0.0927734375 0.0849609375
1 0.744140625 0.291015625 0.06640625 0.0908203125
1 0.974609375 0.3095703125 0.05078125 0.08203125
1 0.724609375 0.4296875 0.1064453125 0.0859375
1 0.478515625 0.333984375 0.0947265625 0.0732421875
1 0.4921875 0.4365234375 0.0966796875 0.0927734375
1 0.3525390625 0.509765625 0.1044921875 0.076171875
1 0.0546875 0.31640625 0.109375 0.0546875
1 0.07421875 0.560546875 0.072265625 0.060546875
1 0.078125 0.6826171875 0.0771484375 0.09765625
1 0.140625 0.8740234375 0.0771484375 0.0888671875
1 0.6005859375 0.6669921875 0.076171875 0.0888671875
1 0.6416015625 0.73828125 0.072265625 0.111328125
1 0.7578125 0.6708984375 0.0849609375 0.0556640625
1 0.6953125 0.548828125 0.10546875 0.087890625
1 0.9580078125 0.5888671875 0.06640625 0.068359375
1 0.9755859375 0.70703125 0.0478515625 0.09375
1 0.9716796875 0.8515625 0.0556640625 0.0732421875
1 0.93359375 0.8935546875 0.0615234375 0.056640625
1 0.4990234375 0.7958984375 0.0830078125 0.07421875
1 0.3974609375 0.744140625 0.076171875 0.072265625
1 0.498046875 0.9482421875 0.078125 0.080078125
1 0.55859375 0.8671875 0.103515625 0.095703125
1 0.2841796875 0.9208984375 0.0634765625 0.064453125
1 0.802734375 0.9736328125 0.0634765625 0.0517578125
1 0.6640625 0.9677734375 0.0771484375 0.052734375
1 0.9130859375 0.98046875 0.0546875 0.0390625
1 0.3935546875 0.5615234375 0.1005859375 0.064453125
1 0.568359375 0.2724609375 0.0947265625 0.076171875
