1 0.80078125 0.2919921875 0.072265625 0.080078125
1 0.8505859375 0.5615234375 0.0771484375 0.0908203125
1 0.7353515625 0.6416015625 0.0830078125 0.080078125
1 0.943359375 0.369140625 0.078125 0.1005859375
1 0.8505859375 0.12890625 0.0849609375 0.0888671875
1 0.96484375 0.5419921875 0.0703125 0.099609375
1 0.7744140625 0.8017578125 0.0849609375 0.0703125
1 0.8583984375 0.6513671875 0.09765625 0.095703125
1 0.9365234375 0.681640625 0.0986328125 0.0986328125
1 0.8818359375 0.859375 0.08203125 0.0703125
1 0.953125 0.154296875 0.0908203125 0.0908203125
1 0.9189453125 0.0947265625 0.0751953125 0.0830078125
1 0.7958984375 0.4697265625 0.0625 0.08984375
1 0.880859375 0.8056640625 0.09765625 0.0400390625
1 0.716796875 0.9501953125 0.076171875 0.056640625
