1 0.9287109375 0.5498046875 0.056640625 0.0849609375
1 0.349609375 0.0927734375 0.0849609375 0.064453125
1 0.5888671875 0.04296875 0.0712890625 0.08203125
1 0.3349609375 0.5078125 0.0693359375 0.1015625
1 0.759765625 0.0849609375 0.0732421875 0.06640625
1 0.04296875 0.58984375 0.0859375 0.05078125
1 0.287109375 0.328125 0.083984375 0.0703125
1 0.630859375 0.1337890625 0.068359375 0.0771484375
1 0.7255859375 0.65234375 0.0615234375 0.078125
1 0.7802734375 0.1826171875 0.056640625 0.0703125
1 0.2421875 0.2109375 0.078125 0.0673828125
1 0.0771484375 0.2724609375 0.08984375 0.05859375
1 0.2783203125 0.3701171875 0.0595703125 0.06640625
1 0.2783203125 0.091796875 0.0712890625 0.0595703125
1 0.541015625 0.3125 0.0791015625 0.0625
1 0.4169921875 0.2138671875 0.1025390625 0.0830078125
1 0.4296875 0.271484375 0.0615234375 0.1015625
1 0.7509765625 0.3515625 0.0537109375 0.080078125
1 0.8388671875 0.0302734375 0.0703125 0.056640625
1 0.759765625 0.869140625 0.103515625 0.0625
1 0.435546875 0.0830078125 0.0654296875 0.0498046875
1 0.169921875 0.2177734375 0.072265625 0.068359375
1 0.685546875 0.8125 0.0703125 0.05078125
1 0.3740234375 0.0439453125 0.0517578125 0.080078125
1 0.6591796875 0.2294921875 0.0908203125 0.0595703125
1 0.2490234375 0.25390625 0.072265625 0.0478515625
1 0.8994140625 0.0341796875 0.06640625 0.048828125
1 0.6533203125 0.8603515625 0.0986328125 0.0712890625
1 0.8603515625 0.662109375 0.0478515625 0.06640625
1 0.0390625 0.32421875 0.0791015625 0.0556640625
1 0.1904296875 0.958984375 0.09765625 0.056640625
1 0.1494140625 0.01953125 0.0537109375 0.0380859375
1 0.26953125 0.705078125 0.0634765625 0.0634765625
1 0.8564453125 0.2021484375 0.0556640625 0.0888671875
1 0.3837890625 0.3330078125 0.0712890625 0.05078125
1 0.14453125 0.5556640625 0.0546875 0.06640625
1 0.833984375 0.1826171875 0.087890625 0.126953125
1 0.02734375 0.966796875 0.0556640625 0.0361328125
1 0.9609375 0.8779296875 0.068359375 0.0810546875
1 0.4814453125 0.9404296875 0.08203125 0.06640625
1 0.6513671875 0.6171875 0.056640625 0.0380859375
1 0.5869140625 0.97265625 0.0390625 0.0546875
1 0.455078125 0.5458984375 0.072265625 0.056640625
1 0.634765625 0.654296875 0.07421875 0.0576171875
1 0.771484375 0.9794921875 0.1279296875 0.0400390625
1 0.8046875 0.4267578125 0.0771484375 0.05078125
1 0.5029296875 0.89453125 0.1298828125 0.052734375
1 0.818359375 0.5029296875 0.064453125 0.0341796875
1 0.9755859375 0.4609375 0.048828125 0.05859375
1 0.8740234375 0.591796875 0.05078125 0.046875
1 0.6396484375 0.576171875 0.0439453125 0.046875
1 0.962890625 0.7109375 0.0478515625 0.0341796875
1 0.4775390625 0.7353515625 0.0390625 0.03515625
1 0.8017578125 0.9521484375 0.115234375 0.080078125
1 0.15234375 0.541015625 0.0625 0.044921875
1 0.1142578125 0.7763671875 0.07421875 0.04296875
1 0.35546875 0.728515625 0.037109375 0.0400390625
1 0.73271484375 0.950390625 0.049511718750000044 0.037890624999999956
1 0.373046875 0.9033203125 0.0380859375 0.04296875
1 0.8310546875 0.291015625 0.078125 0.080078125
1 0.7412109375 0.443359375 0.0830078125 0.0654296875
1 0.5908203125 0.0126953125 0.107421875 0.0263671875
