1 0.5009765625 0.90625 0.0693359375 0.0703125
1 0.568359375 0.9384765625 0.0859375 0.0478515625
1 0.0830078125 0.115234375 0.166015625 0.1181640625
1 0.5166015625 0.828125 0.080078125 0.060546875
1 0.931640625 0.0009765625 0.11328125 0.001953125
1 0.9609375 0.4296875 0.076171875 0.1435546875
1 0.2900390625 0.1865234375 0.0869140625 0.1533203125
1 0.9033203125 0.677734375 0.0830078125 0.0966796875
1 0.326171875 0.1650390625 0.1025390625 0.1328125
1 0.12890625 0.2470703125 0.087890625 0.09375
1 0.623046875 0.837890625 0.0966796875 0.0927734375
1 0.966796875 0.3251953125 0.06640625 0.103515625
1 0.595703125 0.1875 0.09765625 0.1005859375
1 0.5791015625 0.1025390625 0.1591796875 0.09375
1 0.1064453125 0.11328125 0.1328125 0.1142578125
1 0.9736328125 0.7451171875 0.052734375 0.087890625
1 0.783203125 0.6484375 0.09375 0.126953125
1 0.9111328125 0.185546875 0.1064453125 0.1103515625
1 0.1728515625 0.021484375 0.0859375 0.0439453125
1 0.1826171875 0.6669921875 0.08203125 0.09765625
1 0.4892578125 0.3359375 0.083984375 0.0810546875
1 0.4443359375 0.951171875 0.0576171875 0.0556640625
1 0.3857421875 0.982421875 0.0888671875 0.03515625
1 0.3525390625 0.9130859375 0.080078125 0.0654296875
1 0.2724609375 0.904296875 0.0810546875 0.0849609375
1 0.6044921875 0.4638671875 0.1005859375 0.083984375
1 0.5126953125 0.494140625 0.0712890625 0.10546875
1 0.4228515625 0.5146484375 0.076171875 0.0966796875
1 0.2900390625 0.5205078125 0.0888671875 0.07421875
1 0.2529296875 0.05078125 0.091796875 0.0478515625
