1 0.5625 0.189453125 0.1318359375 0.1044921875
1 0.9287109375 0.556640625 0.142578125 0.279296875
1 0.376953125 0.7373046875 0.10546875 0.19140625
1 0.3369140625 0.041015625 0.1298828125 0.08203125
1 0.396484375 0.1904296875 0.1845703125 0.2177734375
1 0.7265625 0.3037109375 0.2421875 0.154296875
1 0.7529296875 0.369140625 0.16015625 0.072265625
1 0.6103515625 0.5009765625 0.1982421875 0.1171875
1 0.1044921875 0.4169921875 0.205078125 0.169921875
1 0.2216796875 0.310546875 0.0673828125 0.0673828125
1 0.630859375 0.6220703125 0.4228515625 0.12109375
1 0.3212890625 0.58203125 0.2001953125 0.310546875
1 0.4951171875 0.0322265625 0.0771484375 0.0654296875
1 0.4794921875 0.69921875 0.169921875 0.1396484375
1 0.2939453125 0.38671875 0.1455078125 0.3798828125
1 0.7802734375 0.4853515625 0.2822265625 0.2314453125
1 0.1240234375 0.892578125 0.248046875 0.2138671875
1 0.2861328125 0.1171875 0.1298828125 0.10546875
