1 0.5 0.0654296875 0.1416015625 0.1318359375
1 0.7080078125 0.3193359375 0.1533203125 0.1259765625
1 0.0205078125 0.1298828125 0.0419921875 0.1474609375
1 0.248046875 0.5126953125 0.1103515625 0.115234375
1 0.5390625 0.4765625 0.0791015625 0.09765625
1 0.6572265625 0.7021484375 0.130859375 0.216796875
1 0.7998046875 0.712890625 0.103515625 0.212890625
1 0.1083984375 0.5673828125 0.12109375 0.125
1 0.390625 0.611328125 0.123046875 0.2021484375
1 0.1416015625 0.01171875 0.1123046875 0.0234375
1 0.0634765625 0.0908203125 0.0625 0.0673828125
1 0.0595703125 0.0185546875 0.0615234375 0.0380859375
1 0.0556640625 0.2880859375 0.0625 0.0556640625
1 0.130859375 0.4375 0.072265625 0.0673828125
1 0.01171875 0.50390625 0.0234375 0.0703125
1 0.1884765625 0.6015625 0.05859375 0.060546875
1 0.1982421875 0.681640625 0.072265625 0.087890625
1 0.0263671875 0.638671875 0.052734375 0.1533203125
1 0.0498046875 0.7685546875 0.0634765625 0.0966796875
1 0.0107421875 0.8564453125 0.0224609375 0.1083984375
1 0.06640625 0.94140625 0.076171875 0.1171875
1 0.189453125 0.89453125 0.0810546875 0.154296875
1 0.1474609375 0.9697265625 0.0498046875 0.0595703125
1 0.298828125 0.953125 0.06640625 0.0927734375
1 0.3955078125 0.8564453125 0.0791015625 0.0595703125
1 0.4248046875 0.970703125 0.0859375 0.05859375
1 0.517578125 0.875 0.1279296875 0.1162109375
1 0.826171875 0.8681640625 0.1083984375 0.1162109375
1 0.9697265625 0.484375 0.060546875 0.0712890625
1 0.978515625 0.5859375 0.04296875 0.0751953125
1 0.6796875 0.5576171875 0.1298828125 0.0703125
1 0.6279296875 0.4921875 0.0947265625 0.0712890625
1 0.7158203125 0.0458984375 0.0693359375 0.091796875
1 0.8095703125 0.16796875 0.10546875 0.1220703125
1 0.8388671875 0.099609375 0.091796875 0.10546875
