1 0.5712890625 0.0341796875 0.1591796875 0.068359375
1 0.6630859375 0.06640625 0.111328125 0.103515625
1 0.9189453125 0.08984375 0.115234375 0.1806640625
1 0.98828125 0.083984375 0.0234375 0.119140625
1 0.8720703125 0.365234375 0.1044921875 0.1357421875
1 0.5673828125 0.2578125 0.1826171875 0.1142578125
1 0.30859375 0.1806640625 0.11328125 0.0712890625
1 0.232421875 0.2470703125 0.138671875 0.1005859375
1 0.2021484375 0.345703125 0.1943359375 0.095703125
1 0.2587890625 0.419921875 0.1162109375 0.11328125
1 0.390625 0.4912109375 0.12890625 0.1201171875
1 0.3388671875 0.5341796875 0.0712890625 0.115234375
1 0.08984375 0.6328125 0.0732421875 0.09765625
1 0.140625 0.7060546875 0.0751953125 0.078125
1 0.0244140625 0.58984375 0.0498046875 0.2421875
1 0.0595703125 0.3408203125 0.1064453125 0.08203125
1 0.42578125 0.6328125 0.0732421875 0.1015625
1 0.447265625 0.7421875 0.0498046875 0.1142578125
1 0.1259765625 0.95703125 0.1083984375 0.076171875
1 0.306640625 0.7978515625 0.0927734375 0.0791015625
1 0.5732421875 0.82421875 0.12109375 0.0693359375
1 0.5546875 0.3828125 0.0966796875 0.09765625
1 0.7890625 0.591796875 0.078125 0.23828125
1 0.5888671875 0.525390625 0.1015625 0.1708984375
1 0.9013671875 0.509765625 0.091796875 0.1142578125
1 0.9482421875 0.556640625 0.1025390625 0.1845703125
1 0.951171875 0.7177734375 0.0966796875 0.16015625
1 0.791015625 0.7822265625 0.078125 0.107421875
1 0.7197265625 0.8134765625 0.0732421875 0.0673828125
1 0.7431640625 0.8642578125 0.1005859375 0.0732421875
1 0.0419921875 0.13671875 0.083984375 0.0712890625
1 0.0458984375 0.9619140625 0.091796875 0.0673828125
1 0.2763671875 0.9560546875 0.06640625 0.087890625
