1 0.01953125 0.0693359375 0.0390625 0.0947265625
1 0.01953125 0.333984375 0.0390625 0.0966796875
1 0.0302734375 0.25 0.056640625 0.07421875
1 0.0244140625 0.8212890625 0.048828125 0.1005859375
1 0.0205078125 0.986328125 0.041015625 0.02734375
1 0.2646484375 0.8671875 0.068359375 0.1298828125
1 0.400390625 0.806640625 0.125 0.228515625
1 0.2626953125 0.6689453125 0.0703125 0.0947265625
1 0.4765625 0.638671875 0.0986328125 0.150390625
1 0.5498046875 0.615234375 0.1015625 0.060546875
1 0.5908203125 0.5595703125 0.2041015625 0.083984375
1 0.345703125 0.4326171875 0.0625 0.123046875
1 0.2822265625 0.4619140625 0.1103515625 0.1533203125
1 0.1982421875 0.5263671875 0.0732421875 0.1181640625
1 0.2607421875 0.583984375 0.0791015625 0.060546875
1 0.1142578125 0.390625 0.1474609375 0.068359375
1 0.072265625 0.4521484375 0.083984375 0.14453125
1 0.51171875 0.2314453125 0.0595703125 0.111328125
1 0.3037109375 0.16015625 0.1337890625 0.0673828125
1 0.1865234375 0.140625 0.064453125 0.0556640625
1 0.0849609375 0.0673828125 0.083984375 0.078125
1 0.3896484375 0.1376953125 0.1240234375 0.0615234375
1 0.5859375 0.16015625 0.0791015625 0.1142578125
1 0.7392578125 0.24609375 0.1044921875 0.111328125
1 0.6611328125 0.455078125 0.1064453125 0.068359375
1 0.7509765625 0.466796875 0.0966796875 0.091796875
1 0.712890625 0.548828125 0.091796875 0.0859375
1 0.66015625 0.083984375 0.2138671875 0.09765625
1 0.759765625 0.0380859375 0.064453125 0.0771484375
1 0.3310546875 0.0302734375 0.0703125 0.0615234375
1 0.8203125 0.009765625 0.12109375 0.0205078125
1 0.9580078125 0.015625 0.083984375 0.03125
1 0.96484375 0.20703125 0.0693359375 0.076171875
1 0.978515625 0.1494140625 0.04296875 0.0400390625
1 0.931640625 0.05859375 0.0791015625 0.060546875
1 0.82421875 0.537109375 0.09765625 0.0810546875
1 0.908203125 0.4609375 0.1455078125 0.115234375
1 0.978515625 0.55078125 0.0419921875 0.0830078125
1 0.9365234375 0.5927734375 0.060546875 0.0615234375
1 0.9365234375 0.65625 0.1025390625 0.08984375
1 0.8779296875 0.7021484375 0.11328125 0.0849609375
1 0.5302734375 0.8017578125 0.072265625 0.0751953125
1 0.7021484375 0.8271484375 0.0888671875 0.0654296875
1 0.8486328125 0.7900390625 0.0654296875 0.0673828125
1 0.9736328125 0.7998046875 0.0517578125 0.0869140625
1 0.892578125 0.9287109375 0.1376953125 0.13671875
1 0.697265625 0.9521484375 0.1103515625 0.0751953125
1 0.4892578125 0.974609375 0.0791015625 0.0498046875
1 0.5556640625 0.953125 0.076171875 0.07421875
1 0.5732421875 0.9853515625 0.0849609375 0.029296875
1 0.2734375 0.5478515625 0.0537109375 0.0546875
1 0.1357421875 0.47265625 0.05859375 0.0712890625
1 0.318359375 0.2041015625 0.0654296875 0.0625
1 0.4912109375 0.087890625 0.052734375 0.0576171875
1 0.48828125 0.0244140625 0.0400390625 0.0400390625
1 0.96875 0.125 0.0615234375 0.0478515625
1 0.955078125 0.09765625 0.0732421875 0.0751953125
1 0.0390625 0.4130859375 0.044921875 0.0625
1 0.732421875 0.34375 0.064453125 0.076171875
