1 0.181640625 0.4599609375 0.134765625 0.0654296875
1 0.1982421875 0.1806640625 0.0859375 0.0615234375
1 0.9384765625 0.5537109375 0.1171875 0.0693359375
1 0.0810546875 0.5322265625 0.09375 0.0625
1 0.87890625 0.4345703125 0.0703125 0.0517578125
1 0.54296875 0.107421875 0.09765625 0.1103515625
1 0.416015625 0.2734375 0.078125 0.0546875
1 0.033203125 0.2978515625 0.0673828125 0.033203125
1 0.6416015625 0.798828125 0.091796875 0.0615234375
1 0.283203125 0.6318359375 0.1357421875 0.0458984375
1 0.087890625 0.88671875 0.0869140625 0.033203125
1 0.30859375 0.6220703125 0.1015625 0.0546875
1 0.427734375 0.7626953125 0.109375 0.052734375
1 0.59765625 0.126953125 0.0615234375 0.0615234375
1 0.1376953125 0.2109375 0.060546875 0.056640625
1 0.4619140625 0.61328125 0.083984375 0.0361328125
1 0.7509765625 0.146484375 0.068359375 0.0517578125
1 0.2978515625 0.7138671875 0.0615234375 0.0703125
1 0.75 0.6484375 0.123046875 0.0341796875
1 0.18359375 0.03515625 0.0595703125 0.037109375
1 0.4091796875 0.3037109375 0.0712890625 0.0546875
1 0.4541015625 0.90234375 0.1181640625 0.0419921875
1 0.802734375 0.228515625 0.0390625 0.091796875
1 0.0546875 0.185546875 0.060546875 0.048828125
1 0.3916015625 0.708984375 0.1162109375 0.05078125
1 0.53125 0.8857421875 0.080078125 0.01953125
1 0.482421875 0.65234375 0.06640625 0.0322265625
1 0.83984375 0.9189453125 0.0732421875 0.046875
1 0.791015625 0.9130859375 0.0537109375 0.06640625
1 0.048828125 0.8212890625 0.064453125 0.044921875
1 0.591796875 0.64453125 0.0791015625 0.021484375
1 0.169921875 0.3310546875 0.1015625 0.0390625
1 0.318359375 0.306640625 0.080078125 0.0400390625
1 0.072265625 0.2197265625 0.0830078125 0.06640625
1 0.12890625 0.876953125 0.064453125 0.0361328125
1 0.255859375 0.515625 0.08984375 0.0361328125
1 0.634765625 0.287109375 0.1142578125 0.0517578125
1 0.8544921875 0.6708984375 0.0244140625 0.0546875
1 0.0439453125 0.9775390625 0.0869140625 0.0263671875
1 0.1005859375 0.978515625 0.0556640625 0.025390625
1 0.771484375 0.619140625 0.03125 0.0546875
1 0.6396484375 0.5322265625 0.0654296875 0.04296875
1 0.3798828125 0.595703125 0.0576171875 0.03515625
1 0.0869140625 0.263671875 0.07421875 0.04296875
1 0.6611328125 0.6015625 0.0673828125 0.041015625
1 0.2109375 0.58984375 0.033203125 0.05078125
1 0.162109375 0.8681640625 0.0498046875 0.0537109375
1 0.0390625 0.60546875 0.0791015625 0.0478515625
1 0.4716796875 0.2080078125 0.0439453125 0.0224609375
1 0.158203125 0.6171875 0.123046875 0.0673828125
