1 0.4462890625 0.052734375 0.1552734375 0.1064453125
1 0.376953125 0.1640625 0.087890625 0.048828125
1 0.2822265625 0.2041015625 0.0810546875 0.0673828125
1 0.2109375 0.1201171875 0.0771484375 0.044921875
1 0.1044921875 0.16015625 0.1416015625 0.0693359375
1 0.044921875 0.0927734375 0.08984375 0.044921875
1 0.1591796875 0.2490234375 0.1708984375 0.0556640625
1 0.177734375 0.302734375 0.0888671875 0.0654296875
1 0.302734375 0.3212890625 0.1708984375 0.0947265625
1 0.0263671875 0.25 0.0537109375 0.0556640625
1 0.4892578125 0.25 0.0576171875 0.068359375
1 0.5283203125 0.275390625 0.0419921875 0.0830078125
1 0.578125 0.271484375 0.0478515625 0.0869140625
1 0.8193359375 0.1513671875 0.1025390625 0.0615234375
1 0.9228515625 0.076171875 0.0693359375 0.146484375
1 0.9541015625 0.3017578125 0.0458984375 0.0634765625
1 0.90234375 0.3037109375 0.046875 0.05859375
1 0.412109375 0.48828125 0.091796875 0.15625
1 0.2900390625 0.5458984375 0.072265625 0.0791015625
1 0.060546875 0.6279296875 0.12109375 0.0458984375
1 0.0693359375 0.69140625 0.138671875 0.0771484375
1 0.052734375 0.7998046875 0.0712890625 0.1259765625
1 0.234375 0.7626953125 0.0537109375 0.0810546875
1 0.314453125 0.77734375 0.0419921875 0.041015625
1 0.375 0.8056640625 0.068359375 0.1064453125
1 0.41015625 0.703125 0.1552734375 0.0771484375
1 0.5322265625 0.701171875 0.0830078125 0.0478515625
1 0.6416015625 0.685546875 0.08203125 0.0458984375
1 0.7138671875 0.6513671875 0.052734375 0.0400390625
1 0.7421875 0.5927734375 0.068359375 0.080078125
1 0.72265625 0.521484375 0.046875 0.0625
1 0.6455078125 0.5185546875 0.0517578125 0.0673828125
1 0.8759765625 0.6982421875 0.078125 0.0478515625
1 0.7861328125 0.671875 0.083984375 0.091796875
1 0.7021484375 0.8310546875 0.0625 0.0927734375
1 0.5146484375 0.77734375 0.0693359375 0.0654296875
1 0.572265625 0.81640625 0.16796875 0.072265625
1 0.9033203125 0.755859375 0.0888671875 0.07421875
1 0.8994140625 0.8193359375 0.0576171875 0.056640625
