1 0.65625 0.978515625 0.09765625 0.04296875
1 0.373046875 0.8359375 0.0791015625 0.103515625
1 0.451171875 0.85546875 0.091796875 0.0595703125
1 0.455078125 0.7880859375 0.107421875 0.064453125
1 0.5595703125 0.755859375 0.115234375 0.0673828125
1 0.5625 0.818359375 0.0927734375 0.0615234375
1 0.6318359375 0.798828125 0.0693359375 0.0654296875
1 0.8125 0.8212890625 0.111328125 0.09765625
1 0.91015625 0.876953125 0.1484375 0.1064453125
1 0.9365234375 0.8173828125 0.1103515625 0.109375
1 0.7197265625 0.6591796875 0.068359375 0.0791015625
1 0.5927734375 0.6943359375 0.08203125 0.0673828125
1 0.3134765625 0.724609375 0.0791015625 0.0625
1 0.3134765625 0.66796875 0.1787109375 0.1015625
1 0.1318359375 0.73046875 0.0576171875 0.083984375
1 0.0224609375 0.7119140625 0.0458984375 0.12890625
1 0.0341796875 0.8544921875 0.068359375 0.0927734375
1 0.01953125 0.5703125 0.0400390625 0.1162109375
1 0.0966796875 0.5869140625 0.0859375 0.13671875
1 0.138671875 0.3623046875 0.240234375 0.0888671875
1 0.0458984375 0.2392578125 0.091796875 0.0693359375
1 0.2998046875 0.171875 0.095703125 0.0576171875
1 0.251953125 0.1357421875 0.0791015625 0.0615234375
1 0.17578125 0.1640625 0.0498046875 0.07421875
1 0.2119140625 0.064453125 0.1240234375 0.12890625
1 0.5166015625 0.0478515625 0.1064453125 0.095703125
1 0.4208984375 0.1171875 0.087890625 0.1513671875
1 0.3720703125 0.2119140625 0.0810546875 0.052734375
1 0.49609375 0.244140625 0.107421875 0.107421875
1 0.3427734375 0.37890625 0.072265625 0.1826171875
1 0.40625 0.490234375 0.048828125 0.3056640625
1 0.6435546875 0.5966796875 0.0966796875 0.0732421875
1 0.587890625 0.400390625 0.1728515625 0.240234375
1 0.716796875 0.4931640625 0.107421875 0.2197265625
1 0.84375 0.302734375 0.173828125 0.0927734375
1 0.6884765625 0.296875 0.140625 0.0693359375
1 0.876953125 0.220703125 0.1064453125 0.0576171875
1 0.65625 0.1435546875 0.201171875 0.146484375
1 0.9189453125 0.1591796875 0.162109375 0.0751953125
1 0.953125 0.521484375 0.0458984375 0.125
1 0.9794921875 0.5625 0.041015625 0.125
1 0.9755859375 0.333984375 0.048828125 0.0771484375
1 0.1298828125 0.2666015625 0.0849609375 0.072265625
1 0.2138671875 0.826171875 0.0439453125 0.0859375
1 0.689453125 0.6416015625 0.123046875 0.0458984375
1 0.7978515625 0.380859375 0.1220703125 0.048828125
1 0.642578125 0.369140625 0.0556640625 0.0634765625
