1 0.0341796875 0.4677734375 0.068359375 0.0634765625
1 0.0390625 0.4169921875 0.0791015625 0.06640625
1 0.0244140625 0.70703125 0.0498046875 0.087890625
1 0.052734375 0.5673828125 0.0595703125 0.072265625
1 0.099609375 0.607421875 0.0869140625 0.0927734375
1 0.0234375 0.853515625 0.046875 0.0615234375
1 0.01953125 0.9267578125 0.0390625 0.0849609375
1 0.0673828125 0.9267578125 0.08984375 0.0966796875
1 0.279296875 0.5986328125 0.0732421875 0.0693359375
1 0.328125 0.646484375 0.0654296875 0.068359375
1 0.451171875 0.865234375 0.072265625 0.087890625
1 0.4873046875 0.9658203125 0.095703125 0.0625
1 0.5205078125 0.8994140625 0.083984375 0.1044921875
1 0.537109375 0.69140625 0.0859375 0.103515625
1 0.4951171875 0.6123046875 0.0537109375 0.064453125
1 0.5078125 0.556640625 0.0888671875 0.056640625
1 0.5625 0.4736328125 0.0732421875 0.068359375
1 0.4951171875 0.49609375 0.068359375 0.0576171875
1 0.4755859375 0.44140625 0.072265625 0.0859375
1 0.6845703125 0.51953125 0.07421875 0.0625
1 0.78125 0.421875 0.076171875 0.0703125
1 0.75 0.6064453125 0.078125 0.0673828125
1 0.79296875 0.6640625 0.0927734375 0.0830078125
1 0.8818359375 0.5732421875 0.0751953125 0.068359375
1 0.8916015625 0.4990234375 0.08203125 0.1083984375
1 0.357421875 0.1494140625 0.09765625 0.076171875
1 0.462890625 0.01953125 0.0791015625 0.0400390625
1 0.4677734375 0.0634765625 0.0625 0.0517578125
1 0.5517578125 0.05859375 0.0703125 0.0673828125
1 0.5185546875 0.1240234375 0.07421875 0.0576171875
1 0.60546875 0.15625 0.0712890625 0.0625
1 0.7021484375 0.099609375 0.1328125 0.0498046875
1 0.765625 0.0263671875 0.09375 0.0537109375
1 0.818359375 0.056640625 0.052734375 0.0693359375
1 0.900390625 0.099609375 0.09375 0.091796875
1 0.9765625 0.4638671875 0.046875 0.0751953125
1 0.6884765625 0.9619140625 0.091796875 0.076171875
