1 0.0205078125 0.0693359375 0.0419921875 0.064453125
1 0.0615234375 0.0205078125 0.0859375 0.0419921875
1 0.2998046875 0.08203125 0.080078125 0.0673828125
1 0.1357421875 0.1318359375 0.072265625 0.1064453125
1 0.0888671875 0.181640625 0.0859375 0.158203125
1 0.0224609375 0.3896484375 0.044921875 0.08203125
1 0.015625 0.4873046875 0.0322265625 0.0869140625
1 0.0966796875 0.5302734375 0.0791015625 0.0771484375
1 0.21484375 0.51171875 0.080078125 0.0654296875
1 0.404296875 0.4541015625 0.1064453125 0.0771484375
1 0.2373046875 0.7275390625 0.125 0.076171875
1 0.2158203125 0.8017578125 0.0693359375 0.0576171875
1 0.0302734375 0.912109375 0.0576171875 0.103515625
1 0.0869140625 0.912109375 0.0712890625 0.0810546875
1 0.4580078125 0.908203125 0.068359375 0.13671875
1 0.5927734375 0.958984375 0.1015625 0.0810546875
1 0.740234375 0.9765625 0.078125 0.046875
1 0.9375 0.9638671875 0.1181640625 0.072265625
1 0.916015625 0.697265625 0.0830078125 0.0888671875
1 0.8408203125 0.615234375 0.103515625 0.0791015625
1 0.9248046875 0.6044921875 0.0654296875 0.0771484375
1 0.6845703125 0.67578125 0.0751953125 0.0615234375
1 0.6884765625 0.5419921875 0.0625 0.0732421875
1 0.6376953125 0.4619140625 0.09375 0.0595703125
1 0.490234375 0.69140625 0.076171875 0.091796875
1 0.578125 0.5888671875 0.0859375 0.0791015625
1 0.5146484375 0.5966796875 0.068359375 0.0712890625
1 0.35546875 0.634765625 0.0615234375 0.103515625
1 0.4150390625 0.6103515625 0.0859375 0.0791015625
1 0.275390625 0.5869140625 0.0712890625 0.068359375
1 0.6171875 0.38671875 0.1181640625 0.0791015625
1 0.5263671875 0.2646484375 0.1005859375 0.09765625
1 0.7646484375 0.171875 0.0625 0.076171875
1 0.6181640625 0.0947265625 0.076171875 0.0927734375
1 0.7509765625 0.04296875 0.1005859375 0.0859375
1 0.5263671875 0.0322265625 0.07421875 0.0654296875
1 0.4638671875 0.03515625 0.056640625 0.0703125
1 0.3837890625 0.0234375 0.0927734375 0.046875
1 0.744140625 0.921875 0.0869140625 0.076171875
1 0.314453125 0.611328125 0.0673828125 0.0615234375
1 0.78515625 0.33203125 0.0712890625 0.0849609375
1 0.19140625 0.013671875 0.1083984375 0.02734375
