1 0.3916015625 0.8076171875 0.1201171875 0.1123046875
1 0.1640625 0.4375 0.0849609375 0.087890625
1 0.552734375 0.814453125 0.0927734375 0.0849609375
1 0.7470703125 0.17578125 0.1083984375 0.07421875
1 0.5390625 0.3427734375 0.1591796875 0.1318359375
1 0.623046875 0.189453125 0.09765625 0.125
1 0.9287109375 0.1455078125 0.0517578125 0.0732421875
1 0.408203125 0.5693359375 0.107421875 0.125
1 0.3662109375 0.0771484375 0.1298828125 0.150390625
1 0.7265625 0.5078125 0.125 0.1318359375
1 0.3251953125 0.9521484375 0.0927734375 0.080078125
1 0.484375 0.1455078125 0.10546875 0.1474609375
1 0.361328125 0.4482421875 0.0703125 0.08984375
1 0.970703125 0.1689453125 0.0576171875 0.0693359375
1 0.4521484375 0.46875 0.064453125 0.078125
1 0.685546875 0.869140625 0.04296875 0.041015625
1 0.7412109375 0.0771484375 0.0498046875 0.080078125
1 0.033203125 0.88671875 0.0625 0.08984375
1 0.2705078125 0.4150390625 0.0673828125 0.052734375
1 0.3818359375 0.384765625 0.0712890625 0.0595703125
