1 0.03515625 0.9423828125 0.0703125 0.1142578125
1 0.216796875 0.9580078125 0.0791015625 0.0830078125
1 0.283203125 0.8115234375 0.056640625 0.068359375
1 0.2646484375 0.7451171875 0.0869140625 0.0830078125
1 0.4580078125 0.796875 0.0595703125 0.056640625
1 0.5361328125 0.908203125 0.072265625 0.0927734375
1 0.041015625 0.61328125 0.08203125 0.07421875
1 0.111328125 0.0556640625 0.0673828125 0.111328125
1 0.25390625 0.1669921875 0.0703125 0.0859375
1 0.337890625 0.1416015625 0.0693359375 0.0771484375
1 0.3017578125 0.0498046875 0.0673828125 0.083984375
1 0.197265625 0.041015625 0.0654296875 0.0654296875
1 0.4453125 0.1962890625 0.0986328125 0.119140625
1 0.375 0.26171875 0.0732421875 0.068359375
1 0.3125 0.3125 0.0888671875 0.068359375
1 0.525390625 0.3662109375 0.0810546875 0.07421875
1 0.5595703125 0.2021484375 0.0791015625 0.0712890625
1 0.5576171875 0.0390625 0.0537109375 0.0751953125
1 0.6962890625 0.19921875 0.072265625 0.0625
1 0.8427734375 0.205078125 0.0673828125 0.09765625
1 0.8515625 0.2705078125 0.068359375 0.0712890625
1 0.755859375 0.333984375 0.091796875 0.099609375
1 0.8408203125 0.376953125 0.091796875 0.08984375
1 0.970703125 0.5224609375 0.05859375 0.08203125
1 0.544921875 0.45703125 0.07421875 0.0771484375
1 0.4150390625 0.46484375 0.064453125 0.0771484375
1 0.267578125 0.53125 0.091796875 0.0712890625
1 0.451171875 0.6005859375 0.0732421875 0.07421875
1 0.6416015625 0.5888671875 0.0615234375 0.07421875
1 0.8994140625 0.556640625 0.0859375 0.0712890625
1 0.9169921875 0.62109375 0.08203125 0.064453125
1 0.9091796875 0.7490234375 0.0673828125 0.0693359375
1 0.71484375 0.794921875 0.0703125 0.083984375
1 0.779296875 0.794921875 0.068359375 0.060546875
1 0.833984375 0.748046875 0.0830078125 0.072265625
1 0.6650390625 0.7958984375 0.0517578125 0.0947265625
1 0.6953125 0.7373046875 0.0810546875 0.056640625
1 0.7548828125 0.736328125 0.056640625 0.0654296875
1 0.7431640625 0.5791015625 0.056640625 0.072265625
1 0.806640625 0.076171875 0.0625 0.0693359375
1 0.9091796875 0.0830078125 0.064453125 0.064453125
1 0.427734375 0.0654296875 0.0693359375 0.0595703125
1 0.3388671875 0.6513671875 0.0888671875 0.076171875
1 0.8857421875 0.4365234375 0.07421875 0.08984375
1 0.4150390625 0.0263671875 0.08203125 0.052734375
1 0.1552734375 0.185546875 0.0703125 0.03515625
1 0.138671875 0.2109375 0.05078125 0.0458984375
1 0.5595703125 0.4111328125 0.044921875 0.0390625
1 0.572265625 0.439453125 0.0419921875 0.0380859375
1 0.4208984375 0.87890625 0.04296875 0.05859375
1 0.796875 0.4609375 0.044921875 0.048828125
