1 0.8701171875 0.3671875 0.1572265625 0.1103515625
1 0.185546875 0.6376953125 0.099609375 0.16015625
1 0.892578125 0.119140625 0.1650390625 0.107421875
1 0.302734375 0.6240234375 0.0869140625 0.1005859375
1 0.2509765625 0.140625 0.109375 0.1123046875
1 0.927734375 0.5771484375 0.1435546875 0.10546875
1 0.2744140625 0.306640625 0.080078125 0.0947265625
1 0.3623046875 0.3408203125 0.099609375 0.126953125
1 0.8798828125 0.2763671875 0.1240234375 0.083984375
1 0.873046875 0.8193359375 0.14453125 0.1181640625
1 0.224609375 0.947265625 0.109375 0.10546875
1 0.396484375 0.447265625 0.1396484375 0.10546875
1 0.8955078125 0.740234375 0.142578125 0.0966796875
1 0.4296875 0.34375 0.099609375 0.11328125
1 0.8427734375 0.96484375 0.0966796875 0.0703125
1 0.4306640625 0.4755859375 0.09765625 0.0927734375
1 0.3779296875 0.623046875 0.0869140625 0.1220703125
1 0.59375 0.9638671875 0.0732421875 0.068359375
