1 0.31640625 0.08984375 0.10546875 0.1796875
1 0.2578125 0.1474609375 0.0830078125 0.076171875
1 0.0244140625 0.07421875 0.048828125 0.1494140625
1 0.109375 0.2119140625 0.1044921875 0.1630859375
1 0.267578125 0.244140625 0.0703125 0.09765625
1 0.4111328125 0.2041015625 0.0771484375 0.076171875
1 0.505859375 0.2353515625 0.0888671875 0.103515625
1 0.5087890625 0.0859375 0.1708984375 0.080078125
1 0.4599609375 0.0234375 0.099609375 0.046875
1 0.2333984375 0.4931640625 0.1767578125 0.1328125
1 0.1748046875 0.52734375 0.0595703125 0.15625
1 0.4140625 0.4033203125 0.068359375 0.0771484375
1 0.50390625 0.4169921875 0.138671875 0.068359375
1 0.58984375 0.4755859375 0.115234375 0.1162109375
1 0.3583984375 0.5380859375 0.0771484375 0.087890625
1 0.0693359375 0.580078125 0.109375 0.0712890625
1 0.1240234375 0.640625 0.05078125 0.08984375
1 0.248046875 0.642578125 0.0712890625 0.0595703125
1 0.2802734375 0.69140625 0.1123046875 0.060546875
1 0.1689453125 0.7021484375 0.140625 0.0693359375
1 0.1484375 0.7431640625 0.0947265625 0.083984375
1 0.1494140625 0.8369140625 0.1279296875 0.1181640625
1 0.4853515625 0.783203125 0.076171875 0.076171875
1 0.38671875 0.8974609375 0.0869140625 0.076171875
1 0.3251953125 0.9130859375 0.0693359375 0.08203125
1 0.09375 0.9404296875 0.1083984375 0.0625
1 0.6533203125 0.9736328125 0.0859375 0.0517578125
1 0.8115234375 0.9541015625 0.0859375 0.08984375
1 0.896484375 0.96484375 0.0771484375 0.0703125
1 0.9326171875 0.6298828125 0.0654296875 0.087890625
1 0.7109375 0.5634765625 0.0673828125 0.091796875
1 0.7490234375 0.6513671875 0.0732421875 0.09765625
1 0.705078125 0.75 0.0732421875 0.0732421875
1 0.88671875 0.6904296875 0.0625 0.060546875
1 0.8701171875 0.5615234375 0.1123046875 0.2529296875
1 0.92578125 0.3876953125 0.12109375 0.140625
1 0.818359375 0.4287109375 0.1240234375 0.0654296875
1 0.8095703125 0.4833984375 0.0654296875 0.0732421875
1 0.796875 0.2705078125 0.0712890625 0.0810546875
1 0.9052734375 0.0283203125 0.0703125 0.056640625
1 0.62109375 0.646484375 0.0693359375 0.0595703125
1 0.58203125 0.69921875 0.0712890625 0.0654296875
1 0.9794921875 0.6572265625 0.041015625 0.0830078125
1 0.4423828125 0.259765625 0.07421875 0.07421875
1 0.1943359375 0.421875 0.12109375 0.0556640625
1 0.6533203125 0.2783203125 0.1103515625 0.08203125
