1 0.8544921875 0.1904296875 0.099609375 0.15234375
1 0.95703125 0.4521484375 0.0859375 0.07421875
1 0.7626953125 0.6962890625 0.0771484375 0.0673828125
1 0.90234375 0.3857421875 0.14453125 0.1376953125
1 0.08984375 0.875 0.08203125 0.0576171875
1 0.845703125 0.8154296875 0.08203125 0.0625
1 0.7216796875 0.890625 0.134765625 0.078125
1 0.685546875 0.796875 0.08203125 0.0576171875
1 0.90234375 0.513671875 0.08984375 0.09765625
1 0.8095703125 0.361328125 0.095703125 0.0654296875
1 0.61328125 0.8818359375 0.1015625 0.080078125
1 0.951171875 0.09765625 0.09765625 0.064453125
1 0.6669921875 0.0703125 0.0849609375 0.1220703125
1 0.8603515625 0.931640625 0.0869140625 0.0556640625
1 0.03125 0.9736328125 0.0625 0.052734375
1 0.828125 0.529296875 0.08203125 0.099609375
1 0.95703125 0.765625 0.0712890625 0.1123046875
1 0.0380859375 0.2626953125 0.0771484375 0.0927734375
1 0.0693359375 0.05078125 0.1201171875 0.099609375
1 0.0859375 0.2001953125 0.107421875 0.1025390625
1 0.947265625 0.5634765625 0.10546875 0.08203125
1 0.96484375 0.24609375 0.0693359375 0.078125
1 0.9423828125 0.0673828125 0.11328125 0.09765625
