1 0.9677734375 0.2880859375 0.064453125 0.1025390625
1 0.673828125 0.099609375 0.09765625 0.1005859375
1 0.603515625 0.3583984375 0.1162109375 0.0869140625
1 0.662109375 0.6865234375 0.125 0.1181640625
1 0.37109375 0.404296875 0.125 0.1748046875
1 0.2626953125 0.21875 0.146484375 0.12890625
1 0.1630859375 0.7314453125 0.126953125 0.166015625
1 0.2216796875 0.91015625 0.1474609375 0.1083984375
1 0.3349609375 0.9599609375 0.1748046875 0.0791015625
1 0.8349609375 0.7841796875 0.1064453125 0.1025390625
1 0.935546875 0.9560546875 0.11328125 0.087890625
1 0.1884765625 0.103515625 0.0810546875 0.08984375
1 0.0830078125 0.3037109375 0.1083984375 0.0751953125
1 0.0439453125 0.1083984375 0.087890625 0.1064453125
1 0.490234375 0.0361328125 0.1376953125 0.0732421875
1 0.4921875 0.1201171875 0.0771484375 0.068359375
1 0.873046875 0.025390625 0.109375 0.05078125
1 0.7607421875 0.4892578125 0.1171875 0.1552734375
1 0.59765625 0.4716796875 0.1455078125 0.09375
1 0.4814453125 0.3349609375 0.087890625 0.1337890625
1 0.0908203125 0.51953125 0.111328125 0.1435546875
1 0.2900390625 0.55078125 0.087890625 0.1181640625
1 0.4501953125 0.9345703125 0.05078125 0.04296875
1 0.5556640625 0.7353515625 0.05078125 0.041015625
1 0.6953125 0.3212890625 0.1259765625 0.1005859375
1 0.8330078125 0.9580078125 0.087890625 0.083984375
