1 0.634765625 0.6318359375 0.099609375 0.099609375
1 0.21484375 0.6328125 0.1025390625 0.1318359375
1 0.40234375 0.580078125 0.08984375 0.0927734375
1 0.7080078125 0.2080078125 0.087890625 0.0927734375
1 0.6533203125 0.3974609375 0.11328125 0.0927734375
1 0.1484375 0.162109375 0.08203125 0.0546875
1 0.470703125 0.2998046875 0.0673828125 0.0703125
1 0.3974609375 0.7822265625 0.0576171875 0.169921875
1 0.302734375 0.8583984375 0.0927734375 0.107421875
1 0.470703125 0.58203125 0.046875 0.0703125
1 0.37109375 0.0654296875 0.09765625 0.1318359375
1 0.2744140625 0.404296875 0.064453125 0.0546875
1 0.2822265625 0.0654296875 0.060546875 0.0625
1 0.7666015625 0.02734375 0.0869140625 0.0556640625
1 0.0947265625 0.3681640625 0.185546875 0.123046875
1 0.1865234375 0.716796875 0.1044921875 0.0751953125
1 0.6083984375 0.9140625 0.072265625 0.1591796875
1 0.0703125 0.103515625 0.1376953125 0.080078125
1 0.9111328125 0.2646484375 0.1220703125 0.1123046875
1 0.7734375 0.93359375 0.232421875 0.107421875
1 0.29296875 0.5693359375 0.1025390625 0.0751953125
1 0.1806640625 0.2548828125 0.046875 0.080078125
1 0.916015625 0.84375 0.16796875 0.1171875
1 0.30078125 0.951171875 0.23828125 0.09765625
1 0.439453125 0.1123046875 0.095703125 0.044921875
1 0.1201171875 0.279296875 0.0673828125 0.0947265625
1 0.666015625 0.7666015625 0.29296875 0.1201171875
1 0.2607421875 0.302734375 0.251953125 0.0927734375
1 0.3955078125 0.8779296875 0.1474609375 0.0673828125
1 0.3955078125 0.509765625 0.1474609375 0.1953125
1 0.505859375 0.6572265625 0.052734375 0.060546875
1 0.6083984375 0.0673828125 0.0654296875 0.08984375
1 0.912109375 0.3642578125 0.080078125 0.1201171875
1 0.126953125 0.9091796875 0.109375 0.1806640625
1 0.85546875 0.31640625 0.0673828125 0.1044921875
1 0.9638671875 0.728515625 0.0654296875 0.1328125
1 0.775390625 0.458984375 0.09765625 0.2001953125
1 0.8154296875 0.5830078125 0.1923828125 0.2724609375
1 0.560546875 0.6142578125 0.072265625 0.0849609375
1 0.6220703125 0.5146484375 0.060546875 0.169921875
1 0.96875 0.3369140625 0.0625 0.205078125
1 0.8779296875 0.70703125 0.1728515625 0.185546875
1 0.939453125 0.4599609375 0.1201171875 0.205078125
1 0.037109375 0.16796875 0.0703125 0.052734375
1 0.4794921875 0.462890625 0.080078125 0.0927734375
1 0.5595703125 0.693359375 0.060546875 0.08203125
1 0.8779296875 0.0048828125 0.0927734375 0.009765625
1 0.1708984375 0.5419921875 0.046875 0.0546875
1 0.576171875 0.02734375 0.03515625 0.0400390625
1 0.359375 0.11328125 0.14453125 0.126953125
1 0.6142578125 0.2109375 0.1904296875 0.107421875
1 0.5205078125 0.203125 0.1220703125 0.08203125
1 0.568359375 0.2705078125 0.13671875 0.1220703125
1 0.6171875 0.314453125 0.099609375 0.064453125
1 0.6689453125 0.3857421875 0.1552734375 0.09765625
1 0.04296875 0.509765625 0.0859375 0.0869140625
1 0.0654296875 0.521484375 0.07421875 0.1728515625
1 0.068359375 0.5517578125 0.1376953125 0.080078125
1 0.8515625 0.876953125 0.0849609375 0.154296875
1 0.7197265625 0.9482421875 0.064453125 0.1025390625
1 0.560546875 0.845703125 0.0625 0.15234375
1 0.4267578125 0.966796875 0.0546875 0.0654296875
