1 0.9638671875 0.3525390625 0.0712890625 0.05078125
1 0.3544921875 0.482421875 0.1044921875 0.0517578125
1 0.75 0.2080078125 0.109375 0.0615234375
1 0.9599609375 0.2021484375 0.0791015625 0.072265625
1 0.349609375 0.0244140625 0.12890625 0.0419921875
1 0.044921875 0.60546875 0.08984375 0.0625
1 0.7451171875 0.3154296875 0.09375 0.0439453125
1 0.2783203125 0.3251953125 0.14453125 0.0576171875
1 0.748046875 0.0205078125 0.107421875 0.0419921875
1 0.5068359375 0.099609375 0.1435546875 0.0634765625
1 0.5908203125 0.4306640625 0.11953124999999998 0.05009765625000001
1 0.130859375 0.2783203125 0.134765625 0.05859375
1 0.130859375 0.3330078125 0.1708984375 0.052734375
1 0.541015625 0.947265625 0.0966796875 0.0341796875
1 0.0888671875 0.234375 0.162109375 0.0458984375
1 0.494140625 0.384765625 0.130859375 0.0517578125
1 0.45703125 0.7265625 0.15234375 0.0390625
1 0.861328125 0.265625 0.1162109375 0.0546875
1 0.947265625 0.05078125 0.1044921875 0.0400390625
1 0.330078125 0.4306640625 0.1748046875 0.056640625
1 0.9091796875 0.9462890625 0.1162109375 0.037109375
1 0.1796875 0.1201171875 0.1015625 0.0400390625
1 0.13671875 0.595703125 0.1201171875 0.0458984375
1 0.4580078125 0.7607421875 0.146484375 0.03125
1 0.349609375 0.369140625 0.13671875 0.0478515625
1 0.5390625 0.6376953125 0.076171875 0.03125
1 0.7275390625 0.7392578125 0.1181640625 0.04296875
1 0.8681640625 0.0166015625 0.0986328125 0.033203125
1 0.0810546875 0.046875 0.15234375 0.0478515625
1 0.173828125 0.1962890625 0.091796875 0.0615234375
1 0.0849609375 0.4501953125 0.1708984375 0.04296875
1 0.84375 0.798828125 0.154296875 0.0341796875
1 0.0966796875 0.0771484375 0.123046875 0.0517578125
1 0.4052734375 0.939453125 0.1650390625 0.0625
1 0.90234375 0.6279296875 0.1318359375 0.0751953125
1 0.80859375 0.173828125 0.119140625 0.03125
1 0.30078125 0.2119140625 0.1015625 0.0576171875
1 0.5390625 0.8994140625 0.07421875 0.0263671875
1 0.2509765625 0.1611328125 0.107421875 0.033203125
1 0.048828125 0.28125 0.0986328125 0.033203125
1 0.984375 0.95703125 0.03125 0.0341796875
1 0.6787109375 0.626953125 0.1201171875 0.046875
1 0.865234375 0.59765625 0.1279296875 0.0458984375
1 0.19921875 0.3798828125 0.1396484375 0.0283203125
1 0.08203125 0.7158203125 0.1318359375 0.0380859375
1 0.0322265625 0.1494140625 0.0615234375 0.0341796875
1 0.3046875 0.9853515625 0.1279296875 0.0283203125
1 0.033203125 0.359375 0.0654296875 0.03515625
1 0.623046875 0.6943359375 0.11328125 0.0302734375
1 0.171875 0.8271484375 0.1669921875 0.037109375
1 0.404296875 0.8017578125 0.10546875 0.029296875
1 0.8447265625 0.7568359375 0.1376953125 0.0361328125
1 0.0791015625 0.9755859375 0.1572265625 0.0478515625
1 0.2919921875 0.6806640625 0.1298828125 0.029296875
1 0.2392578125 0.2080078125 0.0986328125 0.041015625
1 0.9560546875 0.71025390625 0.06494140625 0.03525390625000002
1 0.0458984375 0.8056640625 0.0927734375 0.0439453125
1 0.3046875 0.7548828125 0.126953125 0.03515625
1 0.3779296875 0.3046875 0.2060546875 0.0751953125
1 0.3505859375 0.6552734375 0.2001953125 0.05859375
1 0.591796875 0.630859375 0.10546875 0.033203125
1 0.0625 0.1982421875 0.125 0.029296875
1 0.9404296875 0.595703125 0.1142578125 0.0390625
1 0.0537109375 0.408203125 0.09765625 0.02734375
1 0.1513671875 0.7763671875 0.125 0.029296875
1 0.0625 0.9423828125 0.1259765625 0.0390625
1 0.3359375 0.919921875 0.109375 0.0419921875
1 0.654296875 0.66015625 0.1025390625 0.033203125
1 0.7333984375 0.6279296875 0.0888671875 0.0224609375
1 0.0546875 0.5576171875 0.107421875 0.0615234375
1 0.1630859375 0.41015625 0.1708984375 0.044921875
1 0.2578125 0.443359375 0.1435546875 0.068359375
1 0.474609375 0.408203125 0.1435546875 0.041015625
1 0.2958984375 0.05859375 0.115234375 0.0576171875
1 0.2333984375 0.5859375 0.158203125 0.0361328125
1 0.1630859375 0.5634765625 0.1376953125 0.0380859375
1 0.25390625 0.3408203125 0.14453125 0.02734375
1 0.8984375 0.671875 0.1181640625 0.041015625
1 0.1435546875 0.7568359375 0.1826171875 0.0625
1 0.1884765625 0.724609375 0.09765625 0.03515625
1 0.1787109375 0.041015625 0.1513671875 0.046875
1 0.04296875 0.0244140625 0.0869140625 0.0498046875
