1 0.9404296875 0.7841796875 0.1123046875 0.125
1 0.126953125 0.232421875 0.12890625 0.111328125
1 0.578125 0.087890625 0.09765625 0.166015625
1 0.6474609375 0.240234375 0.1025390625 0.1669921875
1 0.162109375 0.1162109375 0.1025390625 0.1201171875
1 0.8525390625 0.4921875 0.0927734375 0.1103515625
1 0.390625 0.3037109375 0.095703125 0.1005859375
1 0.7177734375 0.5966796875 0.1220703125 0.1220703125
1 0.9716796875 0.21875 0.0556640625 0.1103515625
1 0.546875 0.498046875 0.10546875 0.1015625
1 0.6015625 0.4453125 0.0908203125 0.0927734375
1 0.369140625 0.1591796875 0.15625 0.11328125
1 0.9365234375 0.908203125 0.080078125 0.0654296875
1 0.2998046875 0.08984375 0.125 0.1806640625
1 0.470703125 0.5888671875 0.080078125 0.0771484375
1 0.7822265625 0.7880859375 0.0810546875 0.0849609375
1 0.9296875 0.0439453125 0.08984375 0.0849609375
1 0.8603515625 0.0244140625 0.0673828125 0.0498046875
1 0.08203125 0.447265625 0.0849609375 0.0791015625
1 0.1376953125 0.6044921875 0.0869140625 0.0732421875
