1 0.5 0.2880859375 0.1572265625 0.0673828125
1 0.453125 0.5126953125 0.087890625 0.0830078125
1 0.56640625 0.16015625 0.0751953125 0.0673828125
1 0.220703125 0.05078125 0.1474609375 0.068359375
1 0.0771484375 0.94921875 0.0947265625 0.0576171875
1 0.1416015625 0.6611328125 0.1044921875 0.046875
1 0.646484375 0.09765625 0.1201171875 0.0927734375
1 0.529296875 0.0791015625 0.0869140625 0.0654296875
1 0.630859375 0.9248046875 0.0712890625 0.091796875
1 0.5517578125 0.4775390625 0.1298828125 0.0771484375
1 0.5302734375 0.837890625 0.078125 0.0625
1 0.7021484375 0.390625 0.0703125 0.08203125
1 0.7412109375 0.5654296875 0.0439453125 0.0634765625
1 0.5126953125 0.6181640625 0.0869140625 0.078125
1 0.201171875 0.92578125 0.0712890625 0.048828125
1 0.783203125 0.4033203125 0.08203125 0.09765625
1 0.412109375 0.8916015625 0.0869140625 0.1123046875
1 0.5830078125 0.37890625 0.06640625 0.064453125
1 0.0751953125 0.515625 0.0830078125 0.0625
1 0.0517578125 0.0478515625 0.099609375 0.0673828125
1 0.515625 0.912109375 0.0625 0.05078125
1 0.126953125 0.755859375 0.1318359375 0.0859375
1 0.7119140625 0.1611328125 0.0546875 0.052734375
1 0.591796875 0.3193359375 0.0712890625 0.060546875
1 0.6123046875 0.552734375 0.0478515625 0.060546875
1 0.85546875 0.2392578125 0.0576171875 0.046875
1 0.7353515625 0.466796875 0.0478515625 0.0595703125
1 0.708984375 0.0517578125 0.064453125 0.029296875
1 0.6318359375 0.2900390625 0.052734375 0.0478515625
1 0.0986328125 0.0869140625 0.107421875 0.0703125
1 0.677734375 0.5576171875 0.0791015625 0.052734375
1 0.478515625 0.591796875 0.09765625 0.080078125
1 0.1328125 0.6806640625 0.09765625 0.044921875
1 0.0283203125 0.564453125 0.052734375 0.0703125
1 0.05078125 0.798828125 0.09765625 0.0595703125
1 0.44921875 0.8388671875 0.0703125 0.1044921875
