1 0.1416015625 0.1416015625 0.1044921875 0.1396484375
1 0.1953125 0.7900390625 0.0673828125 0.0771484375
1 0.69140625 0.6904296875 0.0751953125 0.0771484375
1 0.681640625 0.314453125 0.1103515625 0.134765625
1 0.3935546875 0.052734375 0.087890625 0.0869140625
1 0.1875 0.498046875 0.1025390625 0.087890625
1 0.8369140625 0.2646484375 0.115234375 0.134765625
1 0.408203125 0.384765625 0.091796875 0.115234375
1 0.3525390625 0.291015625 0.0693359375 0.0849609375
1 0.171875 0.3994140625 0.115234375 0.10546875
1 0.890625 0.5966796875 0.0673828125 0.1103515625
1 0.1083984375 0.744140625 0.1083984375 0.12109375
1 0.287109375 0.6162109375 0.125 0.1201171875
1 0.1318359375 0.880859375 0.08984375 0.107421875
1 0.9658203125 0.59765625 0.06640625 0.0791015625
1 0.0703125 0.3134765625 0.0869140625 0.087890625
1 0.751953125 0.9638671875 0.064453125 0.052734375
1 0.28125 0.0322265625 0.107421875 0.0654296875
1 0.828125 0.6533203125 0.1025390625 0.107421875
1 0.05078125 0.5009765625 0.09765625 0.09765625
1 0.6279296875 0.4609375 0.107421875 0.09765625
1 0.0234375 0.8056640625 0.04296875 0.1328125
