1 0.0361328125 0.3662109375 0.072265625 0.0908203125
1 0.1357421875 0.3330078125 0.0703125 0.0673828125
1 0.2158203125 0.3603515625 0.0634765625 0.0859375
1 0.294921875 0.408203125 0.087890625 0.078125
1 0.353515625 0.40625 0.0654296875 0.0830078125
1 0.416015625 0.29296875 0.0517578125 0.0908203125
1 0.45703125 0.3125 0.0556640625 0.0732421875
1 0.5185546875 0.2724609375 0.0693359375 0.0732421875
1 0.5634765625 0.3583984375 0.064453125 0.0693359375
1 0.4677734375 0.181640625 0.1005859375 0.0791015625
1 0.591796875 0.0927734375 0.076171875 0.08984375
1 0.8037109375 0.04296875 0.0908203125 0.0673828125
1 0.8349609375 0.1142578125 0.0966796875 0.0712890625
1 0.9140625 0.02734375 0.0634765625 0.0546875
1 0.158203125 0.0400390625 0.064453125 0.0654296875
1 0.2529296875 0.078125 0.056640625 0.04296875
1 0.2880859375 0.0244140625 0.05859375 0.0498046875
1 0.537109375 0.0302734375 0.1044921875 0.0615234375
1 0.4677734375 0.0263671875 0.0546875 0.0537109375
1 0.9228515625 0.380859375 0.1181640625 0.0830078125
1 0.865234375 0.501953125 0.10546875 0.0654296875
1 0.93359375 0.48828125 0.0810546875 0.0498046875
1 0.7314453125 0.4423828125 0.0771484375 0.0546875
1 0.64453125 0.44140625 0.083984375 0.05078125
1 0.669921875 0.4873046875 0.0595703125 0.0576171875
1 0.6728515625 0.5849609375 0.076171875 0.0537109375
1 0.6064453125 0.6064453125 0.05078125 0.05078125
1 0.6640625 0.6357421875 0.072265625 0.0625
1 0.7587890625 0.6259765625 0.078125 0.0654296875
1 0.9541015625 0.669921875 0.068359375 0.0498046875
1 0.9521484375 0.5732421875 0.0888671875 0.0537109375
1 0.95703125 0.71875 0.0859375 0.04296875
1 0.7119140625 0.7646484375 0.083984375 0.0625
1 0.5478515625 0.7822265625 0.0634765625 0.0615234375
1 0.470703125 0.611328125 0.0849609375 0.0712890625
1 0.380859375 0.5302734375 0.0625 0.0703125
1 0.322265625 0.6083984375 0.0625 0.0595703125
1 0.2529296875 0.6376953125 0.068359375 0.0517578125
1 0.189453125 0.5908203125 0.0498046875 0.04296875
1 0.11328125 0.5126953125 0.0732421875 0.048828125
1 0.224609375 0.4541015625 0.05078125 0.0400390625
1 0.9658203125 0.828125 0.068359375 0.0908203125
1 0.8076171875 0.9677734375 0.0751953125 0.05078125
1 0.52734375 0.9482421875 0.0703125 0.072265625
1 0.5556640625 0.8671875 0.0546875 0.0673828125
1 0.62109375 0.86328125 0.0849609375 0.080078125
1 0.615234375 0.9677734375 0.0595703125 0.0537109375
1 0.421875 0.916015625 0.0576171875 0.0693359375
1 0.34375 0.9208984375 0.1044921875 0.0771484375
1 0.37890625 0.8046875 0.0634765625 0.0634765625
1 0.328125 0.7060546875 0.0595703125 0.0546875
1 0.2470703125 0.7041015625 0.0595703125 0.0478515625
1 0.1630859375 0.7724609375 0.05859375 0.0625
1 0.2412109375 0.8525390625 0.0498046875 0.0546875
1 0.2119140625 0.9365234375 0.05859375 0.0625
1 0.068359375 0.87890625 0.05859375 0.0673828125
1 0.1181640625 0.865234375 0.0634765625 0.06640625
1 0.021484375 0.619140625 0.0439453125 0.0673828125
1 0.8623046875 0.9208984375 0.0615234375 0.0302734375
1 0.1669921875 0.0810546875 0.0390625 0.048828125
1 0.2021484375 0.02734375 0.041015625 0.0400390625
1 0.0302734375 0.7802734375 0.046875 0.0380859375
1 0.5751953125 0.4677734375 0.0859375 0.0478515625
1 0.537109375 0.5400390625 0.083984375 0.04296875
