1 0.583984375 0.03125 0.0810546875 0.0634765625
1 0.26171875 0.0400390625 0.08984375 0.080078125
1 0.0927734375 0.0986328125 0.08984375 0.15234375
1 0.3564453125 0.1806640625 0.109375 0.1552734375
1 0.267578125 0.16015625 0.0595703125 0.1015625
1 0.4580078125 0.2041015625 0.12109375 0.14453125
1 0.0654296875 0.3056640625 0.10546875 0.103515625
1 0.021484375 0.3466796875 0.0439453125 0.1015625
1 0.0322265625 0.505859375 0.0654296875 0.0830078125
1 0.083984375 0.6611328125 0.130859375 0.0615234375
1 0.2099609375 0.5869140625 0.09375 0.0791015625
1 0.1923828125 0.85546875 0.0791015625 0.123046875
1 0.08984375 0.94921875 0.0888671875 0.1005859375
1 0.0126953125 0.9482421875 0.025390625 0.1025390625
1 0.4365234375 0.8916015625 0.1376953125 0.1494140625
1 0.4990234375 0.9443359375 0.0927734375 0.10546875
1 0.423828125 0.6845703125 0.1123046875 0.1064453125
1 0.6826171875 0.6650390625 0.0830078125 0.130859375
1 0.7431640625 0.6328125 0.0927734375 0.0791015625
1 0.896484375 0.716796875 0.0703125 0.123046875
1 0.794921875 0.853515625 0.1044921875 0.138671875
1 0.9404296875 0.8779296875 0.0830078125 0.142578125
1 0.6357421875 0.431640625 0.1376953125 0.0966796875
1 0.7724609375 0.376953125 0.0654296875 0.1328125
1 0.865234375 0.3837890625 0.0869140625 0.1767578125
1 0.9560546875 0.5908203125 0.0869140625 0.140625
1 0.18359375 0.0126953125 0.0732421875 0.025390625
