1 0.1884765625 0.04296875 0.0771484375 0.0849609375
1 0.35908203125 0.647265625 0.12138671875000001 0.05869140625000002
1 0.6513671875 0.0634765625 0.0654296875 0.0791015625
1 0.1259765625 0.29296875 0.109375 0.1103515625
1 0.8798828125 0.0283203125 0.1171875 0.056640625
1 0.771484375 0.84765625 0.0869140625 0.0498046875
1 0.353515625 0.095703125 0.1240234375 0.0859375
1 0.4482421875 0.8232421875 0.1376953125 0.095703125
1 0.701171875 0.041015625 0.06640625 0.0576171875
1 0.2275390625 0.349609375 0.1162109375 0.0703125
1 0.3623046875 0.732421875 0.1181640625 0.041015625
1 0.9140625 0.458984375 0.0283203125 0.0849609375
1 0.1767578125 0.810546875 0.111328125 0.0439453125
1 0.150390625 0.771484375 0.080078125 0.0439453125
1 0.5712890625 0.0546875 0.08984375 0.068359375
1 0.537109375 0.6474609375 0.0625 0.05078125
1 0.5283203125 0.9814453125 0.078125 0.033203125
1 0.1884765625 0.556640625 0.0849609375 0.04296875
1 0.6328125 0.80078125 0.07421875 0.0390625
1 0.3232421875 0.408203125 0.1044921875 0.0537109375
1 0.1904296875 0.73828125 0.1064453125 0.046875
1 0.84765625 0.0400390625 0.052734375 0.068359375
1 0.755859375 0.4541015625 0.099609375 0.056640625
1 0.7529296875 0.1796875 0.072265625 0.0458984375
1 0.765625 0.4228515625 0.0673828125 0.0615234375
1 0.1044921875 0.8642578125 0.126953125 0.08203125
1 0.5576171875 0.779296875 0.0673828125 0.0556640625
1 0.9296875 0.1064453125 0.0693359375 0.037109375
1 0.8466796875 0.765625 0.107421875 0.0595703125
1 0.828125 0.671875 0.0615234375 0.046875
1 0.0380859375 0.3916015625 0.0771484375 0.0673828125
1 0.857421875 0.564453125 0.0830078125 0.0615234375
1 0.40234375 0.865234375 0.0634765625 0.041015625
1 0.6123046875 0.419921875 0.0673828125 0.029296875
1 0.525390625 0.9453125 0.0732421875 0.060546875
1 0.2109375 0.3857421875 0.1064453125 0.0595703125
1 0.6279296875 0.9716796875 0.1494140625 0.056640625
1 0.412109375 0.4052734375 0.09765625 0.060546875
1 0.1630859375 0.1064453125 0.0556640625 0.072265625
1 0.6845703125 0.744140625 0.1015625 0.056640625
1 0.4384765625 0.197265625 0.0595703125 0.041015625
1 0.041015625 0.7314453125 0.08203125 0.0302734375
1 0.9091796875 0.38671875 0.1083984375 0.0576171875
1 0.7080078125 0.6953125 0.060546875 0.083984375
1 0.71875 0.6181640625 0.0478515625 0.0947265625
1 0.7099609375 0.84765625 0.0478515625 0.05859375
1 0.748046875 0.240234375 0.078125 0.0341796875
1 0.9365234375 0.01953125 0.05859375 0.037109375
1 0.41015625 0.765625 0.11328125 0.03125
1 0.19921875 0.7021484375 0.078125 0.0263671875
1 0.18359375 0.4501953125 0.0927734375 0.0302734375
1 0.205078125 0.7607421875 0.1162109375 0.052734375
1 0.9873046875 0.060546875 0.025390625 0.046875
1 0.791015625 0.5615234375 0.046875 0.052734375
1 0.1982421875 0.6845703125 0.08984375 0.0361328125
1 0.70703125 0.712890625 0.048828125 0.0576171875
1 0.4404296875 0.4365234375 0.109375 0.0888671875
1 0.0625 0.3955078125 0.0546875 0.0576171875
1 0.9912109375 0.1005859375 0.0166015625 0.0732421875
1 0.0458984375 0.509765625 0.0927734375 0.05859375
1 0.2568359375 0.466796875 0.2041015625 0.0615234375
1 0.365234375 0.498046875 0.0751953125 0.0517578125
1 0.6259765625 0.7705078125 0.0732421875 0.0341796875
1 0.4658203125 0.1064453125 0.0771484375 0.044921875
1 0.275390625 0.80078125 0.0458984375 0.021484375
