1 0.34765625 0.5537109375 0.0751953125 0.060546875
1 0.0703125 0.4521484375 0.0712890625 0.07421875
1 0.2783203125 0.0576171875 0.0927734375 0.076171875
1 0.3349609375 0.2822265625 0.0751953125 0.0732421875
1 0.9619140625 0.033203125 0.06640625 0.0673828125
1 0.095703125 0.24609375 0.083984375 0.0673828125
1 0.3779296875 0.052734375 0.0986328125 0.09375
1 0.03515625 0.0263671875 0.0712890625 0.05078125
1 0.771484375 0.4619140625 0.0517578125 0.0634765625
1 0.0517578125 0.125 0.064453125 0.0947265625
1 0.826171875 0.76171875 0.0986328125 0.064453125
1 0.021484375 0.1005859375 0.04296875 0.0615234375
1 0.5654296875 0.3984375 0.115234375 0.060546875
1 0.28125 0.45703125 0.0625 0.072265625
1 0.88671875 0.033203125 0.0712890625 0.06640625
1 0.0166015625 0.2783203125 0.033203125 0.0654296875
1 0.6015625 0.2587890625 0.060546875 0.0537109375
1 0.685546875 0.1328125 0.0546875 0.078125
1 0.158203125 0.7177734375 0.0595703125 0.0458984375
1 0.6416015625 0.525390625 0.0771484375 0.0576171875
1 0.1494140625 0.2294921875 0.072265625 0.0556640625
1 0.21875 0.5908203125 0.1142578125 0.052734375
1 0.6279296875 0.966796875 0.052734375 0.06640625
1 0.181640625 0.365234375 0.0791015625 0.0576171875
1 0.3876953125 0.103515625 0.0673828125 0.048828125
1 0.2822265625 0.7197265625 0.0791015625 0.0595703125
1 0.7490234375 0.0927734375 0.0654296875 0.07421875
1 0.4189453125 0.97265625 0.0615234375 0.05078125
1 0.751953125 0.5810546875 0.1044921875 0.056640625
1 0.2080078125 0.44140625 0.0546875 0.0322265625
1 0.689453125 0.64453125 0.0830078125 0.0400390625
1 0.56640625 0.162109375 0.09375 0.060546875
1 0.455078125 0.2958984375 0.0673828125 0.046875
1 0.3662109375 0.8837890625 0.0712890625 0.0595703125
1 0.9501953125 0.9619140625 0.0771484375 0.0576171875
1 0.4755859375 0.9697265625 0.0810546875 0.037109375
1 0.1005859375 0.017578125 0.08984375 0.03125
1 0.2958984375 0.373046875 0.0498046875 0.05078125
1 0.3798828125 0.6552734375 0.0712890625 0.0595703125
1 0.15625 0.62890625 0.0986328125 0.044921875
1 0.4033203125 0.537109375 0.0322265625 0.07421875
1 0.59765625 0.7822265625 0.046875 0.048828125
1 0.1875 0.5546875 0.0751953125 0.044921875
1 0.0263671875 0.5908203125 0.0537109375 0.0458984375
1 0.4794921875 0.7353515625 0.0654296875 0.046875
1 0.84375 0.8798828125 0.05859375 0.0390625
1 0.244140625 0.4912109375 0.0673828125 0.060546875
1 0.376953125 0.01953125 0.09375 0.037109375
1 0.0283203125 0.947265625 0.0576171875 0.0478515625
1 0.3017578125 0.841796875 0.0869140625 0.0537109375
1 0.5087890625 0.623046875 0.0751953125 0.0517578125
1 0.92578125 0.34765625 0.1015625 0.05859375
1 0.166015625 0.0869140625 0.1103515625 0.0556640625
1 0.0634765625 0.7802734375 0.0791015625 0.048828125
1 0.9345703125 0.2119140625 0.0537109375 0.10546875
1 0.9794921875 0.0830078125 0.0302734375 0.060546875
1 0.91796875 0.9833984375 0.03515625 0.0322265625
1 0.1728515625 0.689453125 0.0673828125 0.0625
1 0.9541015625 0.4287109375 0.056640625 0.0361328125
1 0.48828125 0.5341796875 0.0703125 0.0439453125
1 0.818359375 0.6064453125 0.0537109375 0.0498046875
1 0.505859375 0.9248046875 0.06640625 0.05078125
1 0.25 0.927734375 0.0634765625 0.0478515625
1 0.7001953125 0.619140625 0.078125 0.0390625
1 0.2177734375 0.6923828125 0.0537109375 0.068359375
1 0.591796875 0.7890625 0.04296875 0.0439453125
1 0.857421875 0.091796875 0.05078125 0.060546875
1 0.51953125 0.4521484375 0.068359375 0.0517578125
1 0.4541015625 0.5126953125 0.0771484375 0.056640625
1 0.7978515625 0.6484375 0.060546875 0.0517578125
1 0.671875 0.671875 0.0654296875 0.052734375
1 0.658203125 0.73828125 0.046875 0.0703125
1 0.7138671875 0.3720703125 0.052734375 0.0634765625
1 0.56640625 0.9580078125 0.068359375 0.06640625
1 0.0888671875 0.6142578125 0.0634765625 0.0634765625
1 0.3271484375 0.921875 0.056640625 0.048828125
