1 0.0234375 0.1259765625 0.0478515625 0.0986328125
1 0.095703125 0.0107421875 0.0712890625 0.021484375
1 0.203125 0.091796875 0.060546875 0.07421875
1 0.2880859375 0.115234375 0.05859375 0.0654296875
1 0.1826171875 0.2060546875 0.0625 0.0771484375
1 0.3037109375 0.2412109375 0.05859375 0.078125
1 0.1328125 0.337890625 0.099609375 0.06640625
1 0.24609375 0.5888671875 0.0615234375 0.0712890625
1 0.263671875 0.439453125 0.125 0.11328125
1 0.251953125 0.521484375 0.0478515625 0.0478515625
1 0.07421875 0.9091796875 0.09375 0.1123046875
1 0.197265625 0.9755859375 0.0908203125 0.0478515625
1 0.49609375 0.712890625 0.0751953125 0.0693359375
1 0.412109375 0.5400390625 0.0654296875 0.072265625
1 0.50390625 0.5908203125 0.0966796875 0.0751953125
1 0.74609375 0.568359375 0.0869140625 0.08203125
1 0.779296875 0.724609375 0.0830078125 0.05859375
1 0.7587890625 0.732421875 0.0517578125 0.0830078125
1 0.7197265625 0.880859375 0.087890625 0.08984375
1 0.716796875 0.9755859375 0.07421875 0.0478515625
1 0.97265625 0.810546875 0.0537109375 0.091796875
1 0.873046875 0.490234375 0.0791015625 0.095703125
1 0.5400390625 0.26953125 0.1044921875 0.0556640625
1 0.373046875 0.37890625 0.07421875 0.0771484375
1 0.4755859375 0.1337890625 0.0859375 0.0751953125
1 0.517578125 0.0712890625 0.0458984375 0.048828125
1 0.41796875 0.009765625 0.0595703125 0.0205078125
1 0.7958984375 0.08203125 0.12890625 0.140625
1 0.9736328125 0.0185546875 0.0517578125 0.0380859375
1 0.9853515625 0.9521484375 0.0283203125 0.0947265625
1 0.728515625 0.2529296875 0.12890625 0.1474609375
1 0.0361328125 0.6240234375 0.068359375 0.0859375
