1 0.1591796875 0.0400390625 0.0771484375 0.06640625
1 0.0732421875 0.0791015625 0.0537109375 0.0634765625
1 0.103515625 0.1416015625 0.0556640625 0.056640625
1 0.154296875 0.1806640625 0.0712890625 0.0810546875
1 0.2177734375 0.2314453125 0.0712890625 0.083984375
1 0.3408203125 0.2607421875 0.0751953125 0.0615234375
1 0.2939453125 0.3134765625 0.0595703125 0.087890625
1 0.0830078125 0.4580078125 0.0791015625 0.0908203125
1 0.5458984375 0.015625 0.083984375 0.03125
1 0.484375 0.0458984375 0.0869140625 0.091796875
1 0.3349609375 0.0234375 0.06640625 0.0439453125
1 0.33984375 0.1337890625 0.0634765625 0.0673828125
1 0.4296875 0.1845703125 0.0791015625 0.068359375
1 0.564453125 0.1337890625 0.080078125 0.0791015625
1 0.7041015625 0.0849609375 0.06640625 0.0703125
1 0.9248046875 0.0224609375 0.056640625 0.0458984375
1 0.935546875 0.08203125 0.0556640625 0.048828125
1 0.0234375 0.5380859375 0.0478515625 0.060546875
1 0.0673828125 0.8408203125 0.099609375 0.0625
1 0.0302734375 0.6259765625 0.060546875 0.0517578125
1 0.328125 0.4970703125 0.111328125 0.1005859375
1 0.4404296875 0.4521484375 0.0712890625 0.07421875
1 0.455078125 0.3369140625 0.09375 0.0634765625
1 0.451171875 0.25390625 0.0712890625 0.0595703125
1 0.732421875 0.3125 0.09375 0.072265625
1 0.8828125 0.154296875 0.0732421875 0.0556640625
1 0.900390625 0.4140625 0.0439453125 0.0546875
1 0.6396484375 0.6669921875 0.08203125 0.080078125
1 0.416015625 0.61328125 0.087890625 0.0732421875
1 0.3505859375 0.5849609375 0.080078125 0.0771484375
1 0.2646484375 0.6396484375 0.08984375 0.0703125
1 0.4580078125 0.5224609375 0.0546875 0.068359375
1 0.1728515625 0.9716796875 0.0693359375 0.0556640625
1 0.6357421875 0.9228515625 0.0703125 0.107421875
1 0.5166015625 0.8759765625 0.0546875 0.0537109375
1 0.53515625 0.8046875 0.0810546875 0.060546875
1 0.4873046875 0.947265625 0.0615234375 0.0517578125
1 0.3046875 0.8076171875 0.08984375 0.068359375
1 0.8837890625 0.736328125 0.0927734375 0.0634765625
1 0.857421875 0.794921875 0.07421875 0.0859375
1 0.484375 0.6669921875 0.044921875 0.0595703125
1 0.728515625 0.7783203125 0.05078125 0.0625
1 0.453125 0.873046875 0.0615234375 0.0458984375
