1 0.052734375 0.5458984375 0.1064453125 0.0625
1 0.072265625 0.634765625 0.095703125 0.080078125
1 0.18359375 0.6513671875 0.0703125 0.0625
1 0.12109375 0.8876953125 0.078125 0.0888671875
1 0.193359375 0.916015625 0.0654296875 0.1005859375
1 0.3623046875 0.9619140625 0.09765625 0.076171875
1 0.30078125 0.64453125 0.0712890625 0.0654296875
1 0.388671875 0.671875 0.06640625 0.056640625
1 0.392578125 0.4970703125 0.0615234375 0.0947265625
1 0.33984375 0.4267578125 0.068359375 0.1171875
1 0.1630859375 0.3515625 0.0927734375 0.1015625
1 0.3291015625 0.3076171875 0.060546875 0.107421875
1 0.38671875 0.291015625 0.11328125 0.0771484375
1 0.4326171875 0.236328125 0.0703125 0.0673828125
1 0.4716796875 0.2705078125 0.0654296875 0.0634765625
1 0.6064453125 0.5263671875 0.0673828125 0.1103515625
1 0.53515625 0.6494140625 0.080078125 0.0986328125
1 0.57421875 0.7021484375 0.111328125 0.0673828125
1 0.548828125 0.849609375 0.076171875 0.072265625
1 0.6748046875 0.37890625 0.0703125 0.0693359375
1 0.70703125 0.203125 0.1201171875 0.0771484375
1 0.6552734375 0.0986328125 0.09375 0.134765625
1 0.90234375 0.1181640625 0.0751953125 0.07421875
1 0.814453125 0.9169921875 0.078125 0.1103515625
1 0.06640625 0.8330078125 0.10546875 0.095703125
