1 0.7685546875 0.4521484375 0.0751953125 0.0703125
1 0.1044921875 0.599609375 0.130859375 0.0634765625
1 0.609375 0.19140625 0.119140625 0.087890625
1 0.35546875 0.5078125 0.103515625 0.0625
1 0.9873046875 0.3798828125 0.0244140625 0.0888671875
1 0.80078125 0.591796875 0.125 0.0517578125
1 0.9267578125 0.8388671875 0.099609375 0.091796875
1 0.478515625 0.62890625 0.1318359375 0.07421875
1 0.2490234375 0.11328125 0.142578125 0.0888671875
1 0.068359375 0.078125 0.134765625 0.107421875
1 0.302734375 0.6162109375 0.099609375 0.0537109375
1 0.7919921875 0.294921875 0.0869140625 0.1416015625
1 0.990234375 0.8271484375 0.01953125 0.0615234375
1 0.8525390625 0.521484375 0.125 0.0439453125
1 0.396484375 0.82421875 0.1513671875 0.0771484375
1 0.83984375 0.939453125 0.083984375 0.078125
1 0.9091796875 0.673828125 0.083984375 0.05078125
1 0.5341796875 0.609375 0.0869140625 0.046875
1 0.7548828125 0.8251953125 0.115234375 0.0498046875
1 0.818359375 0.7080078125 0.072265625 0.076171875
1 0.431640625 0.77734375 0.0927734375 0.0654296875
1 0.3955078125 0.1865234375 0.1181640625 0.0595703125
1 0.71875 0.734375 0.107421875 0.056640625
1 0.16015625 0.8740234375 0.166015625 0.0771484375
1 0.978515625 0.0283203125 0.0419921875 0.0556640625
1 0.0498046875 0.44921875 0.099609375 0.0791015625
1 0.7275390625 0.39453125 0.0888671875 0.029296875
1 0.91015625 0.3603515625 0.0791015625 0.0546875
1 0.7822265625 0.6376953125 0.0810546875 0.0458984375
1 0.4765625 0.3046875 0.1064453125 0.0859375
1 0.61328125 0.591796875 0.1201171875 0.1005859375
1 0.5068359375 0.22265625 0.107421875 0.0517578125
1 0.9873046875 0.51171875 0.0244140625 0.064453125
1 0.6279296875 0.51171875 0.1953125 0.07421875
1 0.349609375 0.5859375 0.1083984375 0.044921875
1 0.8955078125 0.7421875 0.080078125 0.048828125
1 0.5322265625 0.4609375 0.0712890625 0.03515625
1 0.548828125 0.580078125 0.095703125 0.0654296875
1 0.8681640625 0.40234375 0.115234375 0.1005859375
1 0.9404296875 0.9794921875 0.1044921875 0.0400390625
1 0.0498046875 0.751953125 0.1005859375 0.080078125
1 0.029296875 0.7841796875 0.0576171875 0.0556640625
1 0.0263671875 0.1953125 0.052734375 0.0478515625
1 0.7119140625 0.2197265625 0.0869140625 0.0966796875
1 0.9140625 0.4033203125 0.064453125 0.1064453125
1 0.515625 0.0546875 0.0634765625 0.0732421875
1 0.7197265625 0.0126953125 0.03515625 0.0263671875
1 0.0263671875 0.5068359375 0.0537109375 0.03125
1 0.9892578125 0.0947265625 0.021484375 0.0537109375
1 0.2900390625 0.5478515625 0.119140625 0.033203125
1 0.630859375 0.01171875 0.052734375 0.0224609375
1 0.4697265625 0.8857421875 0.1630859375 0.068359375
1 0.5732421875 0.9189453125 0.0986328125 0.048828125
1 0.4140625 0.015625 0.044921875 0.029296875
1 0.130859375 0.9619140625 0.134765625 0.06640625
1 0.8984375 0.7587890625 0.0751953125 0.0625
1 0.0146484375 0.52734375 0.029296875 0.0439453125
1 0.67578125 0.1064453125 0.0966796875 0.0400390625
1 0.3369140625 0.7529296875 0.1318359375 0.0439453125
1 0.27734375 0.755859375 0.1337890625 0.087890625
1 0.4765625 0.3955078125 0.1533203125 0.10546875
1 0.5361328125 0.4072265625 0.08203125 0.05859375
1 0.0634765625 0.1015625 0.1279296875 0.076171875
