1 0.376953125 0.7255859375 0.115234375 0.0771484375
1 0.3662109375 0.9736328125 0.0849609375 0.052734375
1 0.3505859375 0.6005859375 0.1025390625 0.072265625
1 0.8701171875 0.4228515625 0.1025390625 0.1025390625
1 0.7587890625 0.5146484375 0.0751953125 0.095703125
1 0.8642578125 0.578125 0.0751953125 0.0673828125
1 0.4345703125 0.6494140625 0.07421875 0.060546875
1 0.376953125 0.490234375 0.07421875 0.0869140625
1 0.533203125 0.9423828125 0.08203125 0.080078125
1 0.421875 0.8828125 0.08984375 0.1181640625
1 0.6083984375 0.3701171875 0.126953125 0.1376953125
1 0.501953125 0.498046875 0.08984375 0.09765625
1 0.5771484375 0.80859375 0.08984375 0.0849609375
1 0.728515625 0.125 0.087890625 0.0927734375
1 0.740234375 0.279296875 0.0732421875 0.0947265625
1 0.7314453125 0.7802734375 0.0947265625 0.0732421875
1 0.671875 0.912109375 0.0703125 0.0703125
1 0.5087890625 0.3515625 0.0771484375 0.0673828125
1 0.748046875 0.6728515625 0.087890625 0.0869140625
1 0.783203125 0.7255859375 0.09765625 0.087890625
1 0.90234375 0.0458984375 0.0703125 0.0771484375
1 0.732421875 0.353515625 0.0576171875 0.072265625
1 0.59375 0.0498046875 0.0693359375 0.09765625
