1 0.451171875 0.037109375 0.0693359375 0.07421875
1 0.47265625 0.5673828125 0.0771484375 0.111328125
1 0.06640625 0.396484375 0.083984375 0.0673828125
1 0.123046875 0.9501953125 0.0908203125 0.0654296875
1 0.224609375 0.865234375 0.1123046875 0.09765625
1 0.970703125 0.525390625 0.0576171875 0.083984375
1 0.841796875 0.517578125 0.0546875 0.1005859375
1 0.380859375 0.50390625 0.0693359375 0.080078125
1 0.6474609375 0.9423828125 0.0537109375 0.09765625
1 0.6484375 0.8349609375 0.0908203125 0.0615234375
1 0.7666015625 0.0947265625 0.0625 0.091796875
1 0.5400390625 0.345703125 0.0810546875 0.08984375
1 0.0556640625 0.6123046875 0.087890625 0.0986328125
1 0.2177734375 0.3271484375 0.0908203125 0.0693359375
1 0.8427734375 0.57421875 0.052734375 0.0712890625
1 0.150390625 0.5888671875 0.05859375 0.05859375
1 0.9287109375 0.1171875 0.0478515625 0.087890625
1 0.1279296875 0.3369140625 0.083984375 0.08203125
1 0.3720703125 0.03125 0.0537109375 0.0634765625
1 0.2333984375 0.5126953125 0.0732421875 0.0615234375
1 0.4345703125 0.767578125 0.044921875 0.1064453125
1 0.8134765625 0.125 0.052734375 0.0712890625
1 0.4892578125 0.2109375 0.0595703125 0.0615234375
1 0.4443359375 0.306640625 0.1005859375 0.0625
1 0.7763671875 0.79296875 0.0615234375 0.05078125
1 0.7314453125 0.5771484375 0.0556640625 0.0966796875
1 0.5341796875 0.2861328125 0.1025390625 0.0576171875
1 0.6728515625 0.42578125 0.056640625 0.068359375
1 0.1611328125 0.2197265625 0.171875 0.1728515625
1 0.3271484375 0.6845703125 0.08203125 0.064453125
1 0.5849609375 0.7353515625 0.0576171875 0.0478515625
1 0.798828125 0.6494140625 0.091796875 0.0654296875
1 0.5673828125 0.099609375 0.0546875 0.1455078125
1 0.7216796875 0.982421875 0.0712890625 0.03515625
1 0.416015625 0.32421875 0.0693359375 0.064453125
1 0.08984375 0.955078125 0.1181640625 0.0888671875
1 0.1640625 0.2578125 0.0654296875 0.095703125
1 0.298828125 0.265625 0.1337890625 0.0537109375
1 0.3583984375 0.220703125 0.0888671875 0.0732421875
1 0.423828125 0.583984375 0.0732421875 0.08984375
1 0.255859375 0.58984375 0.048828125 0.0927734375
1 0.3544921875 0.3505859375 0.033203125 0.076171875
1 0.7509765625 0.806640625 0.068359375 0.033203125
1 0.6328125 0.23828125 0.056640625 0.056640625
1 0.345703125 0.509765625 0.0498046875 0.0625
1 0.78125 0.93359375 0.0576171875 0.0546875
1 0.3447265625 0.193359375 0.0869140625 0.0654296875
1 0.4814453125 0.0166015625 0.0341796875 0.03125
1 0.349609375 0.7626953125 0.056640625 0.033203125
1 0.6650390625 0.69140625 0.05078125 0.04296875
1 0.2353515625 0.2353515625 0.0693359375 0.037109375
1 0.6142578125 0.3681640625 0.044921875 0.0458984375
1 0.2529296875 0.84765625 0.08203125 0.04296875
1 0.677734375 0.625 0.080078125 0.08203125
1 0.154296875 0.388671875 0.0859375 0.03515625
1 0.4853515625 0.8994140625 0.0634765625 0.044921875
1 0.4072265625 0.373046875 0.087890625 0.05078125
1 0.4208984375 0.904296875 0.06640625 0.05078125
1 0.4931640625 0.9375 0.0908203125 0.041015625
1 0.40234375 0.1171875 0.0458984375 0.0380859375
1 0.7236328125 0.6943359375 0.0546875 0.0849609375
1 0.0380859375 0.982421875 0.0732421875 0.03515625
1 0.60546875 0.9462890625 0.05078125 0.0400390625
1 0.599609375 0.9013671875 0.0400390625 0.05078125
1 0.7607421875 0.64453125 0.064453125 0.05859375
1 0.7451171875 0.3662109375 0.08984375 0.0615234375
1 0.72265625 0.2978515625 0.0859375 0.0830078125
1 0.5869140625 0.1650390625 0.0302734375 0.0498046875
