1 0.8388671875 0.0888671875 0.0712890625 0.0615234375
1 0.5810546875 0.052734375 0.0673828125 0.095703125
1 0.703125 0.1025390625 0.0771484375 0.083984375
1 0.505859375 0.078125 0.0712890625 0.0830078125
1 0.4873046875 0.2451171875 0.060546875 0.0595703125
1 0.7490234375 0.2294921875 0.0849609375 0.0732421875
1 0.6015625 0.3720703125 0.068359375 0.0654296875
1 0.9248046875 0.2900390625 0.0712890625 0.0712890625
1 0.71875 0.46875 0.0751953125 0.091796875
1 0.8271484375 0.576171875 0.064453125 0.078125
1 0.791015625 0.517578125 0.0576171875 0.0654296875
1 0.7109375 0.5478515625 0.0966796875 0.064453125
1 0.697265625 0.6123046875 0.0654296875 0.0693359375
1 0.5283203125 0.6943359375 0.1005859375 0.07421875
1 0.6669921875 0.744140625 0.111328125 0.07421875
1 0.58984375 0.7978515625 0.0693359375 0.0986328125
1 0.7353515625 0.8857421875 0.099609375 0.0712890625
1 0.8583984375 0.751953125 0.0673828125 0.05859375
1 0.947265625 0.7890625 0.068359375 0.0712890625
1 0.24609375 0.8486328125 0.0595703125 0.107421875
1 0.453125 0.966796875 0.1064453125 0.0654296875
1 0.5234375 0.9609375 0.0595703125 0.0625
1 0.9560546875 0.3447265625 0.0712890625 0.0693359375
1 0.3173828125 0.126953125 0.0712890625 0.0732421875
1 0.03125 0.2177734375 0.05859375 0.0703125
1 0.1416015625 0.2939453125 0.0888671875 0.064453125
1 0.2744140625 0.3046875 0.07421875 0.060546875
1 0.16015625 0.4765625 0.068359375 0.0615234375
1 0.2666015625 0.48828125 0.080078125 0.0771484375
1 0.4248046875 0.56640625 0.06640625 0.07421875
1 0.1865234375 0.564453125 0.09765625 0.0625
1 0.0419921875 0.5751953125 0.0625 0.076171875
1 0.1181640625 0.5576171875 0.05859375 0.068359375
1 0.162109375 0.640625 0.05078125 0.0458984375
