1 0.9443359375 0.1240234375 0.1103515625 0.1044921875
1 0.7392578125 0.1689453125 0.099609375 0.1396484375
1 0.2119140625 0.185546875 0.08984375 0.1328125
1 0.4111328125 0.087890625 0.09765625 0.1279296875
1 0.7978515625 0.7890625 0.0869140625 0.1142578125
1 0.9794921875 0.3740234375 0.0400390625 0.0751953125
1 0.9580078125 0.2822265625 0.0830078125 0.099609375
1 0.5771484375 0.162109375 0.099609375 0.16015625
1 0.07421875 0.291015625 0.1005859375 0.09765625
1 0.1591796875 0.4912109375 0.125 0.1298828125
1 0.2666015625 0.80078125 0.080078125 0.091796875
1 0.6494140625 0.453125 0.08984375 0.15234375
1 0.2744140625 0.576171875 0.0703125 0.107421875
1 0.404296875 0.267578125 0.0751953125 0.0771484375
1 0.841796875 0.2431640625 0.080078125 0.1025390625
1 0.6875 0.59765625 0.0771484375 0.1123046875
1 0.951171875 0.908203125 0.0966796875 0.1650390625
1 0.8896484375 0.0419921875 0.115234375 0.080078125
1 0.1962890625 0.9228515625 0.064453125 0.0625
1 0.177734375 0.7578125 0.0732421875 0.0869140625
1 0.146484375 0.642578125 0.0634765625 0.072265625
1 0.802734375 0.306640625 0.0830078125 0.08984375
1 0.0478515625 0.1318359375 0.0927734375 0.125
1 0.0830078125 0.048828125 0.087890625 0.0947265625
1 0.525390625 0.3681640625 0.1123046875 0.1875
1 0.0849609375 0.81640625 0.0615234375 0.0595703125
1 0.69921875 0.376953125 0.0595703125 0.125
1 0.6064453125 0.595703125 0.0751953125 0.087890625
1 0.6162109375 0.0380859375 0.0625 0.072265625
1 0.546875 0.037109375 0.060546875 0.0703125
1 0.650390625 0.9326171875 0.0732421875 0.0810546875
1 0.6220703125 0.345703125 0.0517578125 0.083984375
