1 0.025390625 0.048828125 0.05078125 0.06640625
1 0.2939453125 0.0634765625 0.1298828125 0.126953125
1 0.2099609375 0.0390625 0.0849609375 0.068359375
1 0.392578125 0.03515625 0.0791015625 0.0703125
1 0.548828125 0.0693359375 0.076171875 0.06640625
1 0.6337890625 0.1025390625 0.0615234375 0.0654296875
1 0.595703125 0.2021484375 0.0615234375 0.0673828125
1 0.45703125 0.2978515625 0.08984375 0.1171875
1 0.30078125 0.21875 0.0615234375 0.056640625
1 0.1533203125 0.1591796875 0.154296875 0.083984375
1 0.1982421875 0.2568359375 0.0771484375 0.1142578125
1 0.8310546875 0.125 0.0712890625 0.0869140625
1 0.361328125 0.3525390625 0.0595703125 0.0849609375
1 0.0869140625 0.439453125 0.0751953125 0.0966796875
1 0.0712890625 0.2724609375 0.1044921875 0.0966796875
1 0.375 0.494140625 0.0634765625 0.0693359375
1 0.466796875 0.587890625 0.07421875 0.0703125
1 0.515625 0.6337890625 0.0849609375 0.0849609375
1 0.8056640625 0.5791015625 0.0595703125 0.0673828125
1 0.8466796875 0.6845703125 0.0732421875 0.0712890625
1 0.87890625 0.80078125 0.0927734375 0.0927734375
1 0.6044921875 0.775390625 0.126953125 0.095703125
1 0.5068359375 0.703125 0.064453125 0.0556640625
1 0.2822265625 0.587890625 0.08203125 0.0693359375
1 0.2333984375 0.6533203125 0.07421875 0.0625
1 0.33984375 0.6787109375 0.0634765625 0.0517578125
1 0.09765625 0.5791015625 0.0810546875 0.0615234375
1 0.015625 0.6298828125 0.0322265625 0.0849609375
1 0.4833984375 0.837890625 0.0810546875 0.0810546875
1 0.3642578125 0.765625 0.0693359375 0.0634765625
1 0.17578125 0.8701171875 0.09375 0.11328125
1 0.03515625 0.796875 0.0673828125 0.0849609375
1 0.408203125 0.890625 0.056640625 0.0771484375
1 0.13671875 0.97265625 0.0693359375 0.0546875
1 0.552734375 0.935546875 0.0888671875 0.12890625
1 0.9814453125 0.939453125 0.037109375 0.115234375
1 0.9169921875 0.962890625 0.06640625 0.0576171875
1 0.958984375 0.6435546875 0.0791015625 0.0576171875
1 0.96875 0.513671875 0.0615234375 0.0751953125
1 0.94140625 0.189453125 0.0771484375 0.0751953125
1 0.9248046875 0.0869140625 0.056640625 0.0556640625
1 0.369140625 0.15234375 0.08203125 0.0595703125
1 0.3984375 0.099609375 0.078125 0.052734375
1 0.203125 0.3291015625 0.0859375 0.068359375
1 0.3681640625 0.9736328125 0.07421875 0.0498046875
