1 0.833984375 0.078125 0.1142578125 0.111328125
1 0.96875 0.4482421875 0.0615234375 0.08203125
1 0.4443359375 0.197265625 0.1171875 0.068359375
1 0.478515625 0.65234375 0.0966796875 0.0615234375
1 0.7734375 0.1103515625 0.068359375 0.0791015625
1 0.09375 0.7431640625 0.1181640625 0.0634765625
1 0.771484375 0.76953125 0.0869140625 0.0625
1 0.875 0.4404296875 0.12890625 0.046875
1 0.0654296875 0.6328125 0.1123046875 0.08203125
1 0.7412109375 0.9677734375 0.1005859375 0.052734375
1 0.611328125 0.1923828125 0.115234375 0.0478515625
1 0.33984375 0.4833984375 0.1748046875 0.072265625
1 0.1396484375 0.140625 0.1083984375 0.087890625
1 0.369140625 0.5615234375 0.076171875 0.048828125
1 0.611328125 0.703125 0.1396484375 0.0869140625
1 0.2470703125 0.767578125 0.10546875 0.0419921875
1 0.681640625 0.583984375 0.1044921875 0.064453125
1 0.974609375 0.302734375 0.0498046875 0.0693359375
1 0.5673828125 0.84765625 0.1240234375 0.05078125
1 0.5166015625 0.6171875 0.0810546875 0.06640625
1 0.802734375 0.3544921875 0.1142578125 0.099609375
1 0.724609375 0.8173828125 0.1083984375 0.0625
1 0.4609375 0.8203125 0.05078125 0.076171875
1 0.5595703125 0.791015625 0.12890625 0.0595703125
1 0.8642578125 0.3115234375 0.09765625 0.0830078125
1 0.5625 0.3818359375 0.087890625 0.0419921875
1 0.333984375 0.431640625 0.080078125 0.0673828125
1 0.07421875 0.9296875 0.1005859375 0.08984375
1 0.7919921875 0.607421875 0.0859375 0.103515625
1 0.5517578125 0.4501953125 0.1025390625 0.048828125
1 0.4111328125 0.7265625 0.119140625 0.064453125
1 0.96484375 0.16015625 0.0693359375 0.068359375
1 0.0576171875 0.169921875 0.078125 0.0693359375
1 0.94140625 0.23046875 0.1171875 0.044921875
1 0.8955078125 0.7705078125 0.05859375 0.04296875
1 0.0390625 0.3984375 0.0791015625 0.0419921875
1 0.0390625 0.1201171875 0.078125 0.0341796875
1 0.1015625 0.2724609375 0.0869140625 0.0888671875
1 0.4560546875 0.8994140625 0.08984375 0.0517578125
1 0.28125 0.658203125 0.09375 0.033203125
1 0.029296875 0.439453125 0.0595703125 0.03125
1 0.7451171875 0.455078125 0.1181640625 0.0400390625
1 0.1083984375 0.35546875 0.107421875 0.064453125
1 0.541015625 0.548828125 0.0595703125 0.02734375
1 0.23828125 0.0087890625 0.0810546875 0.0185546875
1 0.048828125 0.8671875 0.0986328125 0.06640625
1 0.0947265625 0.0166015625 0.140625 0.033203125
1 0.4658203125 0.8642578125 0.1376953125 0.04296875
1 0.62109375 0.455078125 0.087890625 0.0458984375
1 0.5556640625 0.4921875 0.1513671875 0.0419921875
1 0.21875 0.5205078125 0.1806640625 0.07421875
1 0.373046875 0.2880859375 0.08984375 0.0517578125
1 0.3095703125 0.275390625 0.0908203125 0.087890625
1 0.8388671875 0.822265625 0.115234375 0.0439453125
1 0.6669921875 0.150390625 0.0556640625 0.05859375
1 0.0419921875 0.4736328125 0.08203125 0.044921875
1 0.30078125 0.84765625 0.107421875 0.0478515625
1 0.8515625 0.0556640625 0.1572265625 0.0927734375
1 0.1884765625 0.3740234375 0.10546875 0.044921875
1 0.2080078125 0.802734375 0.1181640625 0.037109375
1 0.16796875 0.4052734375 0.115234375 0.037109375
1 0.787109375 0.5087890625 0.0556640625 0.052734375
1 0.263671875 0.9150390625 0.0869140625 0.03125
1 0.3291015625 0.9677734375 0.10546875 0.0634765625
1 0.279296875 0.9521484375 0.1923828125 0.05859375
1 0.2822265625 0.9736328125 0.08984375 0.0517578125
1 0.1123046875 0.9853515625 0.1005859375 0.0283203125
1 0.02734375 0.79296875 0.0556640625 0.044921875
1 0.89453125 0.8837890625 0.0908203125 0.0419921875
