1 0.158203125 0.2783203125 0.08984375 0.0634765625
1 0.0634765625 0.3037109375 0.091796875 0.0771484375
1 0.048828125 0.380859375 0.0986328125 0.0634765625
1 0.1533203125 0.41796875 0.0947265625 0.0625
1 0.2216796875 0.486328125 0.0947265625 0.0634765625
1 0.3427734375 0.4716796875 0.08203125 0.0712890625
1 0.345703125 0.384765625 0.0595703125 0.0546875
1 0.349609375 0.32421875 0.0673828125 0.060546875
1 0.3134765625 0.2578125 0.0595703125 0.0595703125
1 0.3916015625 0.1962890625 0.134765625 0.060546875
1 0.232421875 0.16796875 0.0634765625 0.0556640625
1 0.2607421875 0.1064453125 0.078125 0.099609375
1 0.115234375 0.0390625 0.0712890625 0.0654296875
1 0.076171875 0.537109375 0.06640625 0.12109375
1 0.1005859375 0.5927734375 0.1494140625 0.0849609375
1 0.45703125 0.546875 0.0556640625 0.0673828125
1 0.1865234375 0.6904296875 0.0927734375 0.0615234375
1 0.146484375 0.7626953125 0.068359375 0.044921875
1 0.115234375 0.947265625 0.0888671875 0.0791015625
1 0.2197265625 0.908203125 0.0849609375 0.0732421875
1 0.5390625 0.95703125 0.1044921875 0.0498046875
1 0.8251953125 0.908203125 0.1513671875 0.123046875
1 0.6162109375 0.8623046875 0.166015625 0.0703125
1 0.4453125 0.8486328125 0.1015625 0.0625
1 0.4267578125 0.7802734375 0.0654296875 0.052734375
1 0.5 0.7744140625 0.064453125 0.0634765625
1 0.2646484375 0.734375 0.060546875 0.048828125
1 0.23046875 0.783203125 0.0712890625 0.046875
1 0.572265625 0.515625 0.0927734375 0.056640625
1 0.564453125 0.662109375 0.154296875 0.0947265625
1 0.53125 0.7109375 0.0625 0.04296875
1 0.5966796875 0.7548828125 0.1064453125 0.123046875
1 0.7021484375 0.7470703125 0.0693359375 0.0888671875
1 0.802734375 0.69921875 0.13671875 0.0625
1 0.8349609375 0.599609375 0.07421875 0.052734375
1 0.837890625 0.556640625 0.1240234375 0.0625
1 0.9453125 0.8505859375 0.109375 0.1044921875
1 0.9443359375 0.4296875 0.1103515625 0.0751953125
1 0.9375 0.3505859375 0.1240234375 0.0771484375
1 0.42578125 0.380859375 0.06640625 0.060546875
1 0.5107421875 0.2900390625 0.0615234375 0.0615234375
1 0.59375 0.287109375 0.0712890625 0.0517578125
1 0.6318359375 0.3486328125 0.0966796875 0.076171875
1 0.5693359375 0.3603515625 0.064453125 0.0712890625
1 0.5888671875 0.4501953125 0.07421875 0.064453125
1 0.6748046875 0.40625 0.0908203125 0.068359375
1 0.568359375 0.02734375 0.0859375 0.0546875
1 0.54296875 0.111328125 0.064453125 0.05859375
1 0.6162109375 0.076171875 0.056640625 0.056640625
1 0.826171875 0.0458984375 0.0927734375 0.0625
1 0.7060546875 0.0849609375 0.0986328125 0.0693359375
1 0.7177734375 0.1396484375 0.109375 0.048828125
1 0.935546875 0.1376953125 0.099609375 0.052734375
1 0.38671875 0.255859375 0.064453125 0.076171875
1 0.912109375 0.6220703125 0.0517578125 0.060546875
1 0.8876953125 0.0927734375 0.076171875 0.076171875
1 0.888671875 0.7119140625 0.046875 0.04296875
1 0.8330078125 0.765625 0.046875 0.04296875
1 0.8681640625 0.724609375 0.0625 0.0439453125
1 0.451171875 0.474609375 0.1005859375 0.0654296875
1 0.8603515625 0.88671875 0.076171875 0.0458984375
