1 0.0244140625 0.654296875 0.0498046875 0.0712890625
1 0.0419921875 0.216796875 0.0849609375 0.11328125
1 0.328125 0.0322265625 0.05078125 0.064453125
1 0.4072265625 0.2822265625 0.0712890625 0.0751953125
1 0.4140625 0.369140625 0.0712890625 0.0712890625
1 0.140625 0.361328125 0.072265625 0.0947265625
1 0.3037109375 0.412109375 0.099609375 0.0703125
1 0.2783203125 0.470703125 0.072265625 0.072265625
1 0.193359375 0.546875 0.083984375 0.0830078125
1 0.2822265625 0.62890625 0.05078125 0.072265625
1 0.365234375 0.6337890625 0.0859375 0.060546875
1 0.392578125 0.4912109375 0.0537109375 0.07421875
1 0.423828125 0.5625 0.0576171875 0.0673828125
1 0.4482421875 0.599609375 0.0732421875 0.060546875
1 0.1279296875 0.791015625 0.05859375 0.08984375
1 0.0712890625 0.8720703125 0.0615234375 0.0830078125
1 0.20703125 0.90234375 0.078125 0.068359375
1 0.291015625 0.7939453125 0.08203125 0.0810546875
1 0.0771484375 0.974609375 0.0732421875 0.05078125
1 0.4248046875 0.9716796875 0.0830078125 0.056640625
1 0.6083984375 0.9365234375 0.078125 0.06640625
1 0.5732421875 0.8642578125 0.048828125 0.09765625
1 0.7265625 0.87109375 0.0712890625 0.068359375
1 0.78125 0.8818359375 0.0595703125 0.07421875
1 0.7578125 0.9765625 0.0927734375 0.0458984375
1 0.88671875 0.9755859375 0.06640625 0.044921875
1 0.8916015625 0.904296875 0.068359375 0.0830078125
1 0.38671875 0.72265625 0.0595703125 0.1103515625
1 0.5068359375 0.697265625 0.060546875 0.126953125
1 0.6005859375 0.642578125 0.1220703125 0.1005859375
1 0.5966796875 0.5537109375 0.0595703125 0.05078125
1 0.501953125 0.4833984375 0.0634765625 0.0693359375
1 0.576171875 0.4443359375 0.0830078125 0.080078125
1 0.478515625 0.3857421875 0.07421875 0.1044921875
1 0.53125 0.3056640625 0.0625 0.07421875
1 0.6708984375 0.3642578125 0.1162109375 0.0712890625
1 0.6826171875 0.4169921875 0.0625 0.048828125
1 0.7392578125 0.421875 0.0595703125 0.0654296875
1 0.82421875 0.375 0.150390625 0.1298828125
1 0.8212890625 0.263671875 0.103515625 0.0888671875
1 0.517578125 0.1748046875 0.09375 0.1328125
1 0.58984375 0.0703125 0.126953125 0.078125
1 0.705078125 0.09375 0.078125 0.0634765625
1 0.8076171875 0.1181640625 0.0634765625 0.060546875
1 0.953125 0.1875 0.0927734375 0.1015625
1 0.9775390625 0.873046875 0.0439453125 0.048828125
1 0.9453125 0.46875 0.052734375 0.0703125
1 0.2939453125 0.05078125 0.056640625 0.0654296875
1 0.23828125 0.021484375 0.0966796875 0.0439453125
1 0.78515625 0.5087890625 0.150390625 0.046875
1 0.6796875 0.603515625 0.0478515625 0.052734375
1 0.1259765625 0.9111328125 0.056640625 0.0576171875
