1 0.6982421875 0.8310546875 0.1494140625 0.0888671875
1 0.80859375 0.76171875 0.107421875 0.0849609375
1 0.587890625 0.037109375 0.1171875 0.07421875
1 0.9560546875 0.0888671875 0.0859375 0.0830078125
1 0.6884765625 0.2578125 0.154296875 0.0830078125
1 0.4755859375 0.439453125 0.0673828125 0.064453125
1 0.572265625 0.4521484375 0.0703125 0.064453125
1 0.830078125 0.955078125 0.1962890625 0.0888671875
1 0.6083984375 0.55078125 0.087890625 0.13671875
1 0.6298828125 0.33203125 0.140625 0.1748046875
1 0.517578125 0.8017578125 0.1376953125 0.0849609375
1 0.681640625 0.9697265625 0.1044921875 0.0595703125
1 0.0625 0.3125 0.06640625 0.13671875
