1 0.7763671875 0.4931640625 0.1201171875 0.072265625
1 0.880859375 0.291015625 0.13671875 0.080078125
1 0.927734375 0.2861328125 0.1435546875 0.0625
1 0.80078125 0.4130859375 0.1015625 0.087890625
1 0.7490234375 0.7080078125 0.1591796875 0.0771484375
1 0.0703125 0.1064453125 0.1318359375 0.0849609375
1 0.900390625 0.513671875 0.1181640625 0.09765625
1 0.7861328125 0.1708984375 0.107421875 0.087890625
1 0.669921875 0.4423828125 0.0771484375 0.0546875
1 0.0380859375 0.0380859375 0.076171875 0.0546875
1 0.95703125 0.5830078125 0.0849609375 0.046875
1 0.7080078125 0.3955078125 0.0849609375 0.064453125
1 0.9189453125 0.4384765625 0.1298828125 0.052734375
1 0.9013671875 0.4013671875 0.1103515625 0.0654296875
1 0.72265625 0.0546875 0.0869140625 0.080078125
1 0.751953125 0.091796875 0.0849609375 0.0703125
1 0.8759765625 0.0703125 0.09765625 0.0625
1 0.849609375 0.0302734375 0.064453125 0.0576171875
1 0.9501953125 0.1279296875 0.0830078125 0.0830078125
1 0.6484375 0.2666015625 0.060546875 0.0673828125
