1 0.51953125 0.837890625 0.130859375 0.0732421875
1 0.337890625 0.8544921875 0.1220703125 0.134765625
1 0.3857421875 0.099609375 0.1025390625 0.0703125
1 0.677734375 0.1767578125 0.1025390625 0.0595703125
1 0.4345703125 0.734375 0.109375 0.10546875
1 0.42578125 0.1982421875 0.09765625 0.068359375
1 0.693359375 0.3095703125 0.091796875 0.0703125
1 0.8671875 0.7236328125 0.1474609375 0.0703125
1 0.271484375 0.2919921875 0.1650390625 0.07421875
1 0.01953125 0.2666015625 0.0390625 0.1357421875
1 0.5234375 0.4599609375 0.126953125 0.080078125
1 0.1640625 0.6806640625 0.125 0.072265625
1 0.58203125 0.6494140625 0.095703125 0.0703125
1 0.9189453125 0.287109375 0.0927734375 0.0498046875
1 0.443359375 0.5576171875 0.0693359375 0.0546875
1 0.1630859375 0.86328125 0.0927734375 0.0625
1 0.876953125 0.6435546875 0.115234375 0.0625
1 0.033203125 0.783203125 0.0673828125 0.0673828125
1 0.0927734375 0.4052734375 0.1083984375 0.07421875
1 0.8349609375 0.1171875 0.0927734375 0.0673828125
1 0.2841796875 0.3671875 0.08984375 0.060546875
1 0.50390625 0.28125 0.0947265625 0.0751953125
1 0.76953125 0.9052734375 0.140625 0.0732421875
1 0.2080078125 0.626953125 0.087890625 0.064453125
1 0.6669921875 0.4921875 0.119140625 0.064453125
1 0.9150390625 0.34765625 0.1474609375 0.0673828125
1 0.2177734375 0.2392578125 0.1279296875 0.0595703125
1 0.080078125 0.8369140625 0.0830078125 0.0703125
1 0.255859375 0.099609375 0.1298828125 0.072265625
1 0.5703125 0.091796875 0.1025390625 0.080078125
1 0.140625 0.7822265625 0.087890625 0.064453125
1 0.3330078125 0.4365234375 0.0830078125 0.0654296875
1 0.4921875 0.681640625 0.064453125 0.0498046875
1 0.67578125 0.4033203125 0.142578125 0.068359375
1 0.166015625 0.109375 0.107421875 0.0751953125
1 0.9267578125 0.5166015625 0.115234375 0.0751953125
1 0.658203125 0.755859375 0.126953125 0.078125
1 0.6611328125 0.1162109375 0.0849609375 0.0498046875
1 0.359375 0.607421875 0.08984375 0.0576171875
1 0.7685546875 0.2333984375 0.072265625 0.0625
1 0.54296875 0.9580078125 0.115234375 0.083984375
1 0.1015625 0.19140625 0.1005859375 0.0654296875
1 0.9423828125 0.068359375 0.115234375 0.0625
1 0.7353515625 0.7587890625 0.1220703125 0.0849609375
1 0.8935546875 0.025390625 0.09765625 0.0517578125
1 0.6455078125 0.5986328125 0.0771484375 0.052734375
1 0.9501953125 0.220703125 0.0927734375 0.0673828125
1 0.2109375 0.4697265625 0.107421875 0.0546875
1 0.5283203125 0.3583984375 0.087890625 0.046875
1 0.748046875 0.537109375 0.1328125 0.0703125
1 0.951171875 0.4365234375 0.0849609375 0.0556640625
1 0.16796875 0.978515625 0.099609375 0.0419921875
1 0.73828125 0.4453125 0.123046875 0.0830078125
1 0.859375 0.8779296875 0.125 0.0771484375
1 0.6123046875 0.822265625 0.08984375 0.044921875
1 0.5244140625 0.1259765625 0.0703125 0.052734375
1 0.783203125 0.466796875 0.158203125 0.0595703125
1 0.1630859375 0.3916015625 0.08203125 0.0556640625
1 0.9716796875 0.935546875 0.0556640625 0.0654296875
1 0.40625 0.6416015625 0.0751953125 0.0654296875
1 0.9228515625 0.5595703125 0.1123046875 0.05078125
1 0.978515625 0.1552734375 0.04296875 0.0478515625
1 0.576171875 0.2998046875 0.09765625 0.0546875
1 0.3134765625 0.9755859375 0.0830078125 0.0478515625
1 0.2353515625 0.96875 0.0751953125 0.0478515625
1 0.39453125 0.9755859375 0.08984375 0.0478515625
1 0.9609375 0.650390625 0.078125 0.0478515625
1 0.064453125 0.0341796875 0.0615234375 0.056640625
1 0.8896484375 0.9560546875 0.0986328125 0.052734375
