1 0.134765625 0.7109375 0.17578125 0.0712890625
1 0.3818359375 0.1396484375 0.087890625 0.0908203125
1 0.626953125 0.2548828125 0.0908203125 0.0849609375
1 0.5263671875 0.4443359375 0.0751953125 0.1201171875
1 0.11328125 0.5 0.11328125 0.2587890625
1 0.5361328125 0.94921875 0.0869140625 0.0771484375
1 0.6630859375 0.974609375 0.140625 0.0498046875
1 0.25 0.4677734375 0.130859375 0.076171875
1 0.2236328125 0.9814453125 0.068359375 0.03515625
1 0.220703125 0.876953125 0.119140625 0.078125
1 0.4345703125 0.75 0.1728515625 0.1337890625
1 0.970703125 0.9501953125 0.05859375 0.076171875
1 0.1044921875 0.623046875 0.2099609375 0.0751953125
1 0.3984375 0.240234375 0.087890625 0.1396484375
1 0.2548828125 0.013671875 0.08984375 0.0283203125
1 0.5634765625 0.0517578125 0.1259765625 0.0888671875
1 0.96875 0.0751953125 0.0625 0.103515625
1 0.6650390625 0.8291015625 0.1513671875 0.1181640625
1 0.63671875 0.4892578125 0.0908203125 0.150390625
1 0.087890625 0.2919921875 0.07421875 0.14453125
1 0.732421875 0.2099609375 0.1376953125 0.0869140625
1 0.4853515625 0.62890625 0.0908203125 0.232421875
1 0.701171875 0.1142578125 0.12109375 0.078125
1 0.7265625 0.9326171875 0.1708984375 0.08203125
1 0.185546875 0.4873046875 0.1123046875 0.0771484375
1 0.171875 0.2939453125 0.1240234375 0.1494140625
1 0.4970703125 0.39453125 0.0673828125 0.052734375
1 0.015625 0.5185546875 0.03125 0.1318359375
