1 0.9716796875 0.3759765625 0.0556640625 0.09765625
1 0.7724609375 0.5146484375 0.0869140625 0.1259765625
1 0.7177734375 0.6474609375 0.0703125 0.111328125
1 0.5439453125 0.9609375 0.0849609375 0.078125
1 0.9287109375 0.734375 0.068359375 0.0869140625
1 0.115234375 0.8447265625 0.0966796875 0.099609375
1 0.8623046875 0.9345703125 0.080078125 0.0791015625
1 0.83984375 0.1328125 0.0703125 0.1083984375
1 0.634765625 0.4677734375 0.0703125 0.0830078125
1 0.16796875 0.1455078125 0.0927734375 0.142578125
1 0.62109375 0.9833984375 0.048828125 0.033203125
1 0.19140625 0.4365234375 0.0673828125 0.10546875
1 0.775390625 0.8125 0.0517578125 0.0703125
1 0.9755859375 0.1181640625 0.0478515625 0.0673828125
1 0.1953125 0.7294921875 0.0830078125 0.080078125
1 0.2587890625 0.1708984375 0.0849609375 0.1083984375
1 0.744140625 0.3271484375 0.0498046875 0.109375
1 0.8310546875 0.22265625 0.0791015625 0.080078125
1 0.05859375 0.7099609375 0.1044921875 0.169921875
1 0.66796875 0.873046875 0.0771484375 0.072265625
1 0.0341796875 0.25 0.0654296875 0.125
1 0.037109375 0.396484375 0.0703125 0.0849609375
