1 0.970703125 0.44921875 0.0576171875 0.0947265625
1 0.591796875 0.0771484375 0.099609375 0.064453125
1 0.9609375 0.8310546875 0.078125 0.1328125
1 0.951171875 0.0693359375 0.09765625 0.0703125
1 0.7783203125 0.0205078125 0.078125 0.0419921875
1 0.6591796875 0.7119140625 0.1103515625 0.08984375
1 0.919921875 0.2900390625 0.0712890625 0.0439453125
1 0.7822265625 0.57421875 0.115234375 0.1201171875
1 0.724609375 0.140625 0.07421875 0.1123046875
1 0.8232421875 0.83203125 0.16796875 0.125
1 0.8818359375 0.931640625 0.125 0.0947265625
1 0.94140625 0.2685546875 0.115234375 0.091796875
1 0.7978515625 0.9404296875 0.0869140625 0.09765625
1 0.876953125 0.6708984375 0.095703125 0.087890625
1 0.7890625 0.2705078125 0.0947265625 0.0771484375
1 0.7099609375 0.35546875 0.125 0.0771484375
1 0.8505859375 0.728515625 0.08203125 0.1171875
1 0.9501953125 0.337890625 0.0947265625 0.07421875
1 0.9501953125 0.0009765625 0.0673828125 0.001953125
1 0.50390625 0.8017578125 0.0498046875 0.0595703125
1 0.6318359375 0.212890625 0.0751953125 0.0771484375
1 0.841796875 0.0263671875 0.078125 0.046875
1 0.8125 0.2392578125 0.0576171875 0.0546875
1 0.7744140625 0.3515625 0.0703125 0.0751953125
1 0.8974609375 0.3134765625 0.0927734375 0.08203125
1 0.734375 0.6337890625 0.08984375 0.0849609375
1 0.6904296875 0.556640625 0.0771484375 0.0556640625
1 0.658203125 0.841796875 0.087890625 0.08984375
1 0.6357421875 0.962890625 0.1025390625 0.0732421875
