1 0.060546875 0.689453125 0.12109375 0.1455078125
1 0.2099609375 0.2158203125 0.125 0.1025390625
1 0.5 0.1171875 0.171875 0.1240234375
1 0.3759765625 0.71484375 0.1201171875 0.11328125
1 0.474609375 0.0322265625 0.095703125 0.064453125
1 0.779296875 0.3603515625 0.125 0.08203125
1 0.76953125 0.240234375 0.15234375 0.0947265625
1 0.2802734375 0.02734375 0.0966796875 0.0556640625
1 0.525390625 0.57421875 0.142578125 0.1103515625
1 0.7470703125 0.5712890625 0.14453125 0.142578125
1 0.90234375 0.396484375 0.115234375 0.1005859375
1 0.5556640625 0.7421875 0.111328125 0.115234375
1 0.787109375 0.0302734375 0.2138671875 0.0615234375
1 0.7841796875 0.126953125 0.1455078125 0.154296875
1 0.3466796875 0.7958984375 0.1025390625 0.0869140625
1 0.42578125 0.396484375 0.087890625 0.083984375
1 0.7353515625 0.466796875 0.1220703125 0.0947265625
1 0.4150390625 0.48828125 0.1025390625 0.091796875
1 0.61328125 0.6845703125 0.08203125 0.064453125
1 0.6015625 0.51171875 0.1005859375 0.0947265625
1 0.9365234375 0.8896484375 0.1220703125 0.1201171875
1 0.5380859375 0.47265625 0.09765625 0.0673828125
1 0.1201171875 0.251953125 0.0576171875 0.05078125
1 0.35546875 0.9609375 0.0927734375 0.072265625
1 0.9384765625 0.185546875 0.1220703125 0.09375
