1 0.0263671875 0.31640625 0.0537109375 0.1845703125
1 0.1533203125 0.291015625 0.0771484375 0.0888671875
1 0.296875 0.2470703125 0.1005859375 0.0732421875
1 0.2255859375 0.4541015625 0.09765625 0.0908203125
1 0.41796875 0.41796875 0.078125 0.0859375
1 0.6005859375 0.1318359375 0.1328125 0.2265625
1 0.3076171875 0.6630859375 0.0830078125 0.076171875
1 0.52734375 0.671875 0.1015625 0.0771484375
1 0.8583984375 0.349609375 0.0810546875 0.064453125
1 0.0244140625 0.9208984375 0.0498046875 0.1064453125
1 0.0673828125 0.955078125 0.0751953125 0.0888671875
1 0.16796875 0.9248046875 0.07421875 0.1064453125
1 0.0185546875 0.7548828125 0.0380859375 0.0888671875
1 0.087890625 0.6875 0.0849609375 0.0771484375
1 0.5302734375 0.9599609375 0.076171875 0.0791015625
1 0.4345703125 0.8759765625 0.0673828125 0.0849609375
1 0.5380859375 0.8427734375 0.076171875 0.09765625
1 0.72265625 0.71484375 0.0810546875 0.0810546875
1 0.7900390625 0.8779296875 0.107421875 0.0966796875
1 0.392578125 0.03515625 0.0439453125 0.0712890625
