1 0.556640625 0.50390625 0.1552734375 0.0849609375
1 0.5859375 0.2880859375 0.08203125 0.1376953125
1 0.2158203125 0.2841796875 0.158203125 0.08984375
1 0.2958984375 0.0869140625 0.142578125 0.10546875
1 0.7158203125 0.2255859375 0.126953125 0.072265625
1 0.9775390625 0.5361328125 0.044921875 0.06640625
1 0.6357421875 0.056640625 0.11328125 0.1142578125
1 0.3232421875 0.3408203125 0.078125 0.0830078125
1 0.4423828125 0.359375 0.134765625 0.115234375
1 0.474609375 0.6142578125 0.095703125 0.1298828125
1 0.40625 0.1826171875 0.1201171875 0.0576171875
1 0.3505859375 0.552734375 0.080078125 0.072265625
1 0.5927734375 0.4208984375 0.0869140625 0.107421875
1 0.505859375 0.7109375 0.087890625 0.078125
1 0.1787109375 0.0947265625 0.0751953125 0.099609375
1 0.48046875 0.16015625 0.0830078125 0.0576171875
1 0.9443359375 0.0234375 0.1103515625 0.046875
1 0.6162109375 0.1533203125 0.0751953125 0.0625
1 0.8359375 0.7041015625 0.171875 0.0849609375
1 0.6611328125 0.7373046875 0.1484375 0.0908203125
1 0.185546875 0.7138671875 0.162109375 0.1845703125
1 0.7158203125 0.8271484375 0.16796875 0.095703125
1 0.4013671875 0.498046875 0.0751953125 0.09765625
1 0.470703125 0.8583984375 0.248046875 0.1328125
1 0.083984375 0.6494140625 0.0654296875 0.10546875
1 0.94921875 0.0732421875 0.0654296875 0.0625
1 0.7275390625 0.693359375 0.1474609375 0.087890625
1 0.2080078125 0.365234375 0.060546875 0.0625
1 0.8232421875 0.9296875 0.1328125 0.140625
1 0.611328125 0.630859375 0.0751953125 0.087890625
1 0.1044921875 0.939453125 0.080078125 0.1201171875
1 0.47265625 0.9599609375 0.2568359375 0.080078125
1 0.041015625 0.087890625 0.0830078125 0.142578125
1 0.021484375 0.525390625 0.0439453125 0.095703125
1 0.91015625 0.033203125 0.0576171875 0.0673828125
1 0.609375 0.2939453125 0.0498046875 0.0849609375
1 0.583984375 0.662109375 0.0947265625 0.064453125
1 0.7021484375 0.80078125 0.154296875 0.04296875
