1 0.130859375 0.203125 0.05859375 0.078125
1 0.318359375 0.19921875 0.06640625 0.0654296875
1 0.34765625 0.314453125 0.083984375 0.056640625
1 0.115234375 0.41796875 0.0693359375 0.080078125
1 0.1904296875 0.42578125 0.0595703125 0.0576171875
1 0.029296875 0.4560546875 0.0576171875 0.06640625
1 0.0400390625 0.5263671875 0.0673828125 0.0673828125
1 0.2900390625 0.5 0.0810546875 0.056640625
1 0.3955078125 0.5771484375 0.0615234375 0.0927734375
1 0.5859375 0.533203125 0.087890625 0.0625
1 0.1435546875 0.6787109375 0.0625 0.0751953125
1 0.0439453125 0.767578125 0.0673828125 0.072265625
1 0.30859375 0.6640625 0.0693359375 0.068359375
1 0.2705078125 0.705078125 0.0693359375 0.072265625
1 0.384765625 0.734375 0.1337890625 0.0859375
1 0.2763671875 0.8515625 0.0625 0.064453125
1 0.3369140625 0.833984375 0.078125 0.103515625
1 0.4169921875 0.8134765625 0.09765625 0.0830078125
1 0.1162109375 0.869140625 0.076171875 0.0791015625
1 0.033203125 0.8466796875 0.06640625 0.060546875
1 0.8173828125 0.9755859375 0.068359375 0.0478515625
1 0.8544921875 0.9208984375 0.1220703125 0.060546875
1 0.8984375 0.794921875 0.060546875 0.0703125
1 0.9267578125 0.6123046875 0.0771484375 0.060546875
1 0.7529296875 0.7626953125 0.0751953125 0.06640625
1 0.76953125 0.69921875 0.0869140625 0.072265625
1 0.7412109375 0.6630859375 0.14453125 0.0537109375
1 0.6826171875 0.9609375 0.0654296875 0.0771484375
1 0.6259765625 0.9755859375 0.0791015625 0.0478515625
1 0.5927734375 0.9296875 0.10546875 0.078125
1 0.5390625 0.8349609375 0.0712890625 0.0615234375
1 0.6044921875 0.6015625 0.12109375 0.0478515625
1 0.8046875 0.4755859375 0.0810546875 0.09765625
1 0.6328125 0.4580078125 0.0712890625 0.0693359375
1 0.6689453125 0.4150390625 0.0673828125 0.068359375
1 0.83203125 0.3623046875 0.0947265625 0.06640625
1 0.47265625 0.3046875 0.0654296875 0.1064453125
1 0.5263671875 0.3203125 0.0634765625 0.1005859375
1 0.5537109375 0.22265625 0.07421875 0.0771484375
1 0.599609375 0.154296875 0.078125 0.1455078125
1 0.783203125 0.2001953125 0.0712890625 0.072265625
1 0.8525390625 0.2568359375 0.0673828125 0.06640625
1 0.927734375 0.2666015625 0.072265625 0.0625
1 0.8857421875 0.3056640625 0.0947265625 0.060546875
1 0.9541015625 0.17578125 0.087890625 0.08203125
1 0.892578125 0.1982421875 0.080078125 0.0966796875
1 0.7490234375 0.06640625 0.0751953125 0.0615234375
1 0.6064453125 0.0771484375 0.1171875 0.05859375
1 0.44921875 0.0986328125 0.0703125 0.0615234375
1 0.3974609375 0.0703125 0.10546875 0.0927734375
1 0.298828125 0.078125 0.060546875 0.0517578125
1 0.6328125 0.0185546875 0.0830078125 0.037109375
1 0.296875 0.0263671875 0.0703125 0.0537109375
1 0.1826171875 0.017578125 0.0595703125 0.03515625
1 0.033203125 0.1083984375 0.0634765625 0.04296875
1 0.01953125 0.2265625 0.0400390625 0.0595703125
1 0.021484375 0.2685546875 0.04296875 0.0478515625
1 0.5185546875 0.263671875 0.072265625 0.0556640625
1 0.984375 0.03125 0.0302734375 0.0498046875
1 0.580078125 0.96875 0.1044921875 0.0419921875
1 0.5009765625 0.982421875 0.0498046875 0.0341796875
1 0.74609375 0.3291015625 0.068359375 0.060546875
1 0.5625 0.177734375 0.0537109375 0.056640625
