1 0.4921875 0.5244140625 0.08984375 0.080078125
1 0.4326171875 0.2451171875 0.1025390625 0.0927734375
1 0.9501953125 0.900390625 0.0771484375 0.09765625
1 0.2080078125 0.408203125 0.1123046875 0.123046875
1 0.4609375 0.048828125 0.08203125 0.0849609375
1 0.8544921875 0.177734375 0.08984375 0.0966796875
1 0.96875 0.341796875 0.0625 0.1201171875
1 0.67578125 0.8212890625 0.08203125 0.0849609375
1 0.3984375 0.044921875 0.0625 0.08984375
1 0.890625 0.353515625 0.107421875 0.1328125
1 0.404296875 0.4716796875 0.08984375 0.0849609375
1 0.294921875 0.115234375 0.080078125 0.0830078125
1 0.978515625 0.2099609375 0.04296875 0.080078125
1 0.234375 0.5634765625 0.080078125 0.072265625
1 0.3017578125 0.904296875 0.099609375 0.099609375
1 0.173828125 0.23046875 0.1044921875 0.072265625
1 0.21484375 0.0185546875 0.115234375 0.037109375
1 0.2138671875 0.28515625 0.0595703125 0.0869140625
