1 0.078125 0.5302734375 0.15625 0.1572265625
1 0.1044921875 0.6669921875 0.1142578125 0.1953125
1 0.6044921875 0.3759765625 0.125 0.259765625
1 0.84375 0.103515625 0.1044921875 0.09375
1 0.7041015625 0.759765625 0.2333984375 0.16015625
1 0.4892578125 0.8349609375 0.0869140625 0.1455078125
1 0.0244140625 0.78125 0.0498046875 0.12890625
1 0.8642578125 0.9677734375 0.1298828125 0.064453125
1 0.2978515625 0.970703125 0.091796875 0.0576171875
1 0.1064453125 0.927734375 0.07421875 0.0927734375
1 0.2138671875 0.82421875 0.0751953125 0.0751953125
1 0.025390625 0.2626953125 0.0517578125 0.0791015625
1 0.03515625 0.3623046875 0.0712890625 0.0888671875
1 0.193359375 0.5107421875 0.08203125 0.12109375
1 0.1962890625 0.6015625 0.0751953125 0.06640625
1 0.29296875 0.90625 0.10546875 0.04296875
1 0.4501953125 0.6708984375 0.1826171875 0.078125
1 0.51953125 0.5234375 0.0888671875 0.080078125
1 0.2568359375 0.5576171875 0.05859375 0.0595703125
1 0.2392578125 0.1611328125 0.080078125 0.0546875
1 0.12890625 0.0625 0.09765625 0.064453125
1 0.427734375 0.0556640625 0.0595703125 0.103515625
1 0.564453125 0.1396484375 0.1357421875 0.0947265625
1 0.5732421875 0.0322265625 0.087890625 0.064453125
1 0.2783203125 0.0234375 0.0576171875 0.046875
1 0.6904296875 0.140625 0.0556640625 0.1025390625
1 0.697265625 0.271484375 0.0986328125 0.17578125
1 0.7197265625 0.4033203125 0.083984375 0.087890625
1 0.904296875 0.607421875 0.1337890625 0.0615234375
1 0.9462890625 0.552734375 0.107421875 0.0537109375
1 0.8818359375 0.3759765625 0.1435546875 0.1103515625
1 0.9501953125 0.11328125 0.076171875 0.08203125
1 0.955078125 0.708984375 0.08984375 0.0849609375
1 0.96875 0.85546875 0.0615234375 0.076171875
1 0.744140625 0.0654296875 0.05859375 0.0625
1 0.716796875 0.9091796875 0.1591796875 0.080078125
1 0.8720703125 0.6572265625 0.0986328125 0.07421875
