1 0.8359375 0.2421875 0.064453125 0.076171875
1 0.787109375 0.2490234375 0.04296875 0.0546875
1 0.9228515625 0.322265625 0.06640625 0.0625
1 0.81640625 0.337890625 0.05859375 0.080078125
1 0.7734375 0.3291015625 0.060546875 0.0830078125
1 0.7197265625 0.359375 0.0771484375 0.048828125
1 0.65234375 0.322265625 0.0595703125 0.09765625
1 0.5712890625 0.3427734375 0.0791015625 0.052734375
1 0.36328125 0.1513671875 0.150390625 0.078125
1 0.5654296875 0.208984375 0.08203125 0.08984375
1 0.3779296875 0.26953125 0.142578125 0.109375
1 0.3623046875 0.3369140625 0.0908203125 0.0634765625
1 0.2578125 0.3193359375 0.0576171875 0.046875
1 0.2294921875 0.2763671875 0.064453125 0.052734375
1 0.203125 0.21484375 0.0712890625 0.080078125
1 0.0791015625 0.1865234375 0.138671875 0.087890625
1 0.13671875 0.2900390625 0.0615234375 0.0439453125
1 0.236328125 0.3828125 0.1328125 0.0791015625
1 0.345703125 0.4912109375 0.0595703125 0.0625
1 0.0576171875 0.3935546875 0.107421875 0.08203125
1 0.310546875 0.7099609375 0.216796875 0.0966796875
1 0.4677734375 0.69140625 0.0927734375 0.0478515625
1 0.48828125 0.626953125 0.0517578125 0.05859375
1 0.58203125 0.5908203125 0.0517578125 0.0439453125
1 0.6552734375 0.67578125 0.0517578125 0.0751953125
1 0.6826171875 0.6240234375 0.1123046875 0.0859375
1 0.76171875 0.626953125 0.09375 0.0712890625
1 0.8837890625 0.693359375 0.0927734375 0.07421875
1 0.9326171875 0.69140625 0.0732421875 0.046875
1 0.958984375 0.7548828125 0.0732421875 0.060546875
1 0.9931640625 0.708984375 0.0126953125 0.048828125
1 0.525390625 0.7353515625 0.0859375 0.048828125
1 0.5986328125 0.6953125 0.064453125 0.0478515625
1 0.7041015625 0.845703125 0.0732421875 0.0595703125
1 0.6181640625 0.9052734375 0.064453125 0.0654296875
1 0.5263671875 0.86328125 0.0986328125 0.0478515625
1 0.4814453125 0.9638671875 0.056640625 0.072265625
1 0.39453125 0.8623046875 0.11328125 0.0458984375
1 0.3232421875 0.80859375 0.0888671875 0.0546875
1 0.240234375 0.79296875 0.078125 0.0546875
1 0.5 0.802734375 0.1025390625 0.0576171875
1 0.6083984375 0.8046875 0.1396484375 0.0390625
1 0.0654296875 0.771484375 0.1162109375 0.0703125
1 0.044921875 0.6943359375 0.0908203125 0.0927734375
1 0.0654296875 0.8154296875 0.078125 0.052734375
1 0.5595703125 0.9130859375 0.0693359375 0.0478515625
1 0.716796875 0.91796875 0.0537109375 0.041015625
1 0.7919921875 0.84375 0.0400390625 0.0419921875
1 0.794921875 0.900390625 0.0419921875 0.041015625
1 0.7333984375 0.787109375 0.1005859375 0.060546875
1 0.71875 0.7392578125 0.0546875 0.05859375
1 0.5986328125 0.751953125 0.0771484375 0.0400390625
1 0.9765625 0.8525390625 0.0458984375 0.04296875
