1 0.9658203125 0.40234375 0.068359375 0.091796875
1 0.6806640625 0.1103515625 0.09375 0.1787109375
1 0.265625 0.4013671875 0.1650390625 0.078125
1 0.09765625 0.7001953125 0.1005859375 0.13671875
1 0.412109375 0.7626953125 0.2001953125 0.11328125
1 0.4755859375 0.595703125 0.15234375 0.0869140625
1 0.140625 0.0595703125 0.1220703125 0.0712890625
1 0.1142578125 0.158203125 0.1083984375 0.0751953125
1 0.30078125 0.0947265625 0.0771484375 0.0859375
1 0.7880859375 0.1083984375 0.0546875 0.064453125
1 0.890625 0.0615234375 0.076171875 0.0615234375
1 0.2978515625 0.015625 0.1220703125 0.03125
1 0.5595703125 0.4296875 0.095703125 0.0517578125
1 0.744140625 0.322265625 0.064453125 0.0576171875
1 0.7802734375 0.568359375 0.1298828125 0.162109375
1 0.7587890625 0.783203125 0.0625 0.044921875
1 0.5712890625 0.8408203125 0.142578125 0.2294921875
1 0.955078125 0.8427734375 0.0703125 0.1396484375
1 0.5400390625 0.55078125 0.064453125 0.046875
1 0.955078125 0.4814453125 0.0888671875 0.083984375
1 0.1396484375 0.873046875 0.0810546875 0.060546875
1 0.1845703125 0.9775390625 0.08984375 0.0439453125
1 0.033203125 0.978515625 0.064453125 0.04296875
1 0.673828125 0.9287109375 0.0673828125 0.064453125
1 0.8193359375 0.66015625 0.119140625 0.10546875
1 0.3955078125 0.0244140625 0.0712890625 0.048828125
