1 0.41796875 0.27734375 0.0888671875 0.107421875
1 0.8779296875 0.484375 0.1025390625 0.0947265625
1 0.2490234375 0.76171875 0.0849609375 0.1103515625
1 0.6923828125 0.5244140625 0.08984375 0.14453125
1 0.87109375 0.83203125 0.107421875 0.08984375
1 0.7666015625 0.37109375 0.0947265625 0.142578125
1 0.6748046875 0.33203125 0.0703125 0.115234375
1 0.3466796875 0.42578125 0.0751953125 0.078125
1 0.7490234375 0.654296875 0.0751953125 0.0654296875
1 0.71484375 0.18359375 0.0625 0.1474609375
1 0.205078125 0.64453125 0.0771484375 0.060546875
1 0.57421875 0.8818359375 0.0654296875 0.0947265625
1 0.5380859375 0.4189453125 0.0625 0.0947265625
1 0.4794921875 0.0927734375 0.060546875 0.0732421875
1 0.9697265625 0.0302734375 0.060546875 0.0576171875
1 0.0634765625 0.0419921875 0.072265625 0.080078125
1 0.037109375 0.3154296875 0.0703125 0.107421875
1 0.0322265625 0.482421875 0.064453125 0.0576171875
1 0.8408203125 0.3134765625 0.046875 0.09765625
