1 0.7109375 0.771484375 0.0615234375 0.0810546875
1 0.578125 0.0595703125 0.0732421875 0.080078125
1 0.25390625 0.568359375 0.072265625 0.0888671875
1 0.150390625 0.2666015625 0.0751953125 0.09765625
1 0.77734375 0.0703125 0.0546875 0.1015625
1 0.3955078125 0.232421875 0.08203125 0.10546875
1 0.779296875 0.619140625 0.080078125 0.11328125
1 0.3603515625 0.5283203125 0.0703125 0.078125
1 0.5478515625 0.33203125 0.0673828125 0.060546875
1 0.87109375 0.119140625 0.076171875 0.12109375
1 0.88671875 0.9482421875 0.0654296875 0.0615234375
1 0.38671875 0.6162109375 0.060546875 0.064453125
1 0.3505859375 0.2724609375 0.177734375 0.0703125
1 0.9443359375 0.099609375 0.0419921875 0.0927734375
1 0.0380859375 0.2041015625 0.072265625 0.107421875
1 0.73828125 0.2919921875 0.1015625 0.08984375
1 0.365234375 0.970703125 0.0732421875 0.048828125
1 0.111328125 0.458984375 0.1103515625 0.0888671875
1 0.01171875 0.6279296875 0.0234375 0.0595703125
1 0.72265625 0.59375 0.060546875 0.076171875
1 0.5732421875 0.1728515625 0.05859375 0.080078125
1 0.0390625 0.794921875 0.078125 0.041015625
1 0.8046875 0.6923828125 0.0654296875 0.0458984375
1 0.27734375 0.685546875 0.1103515625 0.0517578125
1 0.5 0.419921875 0.0869140625 0.0693359375
1 0.0419921875 0.1494140625 0.0732421875 0.091796875
1 0.0537109375 0.552734375 0.107421875 0.09375
1 0.60546875 0.2236328125 0.029296875 0.0751953125
1 0.0908203125 0.7099609375 0.0908203125 0.0478515625
1 0.2265625 0.1396484375 0.076171875 0.064453125
1 0.19921875 0.580078125 0.076171875 0.0732421875
1 0.49609375 0.4833984375 0.0791015625 0.068359375
1 0.2421875 0.03125 0.0498046875 0.0625
1 0.162109375 0.6796875 0.0419921875 0.0791015625
1 0.525390625 0.1484375 0.0224609375 0.076171875
1 0.8955078125 0.6162109375 0.05859375 0.0546875
1 0.935546875 0.7197265625 0.029296875 0.064453125
1 0.79296875 0.9697265625 0.0576171875 0.0322265625
1 0.458984375 0.671875 0.060546875 0.0439453125
1 0.5908203125 0.8779296875 0.0458984375 0.1533203125
1 0.357421875 0.8046875 0.02734375 0.05078125
1 0.7001953125 0.416015625 0.044921875 0.0576171875
1 0.357421875 0.771484375 0.0615234375 0.0224609375
1 0.6328125 0.0859375 0.0439453125 0.0654296875
1 0.7138671875 0.111328125 0.11328125 0.0546875
1 0.63671875 0.55859375 0.05859375 0.0439453125
1 0.8896484375 0.1123046875 0.0478515625 0.078125
1 0.83984375 0.3623046875 0.1337890625 0.0634765625
1 0.0126953125 0.466796875 0.0263671875 0.046875
1 0.8046875 0.7451171875 0.080078125 0.0576171875
1 0.4287109375 0.0693359375 0.046875 0.0546875
1 0.873046875 0.984375 0.03515625 0.0302734375
1 0.109375 0.07421875 0.0888671875 0.05078125
1 0.4130859375 0.728515625 0.1455078125 0.056640625
1 0.07421875 0.046875 0.0283203125 0.0771484375
1 0.4365234375 0.015625 0.029296875 0.03125
1 0.546875 0.919921875 0.06640625 0.05078125
1 0.8408203125 0.6123046875 0.03125 0.0556640625
1 0.4150390625 0.7353515625 0.078125 0.1083984375
1 0.97265625 0.7568359375 0.0322265625 0.0849609375
