1 0.4169921875 0.0546875 0.0595703125 0.080078125
1 0.4970703125 0.021484375 0.0849609375 0.04296875
1 0.5869140625 0.0244140625 0.1083984375 0.048828125
1 0.73828125 0.0498046875 0.0927734375 0.0927734375
1 0.7822265625 0.1259765625 0.109375 0.0615234375
1 0.849609375 0.03515625 0.0693359375 0.0712890625
1 0.9541015625 0.1181640625 0.07421875 0.0888671875
1 0.8359375 0.189453125 0.1005859375 0.05859375
1 0.8486328125 0.232421875 0.05859375 0.0478515625
1 0.705078125 0.2822265625 0.107421875 0.0654296875
1 0.611328125 0.1748046875 0.0771484375 0.0830078125
1 0.533203125 0.271484375 0.0654296875 0.0888671875
1 0.5107421875 0.1923828125 0.056640625 0.0478515625
1 0.5126953125 0.1328125 0.0537109375 0.0654296875
1 0.41015625 0.212890625 0.0732421875 0.068359375
1 0.4462890625 0.30859375 0.0703125 0.0771484375
1 0.3232421875 0.044921875 0.0869140625 0.0771484375
1 0.046875 0.1455078125 0.0830078125 0.107421875
1 0.1591796875 0.1416015625 0.154296875 0.07421875
1 0.07421875 0.2275390625 0.0947265625 0.0537109375
1 0.083984375 0.3486328125 0.083984375 0.0634765625
1 0.29296875 0.376953125 0.1015625 0.0703125
1 0.1552734375 0.416015625 0.111328125 0.080078125
1 0.2490234375 0.44140625 0.1083984375 0.06640625
1 0.2958984375 0.4814453125 0.0771484375 0.0634765625
1 0.373046875 0.5986328125 0.0771484375 0.076171875
1 0.064453125 0.7412109375 0.107421875 0.080078125
1 0.0771484375 0.798828125 0.064453125 0.0556640625
1 0.2568359375 0.767578125 0.08203125 0.0771484375
1 0.2822265625 0.689453125 0.0712890625 0.068359375
1 0.349609375 0.6943359375 0.080078125 0.0830078125
1 0.4560546875 0.6689453125 0.099609375 0.0537109375
1 0.419921875 0.75 0.0849609375 0.0732421875
1 0.3515625 0.775390625 0.0625 0.0751953125
1 0.3994140625 0.80859375 0.0732421875 0.0703125
1 0.4736328125 0.8095703125 0.080078125 0.076171875
1 0.1923828125 0.8544921875 0.0625 0.0751953125
1 0.16015625 0.9013671875 0.0751953125 0.08203125
1 0.2890625 0.9716796875 0.06640625 0.0556640625
1 0.3154296875 0.9140625 0.0673828125 0.044921875
1 0.373046875 0.958984375 0.099609375 0.044921875
1 0.4482421875 0.921875 0.0712890625 0.072265625
1 0.5126953125 0.9052734375 0.0771484375 0.072265625
1 0.6806640625 0.916015625 0.0654296875 0.0732421875
1 0.9326171875 0.9599609375 0.1181640625 0.080078125
1 0.853515625 0.5224609375 0.0751953125 0.05859375
1 0.83984375 0.5771484375 0.0654296875 0.048828125
1 0.712890625 0.5302734375 0.0859375 0.06640625
1 0.62109375 0.5693359375 0.0478515625 0.0810546875
1 0.572265625 0.5859375 0.0537109375 0.0556640625
1 0.470703125 0.48828125 0.056640625 0.08203125
1 0.4384765625 0.4267578125 0.09375 0.0537109375
1 0.5908203125 0.4072265625 0.0732421875 0.052734375
1 0.7783203125 0.3671875 0.0546875 0.05078125
1 0.830078125 0.375 0.05859375 0.0595703125
1 0.9111328125 0.4091796875 0.095703125 0.068359375
1 0.8857421875 0.794921875 0.083984375 0.0625
1 0.912109375 0.6669921875 0.1015625 0.06640625
1 0.572265625 0.8642578125 0.0615234375 0.0634765625
1 0.953125 0.7314453125 0.0751953125 0.130859375
1 0.1337890625 0.498046875 0.052734375 0.068359375
1 0.24609375 0.3974609375 0.0791015625 0.0625
1 0.138671875 0.93359375 0.0693359375 0.0458984375
