1 0.6298828125 0.396484375 0.0615234375 0.0908203125
1 0.2529296875 0.384765625 0.1259765625 0.08203125
1 0.779296875 0.78515625 0.05859375 0.0810546875
1 0.513671875 0.95703125 0.0693359375 0.0810546875
1 0.8828125 0.2294921875 0.0537109375 0.078125
1 0.353515625 0.3076171875 0.0908203125 0.087890625
1 0.71875 0.0732421875 0.0830078125 0.083984375
1 0.2744140625 0.5009765625 0.0732421875 0.0517578125
1 0.298828125 0.6787109375 0.083984375 0.0625
1 0.9921875 0.408203125 0.015625 0.044921875
1 0.3994140625 0.630859375 0.103515625 0.1220703125
1 0.875 0.3876953125 0.0458984375 0.1376953125
1 0.4912109375 0.083984375 0.1357421875 0.0732421875
1 0.6826171875 0.203125 0.0791015625 0.080078125
1 0.5048828125 0.037109375 0.0498046875 0.07421875
1 0.9150390625 0.673828125 0.08984375 0.1044921875
1 0.7099609375 0.744140625 0.06640625 0.08203125
1 0.4130859375 0.07421875 0.0947265625 0.09375
1 0.869140625 0.0419921875 0.0732421875 0.0771484375
1 0.94921875 0.20703125 0.05078125 0.0751953125
1 0.626953125 0.5458984375 0.111328125 0.0400390625
1 0.8271484375 0.427734375 0.05078125 0.091796875
1 0.8740234375 0.08984375 0.087890625 0.0556640625
1 0.1201171875 0.205078125 0.0693359375 0.064453125
1 0.40625 0.873046875 0.1005859375 0.037109375
1 0.2421875 0.9052734375 0.115234375 0.080078125
1 0.505859375 0.31640625 0.0322265625 0.0703125
1 0.3818359375 0.8154296875 0.068359375 0.056640625
1 0.7119140625 0.4453125 0.06640625 0.0869140625
1 0.4228515625 0.1298828125 0.08984375 0.0830078125
1 0.03515625 0.0986328125 0.0712890625 0.1025390625
1 0.9677734375 0.3349609375 0.0517578125 0.0546875
1 0.615234375 0.85546875 0.0908203125 0.04296875
1 0.9853515625 0.205078125 0.0283203125 0.080078125
1 0.7744140625 0.021484375 0.05078125 0.0439453125
1 0.9658203125 0.884765625 0.0537109375 0.052734375
1 0.53125 0.8330078125 0.1171875 0.103515625
1 0.7578125 0.66015625 0.080078125 0.068359375
1 0.9873046875 0.69921875 0.025390625 0.033203125
1 0.962890625 0.05078125 0.07421875 0.052734375
1 0.54296875 0.412109375 0.087890625 0.0537109375
1 0.7060546875 0.1396484375 0.1171875 0.0556640625
1 0.634765625 0.515625 0.08984375 0.0439453125
1 0.09375 0.5185546875 0.08203125 0.048828125
1 0.0615234375 0.041015625 0.115234375 0.08203125
1 0.98046875 0.5595703125 0.0380859375 0.0498046875
1 0.2509765625 0.1513671875 0.0712890625 0.046875
1 0.0283203125 0.4423828125 0.056640625 0.0498046875
1 0.068359375 0.7568359375 0.13671875 0.056640625
1 0.2314453125 0.724609375 0.0732421875 0.0390625
1 0.0908203125 0.9853515625 0.041015625 0.0283203125
1 0.7783203125 0.6318359375 0.1259765625 0.140625
1 0.6728515625 0.1064453125 0.06640625 0.05859375
1 0.525390625 0.69140625 0.15625 0.044921875
1 0.0703125 0.2783203125 0.08203125 0.0595703125
1 0.1142578125 0.80078125 0.0712890625 0.05078125
1 0.92578125 0.9296875 0.0595703125 0.029296875
1 0.515625 0.6201171875 0.1376953125 0.134765625
1 0.783203125 0.9716796875 0.0478515625 0.056640625
1 0.8515625 0.6416015625 0.064453125 0.068359375
1 0.9599609375 0.3681640625 0.0400390625 0.0703125
1 0.658203125 0.2958984375 0.1044921875 0.04296875
1 0.517578125 0.720703125 0.0927734375 0.03515625
1 0.50390625 0.84375 0.052734375 0.04296875
1 0.10546875 0.0244140625 0.0390625 0.0478515625
1 0.046875 0.806640625 0.0693359375 0.0361328125
1 0.16796875 0.9873046875 0.041015625 0.0244140625
1 0.015625 0.173828125 0.0322265625 0.044921875
1 0.1357421875 0.1767578125 0.0361328125 0.0595703125
1 0.1552734375 0.7158203125 0.1103515625 0.287109375
1 0.9306640625 0.41015625 0.091796875 0.0458984375
