1 0.7705078125 0.666015625 0.1474609375 0.2412109375
1 0.638671875 0.69921875 0.1005859375 0.1328125
1 0.16015625 0.9521484375 0.1904296875 0.078125
1 0.5830078125 0.6015625 0.251953125 0.18359375
1 0.9130859375 0.6025390625 0.125 0.0869140625
1 0.130859375 0.8564453125 0.1572265625 0.0771484375
1 0.5400390625 0.2099609375 0.1005859375 0.1162109375
1 0.8408203125 0.2763671875 0.12109375 0.08984375
1 0.9423828125 0.7451171875 0.115234375 0.2021484375
1 0.759765625 0.1220703125 0.1201171875 0.1396484375
1 0.2158203125 0.1015625 0.1708984375 0.0986328125
1 0.7763671875 0.4287109375 0.2158203125 0.083984375
1 0.1923828125 0.26171875 0.2021484375 0.09765625
1 0.2763671875 0.947265625 0.1298828125 0.068359375
1 0.0791015625 0.890625 0.1591796875 0.080078125
1 0.2646484375 0.171875 0.1005859375 0.041015625
1 0.32421875 0.150390625 0.0751953125 0.0927734375
1 0.87109375 0.3388671875 0.1025390625 0.0693359375
1 0.958984375 0.318359375 0.0751953125 0.0849609375
1 0.88671875 0.5361328125 0.1005859375 0.078125
1 0.751953125 0.736328125 0.080078125 0.1259765625
1 0.5302734375 0.8876953125 0.046875 0.0458984375
