1 0.9521484375 0.974609375 0.064453125 0.05078125
1 0.8798828125 0.869140625 0.05078125 0.046875
1 0.9111328125 0.7802734375 0.05078125 0.05078125
1 0.8857421875 0.716796875 0.05859375 0.0693359375
1 0.9521484375 0.7197265625 0.0654296875 0.0830078125
1 0.95703125 0.5830078125 0.0439453125 0.0537109375
1 0.9736328125 0.3037109375 0.0517578125 0.0751953125
1 0.93359375 0.326171875 0.0673828125 0.0625
1 0.8876953125 0.3349609375 0.041015625 0.052734375
1 0.9560546875 0.4296875 0.044921875 0.0634765625
1 0.771484375 0.2958984375 0.0703125 0.0615234375
1 0.876953125 0.1884765625 0.060546875 0.1259765625
1 0.91796875 0.248046875 0.0517578125 0.0771484375
1 0.8076171875 0.4755859375 0.0751953125 0.0537109375
1 0.830078125 0.5263671875 0.0625 0.0673828125
1 0.7607421875 0.3984375 0.0478515625 0.0546875
1 0.7734375 0.619140625 0.0595703125 0.0712890625
1 0.75 0.7177734375 0.0546875 0.072265625
1 0.7373046875 0.7861328125 0.0732421875 0.0556640625
1 0.625 0.7890625 0.076171875 0.05859375
1 0.5224609375 0.7890625 0.0751953125 0.0888671875
1 0.6162109375 0.7236328125 0.0673828125 0.0751953125
1 0.5244140625 0.609375 0.0654296875 0.0615234375
1 0.478515625 0.5224609375 0.05859375 0.05859375
1 0.525390625 0.4794921875 0.064453125 0.0615234375
1 0.5263671875 0.4150390625 0.0703125 0.0634765625
1 0.6103515625 0.466796875 0.0693359375 0.0888671875
1 0.650390625 0.5166015625 0.0625 0.05859375
1 0.685546875 0.4189453125 0.05859375 0.05859375
1 0.51953125 0.3681640625 0.068359375 0.06640625
1 0.4208984375 0.4169921875 0.0712890625 0.0498046875
1 0.322265625 0.34765625 0.08984375 0.0712890625
1 0.1943359375 0.3720703125 0.0869140625 0.052734375
1 0.2216796875 0.4814453125 0.06640625 0.0517578125
1 0.298828125 0.509765625 0.0693359375 0.05859375
1 0.2763671875 0.58203125 0.0966796875 0.048828125
1 0.2421875 0.6357421875 0.07421875 0.041015625
1 0.3955078125 0.716796875 0.08984375 0.0654296875
1 0.4140625 0.7919921875 0.08203125 0.0517578125
1 0.791015625 0.978515625 0.087890625 0.0419921875
1 0.7109375 0.9228515625 0.0576171875 0.056640625
1 0.6396484375 0.876953125 0.0634765625 0.0537109375
1 0.740234375 0.98046875 0.060546875 0.0390625
1 0.2529296875 0.841796875 0.060546875 0.0498046875
1 0.1884765625 0.806640625 0.0712890625 0.0537109375
1 0.0791015625 0.8349609375 0.080078125 0.052734375
1 0.0625 0.775390625 0.0908203125 0.0654296875
1 0.0283203125 0.9013671875 0.0576171875 0.052734375
1 0.1103515625 0.9287109375 0.0693359375 0.0439453125
1 0.05078125 0.55078125 0.08203125 0.0693359375
1 0.09765625 0.4638671875 0.0673828125 0.06640625
1 0.0380859375 0.4169921875 0.0771484375 0.0615234375
1 0.4150390625 0.2119140625 0.0810546875 0.15234375
1 0.7294921875 0.0615234375 0.0595703125 0.0654296875
1 0.2109375 0.033203125 0.0888671875 0.06640625
1 0.0732421875 0.025390625 0.0908203125 0.0517578125
1 0.6640625 0.3603515625 0.05859375 0.0634765625
1 0.40234375 0.4970703125 0.068359375 0.0712890625
1 0.3017578125 0.904296875 0.0576171875 0.056640625
1 0.263671875 0.9462890625 0.078125 0.0546875
1 0.1650390625 0.2041015625 0.0419921875 0.029296875
1 0.267578125 0.0283203125 0.0615234375 0.0576171875
1 0.21484375 0.4580078125 0.0693359375 0.06640625
