1 0.6962890625 0.62890625 0.0634765625 0.0947265625
1 0.3291015625 0.7099609375 0.0673828125 0.095703125
1 0.6181640625 0.5703125 0.07421875 0.087890625
1 0.849609375 0.9580078125 0.107421875 0.064453125
1 0.8271484375 0.3720703125 0.068359375 0.107421875
1 0.8701171875 0.634765625 0.1015625 0.1435546875
1 0.4677734375 0.5400390625 0.1435546875 0.0595703125
1 0.326171875 0.814453125 0.1201171875 0.0791015625
1 0.484375 0.1396484375 0.0908203125 0.1044921875
1 0.3017578125 0.4619140625 0.0703125 0.1240234375
1 0.2734375 0.5732421875 0.115234375 0.083984375
1 0.9619140625 0.435546875 0.076171875 0.072265625
1 0.08203125 0.1982421875 0.134765625 0.0966796875
1 0.0341796875 0.65234375 0.068359375 0.1064453125
1 0.65625 0.0546875 0.1201171875 0.107421875
1 0.8076171875 0.275390625 0.037109375 0.1064453125
1 0.7353515625 0.7490234375 0.1201171875 0.068359375
1 0.447265625 0.2392578125 0.1416015625 0.095703125
1 0.4697265625 0.849609375 0.0966796875 0.083984375
1 0.7421875 0.98046875 0.0791015625 0.0390625
1 0.646484375 0.3173828125 0.0791015625 0.0771484375
1 0.3154296875 0.3056640625 0.0908203125 0.08984375
1 0.1904296875 0.0263671875 0.064453125 0.0537109375
1 0.5732421875 0.9619140625 0.076171875 0.076171875
1 0.6142578125 0.966796875 0.0439453125 0.0615234375
1 0.203125 0.607421875 0.0830078125 0.087890625
1 0.873046875 0.5390625 0.0751953125 0.083984375
1 0.35546875 0.4248046875 0.08203125 0.1318359375
1 0.0810546875 0.626953125 0.09375 0.1142578125
1 0.041015625 0.4599609375 0.08203125 0.0732421875
1 0.255859375 0.7236328125 0.09375 0.060546875
1 0.9794921875 0.337890625 0.0400390625 0.072265625
1 0.9130859375 0.4951171875 0.1025390625 0.11328125
1 0.6689453125 0.0341796875 0.0595703125 0.068359375
1 0.60546875 0.1474609375 0.078125 0.13671875
1 0.9912109375 0.294921875 0.0166015625 0.0771484375
1 0.15625 0.5166015625 0.126953125 0.1064453125
1 0.4580078125 0.287109375 0.0869140625 0.1142578125
1 0.974609375 0.9736328125 0.05078125 0.0478515625
1 0.1279296875 0.2001953125 0.0693359375 0.0751953125
1 0.0302734375 0.291015625 0.060546875 0.0625
1 0.2197265625 0.8994140625 0.1015625 0.0615234375
1 0.15625 0.8916015625 0.09765625 0.1005859375
1 0.2373046875 0.1337890625 0.068359375 0.0380859375
1 0.7978515625 0.62109375 0.0537109375 0.064453125
1 0.146484375 0.728515625 0.10546875 0.05078125
1 0.400390625 0.1220703125 0.0673828125 0.087890625
1 0.490234375 0.9248046875 0.0595703125 0.0439453125
1 0.5791015625 0.0302734375 0.0556640625 0.060546875
1 0.02734375 0.8330078125 0.0556640625 0.06640625
1 0.263671875 0.3251953125 0.0947265625 0.0498046875
1 0.4609375 0.57421875 0.0791015625 0.0654296875
1 0.908203125 0.8115234375 0.04296875 0.1103515625
1 0.0634765625 0.5498046875 0.1279296875 0.0478515625
1 0.240234375 0.357421875 0.0673828125 0.041015625
1 0.2998046875 0.3876953125 0.0712890625 0.0810546875
1 0.08984375 0.9404296875 0.072265625 0.033203125
1 0.12890625 0.447265625 0.0966796875 0.068359375
1 0.4326171875 0.0771484375 0.1748046875 0.0400390625
1 0.89453125 0.7431640625 0.1376953125 0.056640625
1 0.4248046875 0.0146484375 0.0517578125 0.029296875
1 0.7880859375 0.1162109375 0.1044921875 0.0400390625
1 0.0478515625 0.2275390625 0.0830078125 0.0380859375
1 0.6376953125 0.2548828125 0.0634765625 0.09765625
1 0.9619140625 0.751953125 0.076171875 0.0361328125
1 0.982421875 0.5859375 0.0341796875 0.0654296875
1 0.6748046875 0.3076171875 0.0615234375 0.072265625
1 0.6171875 0.716796875 0.1064453125 0.0693359375
1 0.8896484375 0.08203125 0.0625 0.05078125
1 0.9794921875 0.533203125 0.0283203125 0.087890625
1 0.791015625 0.7041015625 0.0322265625 0.056640625
1 0.22265625 0.94921875 0.158203125 0.1015625
1 0.1376953125 0.3642578125 0.181640625 0.2041015625
