1 0.0849609375 0.6884765625 0.1318359375 0.0517578125
1 0.1396484375 0.7568359375 0.140625 0.060546875
1 0.1357421875 0.9501953125 0.126953125 0.0673828125
1 0.8515625 0.640625 0.1201171875 0.0673828125
1 0.2763671875 0.28515625 0.2197265625 0.05859375
1 0.1220703125 0.8125 0.095703125 0.0478515625
1 0.033203125 0.8486328125 0.0673828125 0.087890625
1 0.083984375 0.0634765625 0.115234375 0.0625
1 0.0166015625 0.0419921875 0.0341796875 0.0849609375
1 0.048828125 0.048828125 0.091796875 0.09765625
1 0.1435546875 0.85546875 0.0849609375 0.0546875
1 0.9599609375 0.82421875 0.080078125 0.0498046875
1 0.943359375 0.7421875 0.107421875 0.0546875
1 0.6591796875 0.63671875 0.0654296875 0.0546875
