1 0.8984375 0.0078125 0.0859375 0.015625
1 0.990234375 0.6240234375 0.01953125 0.1015625
1 0.958984375 0.2587890625 0.08203125 0.0888671875
1 0.8369140625 0.1826171875 0.09375 0.119140625
1 0.7060546875 0.3134765625 0.0693359375 0.10546875
1 0.6298828125 0.259765625 0.0859375 0.1591796875
1 0.7998046875 0.296875 0.0400390625 0.0595703125
1 0.7705078125 0.3974609375 0.0654296875 0.0556640625
1 0.8466796875 0.3994140625 0.0556640625 0.052734375
1 0.517578125 0.611328125 0.103515625 0.111328125
1 0.3623046875 0.57421875 0.068359375 0.0732421875
1 0.1904296875 0.515625 0.125 0.0888671875
1 0.126953125 0.287109375 0.1279296875 0.169921875
1 0.24609375 0.2373046875 0.078125 0.1611328125
1 0.38671875 0.357421875 0.0859375 0.2021484375
1 0.025390625 0.3525390625 0.05078125 0.1044921875
1 0.0751953125 0.0341796875 0.146484375 0.068359375
1 0.1376953125 0.0595703125 0.1328125 0.06640625
1 0.3798828125 0.0556640625 0.064453125 0.1123046875
1 0.34375 0.095703125 0.111328125 0.0654296875
1 0.7431640625 0.7783203125 0.0693359375 0.1279296875
1 0.56640625 0.7275390625 0.0712890625 0.0712890625
1 0.341796875 0.69140625 0.091796875 0.0849609375
1 0.2099609375 0.74609375 0.0703125 0.04296875
1 0.1357421875 0.7880859375 0.0732421875 0.1162109375
1 0.0283203125 0.7666015625 0.056640625 0.080078125
1 0.3974609375 0.7861328125 0.0615234375 0.05859375
1 0.4033203125 0.8984375 0.07421875 0.0791015625
1 0.205078125 0.890625 0.14453125 0.07421875
1 0.0185546875 0.9541015625 0.0380859375 0.060546875
1 0.0205078125 0.8564453125 0.041015625 0.0712890625
1 0.54296875 0.8212890625 0.0859375 0.0556640625
1 0.587890625 0.8818359375 0.04296875 0.125
1 0.7578125 0.8974609375 0.1201171875 0.1083984375
1 0.8857421875 0.935546875 0.125 0.0595703125
1 0.7177734375 0.9755859375 0.130859375 0.048828125
1 0.908203125 0.7763671875 0.0986328125 0.134765625
1 0.869140625 0.4560546875 0.0654296875 0.0625
1 0.984375 0.0869140625 0.03125 0.0927734375
1 0.2607421875 0.779296875 0.1572265625 0.166015625
