1 0.25390625 0.0576171875 0.0908203125 0.068359375
1 0.1904296875 0.5869140625 0.0712890625 0.099609375
1 0.5263671875 0.7158203125 0.0576171875 0.0947265625
1 0.2001953125 0.48828125 0.0693359375 0.0771484375
1 0.873046875 0.509765625 0.095703125 0.0703125
1 0.970703125 0.7470703125 0.0517578125 0.1005859375
1 0.955078125 0.14453125 0.0849609375 0.134765625
1 0.6044921875 0.8349609375 0.0693359375 0.083984375
1 0.146484375 0.3427734375 0.0947265625 0.119140625
1 0.9443359375 0.380859375 0.0751953125 0.099609375
1 0.87890625 0.1865234375 0.0693359375 0.0712890625
1 0.0498046875 0.0380859375 0.05078125 0.0771484375
1 0.0458984375 0.1318359375 0.091796875 0.109375
1 0.189453125 0.1337890625 0.048828125 0.1142578125
1 0.8203125 0.2197265625 0.091796875 0.0556640625
1 0.3681640625 0.419921875 0.0859375 0.1884765625
1 0.708984375 0.2841796875 0.0751953125 0.078125
1 0.658203125 0.45703125 0.0361328125 0.0751953125
1 0.0380859375 0.330078125 0.0771484375 0.111328125
1 0.494140625 0.2529296875 0.0859375 0.1025390625
1 0.759765625 0.37109375 0.0654296875 0.0927734375
1 0.6640625 0.5400390625 0.056640625 0.0703125
1 0.705078125 0.146484375 0.0576171875 0.1064453125
1 0.0146484375 0.5419921875 0.0302734375 0.14453125
1 0.435546875 0.1650390625 0.0380859375 0.083984375
1 0.7109375 0.5380859375 0.0419921875 0.1201171875
1 0.2802734375 0.6328125 0.1171875 0.083984375
1 0.9404296875 0.609375 0.109375 0.0625
1 0.296875 0.2900390625 0.1591796875 0.0634765625
1 0.8359375 0.787109375 0.1025390625 0.0546875
1 0.5478515625 0.03125 0.0400390625 0.0625
1 0.6162109375 0.953125 0.048828125 0.09375
1 0.0595703125 0.8857421875 0.1201171875 0.0732421875
1 0.658203125 0.19921875 0.048828125 0.09765625
1 0.876953125 0.41796875 0.0419921875 0.1279296875
1 0.884765625 0.041015625 0.037109375 0.0634765625
1 0.5703125 0.56640625 0.1728515625 0.0458984375
1 0.2265625 0.2470703125 0.1728515625 0.0498046875
1 0.0087890625 0.0205078125 0.0185546875 0.0361328125
1 0.1796875 0.9208984375 0.0732421875 0.0419921875
1 0.7734375 0.84375 0.0390625 0.0849609375
1 0.3447265625 0.8662109375 0.1064453125 0.078125
1 0.5234375 0.9765625 0.0517578125 0.046875
1 0.578125 0.248046875 0.07421875 0.0654296875
1 0.6142578125 0.7509765625 0.0771484375 0.03515625
1 0.8427734375 0.8251953125 0.09375 0.041015625
1 0.169921875 0.9736328125 0.0400390625 0.052734375
1 0.955078125 0.01171875 0.0478515625 0.0244140625
1 0.546875 0.109375 0.0390625 0.0517578125
1 0.28125 0.830078125 0.05859375 0.0419921875
1 0.41015625 0.017578125 0.03515625 0.03515625
1 0.251953125 0.947265625 0.0439453125 0.0322265625
1 0.447265625 0.4677734375 0.044921875 0.1015625
1 0.5478515625 0.662109375 0.0830078125 0.0380859375
1 0.029296875 0.984375 0.0595703125 0.03125
1 0.166015625 0.708984375 0.0439453125 0.0634765625
1 0.9873046875 0.3330078125 0.0244140625 0.0810546875
1 0.474609375 0.48828125 0.0283203125 0.083984375
1 0.6689453125 0.39453125 0.05078125 0.125
1 0.0390625 0.525390625 0.0458984375 0.0400390625
1 0.287109375 0.689453125 0.0390625 0.0478515625
1 0.7763671875 0.5888671875 0.0390625 0.1005859375
1 0.7275390625 0.42578125 0.0927734375 0.138671875
