1 0.0302734375 0.6181640625 0.0615234375 0.0693359375
1 0.125 0.6884765625 0.0751953125 0.05078125
1 0.107421875 0.5830078125 0.056640625 0.072265625
1 0.0537109375 0.4931640625 0.083984375 0.083984375
1 0.1435546875 0.5166015625 0.068359375 0.05859375
1 0.2236328125 0.5478515625 0.0771484375 0.05078125
1 0.3359375 0.5302734375 0.0947265625 0.0546875
1 0.251953125 0.642578125 0.0849609375 0.0615234375
1 0.208984375 0.755859375 0.099609375 0.0625
1 0.08984375 0.83984375 0.109375 0.0927734375
1 0.08203125 0.9228515625 0.0478515625 0.060546875
1 0.1298828125 0.9091796875 0.0703125 0.0615234375
1 0.1728515625 0.9677734375 0.068359375 0.0625
1 0.2578125 0.8564453125 0.0966796875 0.0673828125
1 0.345703125 0.9765625 0.1337890625 0.046875
1 0.353515625 0.8486328125 0.0791015625 0.060546875
1 0.4365234375 0.841796875 0.09765625 0.06640625
1 0.484375 0.857421875 0.0732421875 0.056640625
1 0.48828125 0.9130859375 0.1005859375 0.0537109375
1 0.412109375 0.9091796875 0.0517578125 0.0556640625
1 0.341796875 0.921875 0.06640625 0.0576171875
1 0.6103515625 0.814453125 0.0634765625 0.0537109375
1 0.65625 0.8896484375 0.0869140625 0.0947265625
1 0.4833984375 0.626953125 0.08203125 0.095703125
1 0.5478515625 0.533203125 0.076171875 0.083984375
1 0.5751953125 0.7255859375 0.0888671875 0.0595703125
1 0.7861328125 0.7099609375 0.08203125 0.076171875
1 0.9375 0.73828125 0.1162109375 0.1201171875
1 0.712890625 0.7880859375 0.091796875 0.056640625
1 0.8671875 0.8798828125 0.1748046875 0.0830078125
1 0.8671875 0.9169921875 0.1689453125 0.1064453125
1 0.5546875 0.9267578125 0.0439453125 0.0400390625
1 0.642578125 0.9580078125 0.06640625 0.046875
1 0.4228515625 0.4453125 0.099609375 0.072265625
1 0.3623046875 0.3955078125 0.0888671875 0.0556640625
1 0.1171875 0.3544921875 0.072265625 0.0625
1 0.0537109375 0.17578125 0.04296875 0.080078125
1 0.017578125 0.2265625 0.03515625 0.06640625
1 0.107421875 0.23828125 0.0556640625 0.0625
1 0.0634765625 0.03125 0.0703125 0.0625
1 0.294921875 0.0263671875 0.072265625 0.0537109375
1 0.1484375 0.1005859375 0.0751953125 0.080078125
1 0.1728515625 0.1396484375 0.0771484375 0.0458984375
1 0.2333984375 0.0859375 0.05859375 0.0517578125
1 0.2783203125 0.12109375 0.08984375 0.0693359375
1 0.1103515625 0.01953125 0.0673828125 0.0400390625
1 0.392578125 0.05078125 0.1240234375 0.1015625
1 0.5302734375 0.0302734375 0.0703125 0.0615234375
1 0.861328125 0.017578125 0.1279296875 0.0361328125
1 0.6787109375 0.0302734375 0.0810546875 0.060546875
1 0.5556640625 0.123046875 0.0556640625 0.0634765625
1 0.5234375 0.2119140625 0.052734375 0.123046875
1 0.416015625 0.29296875 0.146484375 0.0751953125
1 0.3388671875 0.17578125 0.0517578125 0.0546875
1 0.390625 0.1728515625 0.0908203125 0.078125
1 0.318359375 0.2431640625 0.1376953125 0.080078125
1 0.2080078125 0.3193359375 0.0869140625 0.091796875
1 0.2744140625 0.326171875 0.0498046875 0.0615234375
1 0.6162109375 0.349609375 0.0810546875 0.0498046875
1 0.6123046875 0.42578125 0.0595703125 0.0498046875
1 0.6416015625 0.486328125 0.1162109375 0.060546875
1 0.7578125 0.4951171875 0.0673828125 0.0673828125
1 0.693359375 0.5361328125 0.0859375 0.0439453125
1 0.720703125 0.583984375 0.099609375 0.083984375
1 0.9345703125 0.4951171875 0.11328125 0.0576171875
1 0.873046875 0.3642578125 0.068359375 0.064453125
1 0.779296875 0.3955078125 0.05859375 0.0693359375
1 0.693359375 0.357421875 0.0693359375 0.0908203125
1 0.9052734375 0.3828125 0.1064453125 0.103515625
1 0.9296875 0.4267578125 0.1396484375 0.0791015625
1 0.646484375 0.25 0.0556640625 0.068359375
1 0.6396484375 0.1748046875 0.15625 0.064453125
1 0.7109375 0.2255859375 0.095703125 0.06640625
1 0.7294921875 0.2529296875 0.0517578125 0.0546875
1 0.8388671875 0.2529296875 0.1103515625 0.076171875
1 0.775390625 0.2421875 0.060546875 0.060546875
1 0.9150390625 0.267578125 0.0517578125 0.0673828125
1 0.8125 0.326171875 0.1005859375 0.07421875
1 0.96875 0.2587890625 0.0556640625 0.080078125
1 0.9775390625 0.189453125 0.0439453125 0.07421875
1 0.83984375 0.1611328125 0.1064453125 0.0625
1 0.9150390625 0.1767578125 0.0634765625 0.060546875
1 0.935546875 0.0615234375 0.1279296875 0.0537109375
1 0.0673828125 0.9638671875 0.078125 0.072265625
1 0.1875 0.2978515625 0.0576171875 0.048828125
1 0.1875 0.3603515625 0.0693359375 0.0361328125
1 0.1640625 0.474609375 0.0390625 0.0498046875
1 0.0595703125 0.4580078125 0.08984375 0.0859375
1 0.837890625 0.0615234375 0.0595703125 0.052734375
