1 0.3916015625 0.07421875 0.078125 0.080078125
1 0.5673828125 0.150390625 0.072265625 0.0673828125
1 0.515625 0.486328125 0.09765625 0.07421875
1 0.2275390625 0.40625 0.130859375 0.0927734375
1 0.806640625 0.126953125 0.076171875 0.08203125
1 0.6328125 0.9404296875 0.0986328125 0.0908203125
1 0.052734375 0.537109375 0.10546875 0.0771484375
1 0.134765625 0.2607421875 0.0703125 0.0517578125
1 0.703125 0.14453125 0.0322265625 0.083984375
1 0.81640625 0.796875 0.0830078125 0.048828125
1 0.5302734375 0.185546875 0.0712890625 0.0478515625
1 0.9560546875 0.916015625 0.072265625 0.0634765625
1 0.4208984375 0.5859375 0.0791015625 0.044921875
1 0.6357421875 0.337890625 0.064453125 0.0625
1 0.55859375 0.9482421875 0.0693359375 0.0751953125
1 0.396484375 0.42578125 0.076171875 0.0546875
1 0.501953125 0.25 0.05859375 0.0361328125
1 0.1494140625 0.64599609375 0.1158203125 0.03369140625
1 0.1005859375 0.8583984375 0.1044921875 0.056640625
1 0.1171875 0.9775390625 0.05078125 0.044921875
1 0.8681640625 0.865234375 0.0615234375 0.080078125
1 0.25 0.9794921875 0.095703125 0.0400390625
1 0.3212890625 0.7705078125 0.142578125 0.0556640625
1 0.9013671875 0.146484375 0.0654296875 0.0302734375
1 0.857421875 0.2421875 0.0556640625 0.056640625
1 0.8984375 0.185546875 0.0654296875 0.0693359375
1 0.81640625 0.705078125 0.0546875 0.0634765625
1 0.005859375 0.59765625 0.0126953125 0.0263671875
1 0.2548828125 0.5634765625 0.1123046875 0.0654296875
1 0.4150390625 0.4951171875 0.048828125 0.0322265625
1 0.5830078125 0.3984375 0.0244140625 0.0869140625
1 0.57421875 0.5634765625 0.0771484375 0.0576171875
1 0.5673828125 0.3974609375 0.0283203125 0.0859375
1 0.8369140625 0.390625 0.0888671875 0.04296875
1 0.0419921875 0.990234375 0.083984375 0.0185546875
1 0.4150390625 0.837890625 0.0703125 0.0419921875
1 0.7451171875 0.265625 0.06640625 0.033203125
1 0.416015625 0.626953125 0.0791015625 0.0419921875
1 0.013671875 0.37890625 0.02734375 0.041015625
1 0.1669921875 0.4130859375 0.0634765625 0.044921875
1 0.7255859375 0.076171875 0.0537109375 0.0322265625
1 0.7314453125 0.54296875 0.05859375 0.048828125
1 0.9296875 0.4189453125 0.0732421875 0.0302734375
1 0.9482421875 0.2158203125 0.0458984375 0.0439453125
1 0.53935546875 0.66005859375 0.09765624999999994 0.04140624999999998
1 0.1953125 0.2265625 0.07421875 0.0439453125
1 0.4521484375 0.29296875 0.048828125 0.0234375
1 0.642578125 0.69140625 0.08984375 0.07421875
1 0.9716796875 0.494140625 0.056640625 0.0576171875
1 0.1240234375 0.8173828125 0.0625 0.03125
1 0.9169921875 0.0341796875 0.037109375 0.05078125
1 0.220703125 0.3037109375 0.0458984375 0.033203125
1 0.51171875 0.017578125 0.060546875 0.03515625
1 0.6669921875 0.015625 0.048828125 0.03125
1 0.771484375 0.3095703125 0.0283203125 0.052734375
1 0.69921875 0.6484375 0.0537109375 0.048828125
1 0.732421875 0.859375 0.0537109375 0.0341796875
1 0.15625 0.25390625 0.0595703125 0.0537109375
1 0.1103515625 0.3828125 0.0654296875 0.0341796875
1 0.2294921875 0.734375 0.0556640625 0.064453125
1 0.6318359375 0.552734375 0.060546875 0.04296875
1 0.513671875 0.384765625 0.0498046875 0.03515625
1 0.3486328125 0.2666015625 0.0439453125 0.046875
1 0.806640625 0.98828125 0.033203125 0.0185546875
1 0.5 0.6611328125 0.078125 0.0380859375
1 0.4267578125 0.396484375 0.0908203125 0.0439453125
