1 0.388671875 0.9306640625 0.07421875 0.083984375
1 0.76171875 0.955078125 0.0634765625 0.0888671875
1 0.9521484375 0.17578125 0.0537109375 0.0810546875
1 0.7724609375 0.8125 0.0703125 0.0927734375
1 0.6259765625 0.4736328125 0.1318359375 0.0478515625
1 0.4658203125 0.3251953125 0.0634765625 0.0791015625
1 0.37109375 0.7587890625 0.068359375 0.1044921875
1 0.43359375 0.3583984375 0.0830078125 0.0869140625
1 0.2587890625 0.9609375 0.1201171875 0.0673828125
1 0.4140625 0.1337890625 0.072265625 0.0751953125
1 0.3876953125 0.357421875 0.0673828125 0.0849609375
1 0.32421875 0.443359375 0.0859375 0.056640625
1 0.0859375 0.771484375 0.0830078125 0.048828125
1 0.05859375 0.826171875 0.091796875 0.123046875
1 0.548828125 0.751953125 0.048828125 0.091796875
1 0.4375 0.544921875 0.0771484375 0.0498046875
1 0.20703125 0.9609375 0.0771484375 0.0732421875
1 0.27734375 0.814453125 0.1357421875 0.0458984375
1 0.5849609375 0.353515625 0.07421875 0.0625
1 0.5537109375 0.212890625 0.068359375 0.05078125
1 0.291015625 0.7587890625 0.0908203125 0.0986328125
1 0.3017578125 0.2001953125 0.05078125 0.060546875
1 0.9521484375 0.6904296875 0.0537109375 0.0634765625
1 0.16796875 0.546875 0.076171875 0.0341796875
1 0.51171875 0.12109375 0.1162109375 0.0927734375
1 0.0146484375 0.3349609375 0.0302734375 0.1259765625
1 0.306640625 0.3359375 0.068359375 0.0810546875
1 0.703125 0.1103515625 0.041015625 0.1005859375
1 0.6728515625 0.541015625 0.0712890625 0.0439453125
1 0.1494140625 0.95703125 0.0625 0.0458984375
1 0.3291015625 0.4853515625 0.0712890625 0.0439453125
1 0.1015625 0.1494140625 0.0615234375 0.0615234375
1 0.1298828125 0.4111328125 0.0859375 0.0673828125
1 0.9580078125 0.33984375 0.052734375 0.0517578125
1 0.3759765625 0.123046875 0.0654296875 0.10546875
1 0.8525390625 0.025390625 0.0322265625 0.0517578125
1 0.5791015625 0.7509765625 0.0673828125 0.13671875
1 0.5107421875 0.5341796875 0.0537109375 0.0302734375
1 0.916015625 0.466796875 0.072265625 0.0634765625
1 0.814453125 0.1708984375 0.04296875 0.078125
1 0.224609375 0.3740234375 0.05078125 0.0615234375
1 0.76171875 0.5048828125 0.0771484375 0.0712890625
1 0.6162109375 0.3525390625 0.0341796875 0.0693359375
1 0.98046875 0.7548828125 0.0380859375 0.0400390625
1 0.490234375 0.6904296875 0.0810546875 0.0361328125
1 0.79296875 0.140625 0.0927734375 0.07421875
1 0.703125 0.982421875 0.0390625 0.0341796875
1 0.5615234375 0.9208984375 0.0546875 0.1171875
1 0.6455078125 0.814453125 0.060546875 0.06640625
1 0.765625 0.6162109375 0.046875 0.0478515625
1 0.0849609375 0.9873046875 0.05078125 0.0244140625
1 0.0205078125 0.2490234375 0.041015625 0.0498046875
1 0.865234375 0.2294921875 0.041015625 0.060546875
1 0.5771484375 0.9912109375 0.0439453125 0.0166015625
1 0.0322265625 0.9697265625 0.0537109375 0.060546875
1 0.0849609375 0.8369140625 0.064453125 0.08984375
1 0.814453125 0.5302734375 0.0439453125 0.0654296875
1 0.5009765625 0.7373046875 0.0654296875 0.068359375
1 0.748046875 0.4951171875 0.1025390625 0.0927734375
1 0.048828125 0.1337890625 0.02734375 0.0615234375
1 0.48828125 0.4970703125 0.0458984375 0.0654296875
1 0.904296875 0.59375 0.052734375 0.0517578125
1 0.6083984375 0.9716796875 0.08203125 0.056640625
