1 0.017578125 0.119140625 0.03515625 0.0986328125
1 0.4423828125 0.0302734375 0.0615234375 0.060546875
1 0.9677734375 0.0283203125 0.0634765625 0.056640625
1 0.0703125 0.23828125 0.0634765625 0.0810546875
1 0.1044921875 0.3515625 0.072265625 0.0634765625
1 0.146484375 0.4873046875 0.1015625 0.11328125
1 0.2822265625 0.533203125 0.0546875 0.05078125
1 0.2275390625 0.5390625 0.052734375 0.05859375
1 0.171875 0.62890625 0.072265625 0.046875
1 0.244140625 0.68359375 0.08203125 0.0751953125
1 0.501953125 0.546875 0.0732421875 0.08203125
1 0.6435546875 0.6474609375 0.1064453125 0.083984375
1 0.572265625 0.533203125 0.0712890625 0.0771484375
1 0.482421875 0.3427734375 0.0830078125 0.05859375
1 0.4345703125 0.267578125 0.080078125 0.0400390625
1 0.3056640625 0.25 0.0634765625 0.0439453125
1 0.544921875 0.1650390625 0.0703125 0.0546875
1 0.712890625 0.291015625 0.0703125 0.0888671875
1 0.7783203125 0.341796875 0.0849609375 0.0595703125
1 0.9150390625 0.3095703125 0.0673828125 0.0791015625
1 0.888671875 0.216796875 0.078125 0.060546875
1 0.8056640625 0.1689453125 0.0517578125 0.0693359375
1 0.6845703125 0.4873046875 0.0576171875 0.1025390625
1 0.7734375 0.4990234375 0.07421875 0.072265625
1 0.8486328125 0.5302734375 0.0615234375 0.083984375
1 0.9150390625 0.5322265625 0.07421875 0.1025390625
1 0.96875 0.5263671875 0.0625 0.087890625
1 0.9560546875 0.43359375 0.0869140625 0.0810546875
1 0.193359375 0.9736328125 0.087890625 0.052734375
1 0.6337890625 0.962890625 0.10546875 0.07421875
1 0.466796875 0.8916015625 0.08984375 0.08203125
1 0.3955078125 0.7822265625 0.126953125 0.0615234375
1 0.1552734375 0.7958984375 0.0869140625 0.0830078125
1 0.1279296875 0.7275390625 0.0947265625 0.0546875
1 0.5458984375 0.7509765625 0.080078125 0.0576171875
1 0.7255859375 0.814453125 0.1171875 0.091796875
1 0.84375 0.7646484375 0.0615234375 0.0771484375
1 0.9775390625 0.90234375 0.044921875 0.044921875
1 0.501953125 0.4072265625 0.109375 0.1044921875
1 0.8251953125 0.6083984375 0.076171875 0.064453125
1 0.8193359375 0.6533203125 0.078125 0.0693359375
1 0.8388671875 0.1494140625 0.0712890625 0.0478515625
1 0.1630859375 0.8984375 0.076171875 0.0654296875
1 0.1552734375 0.5654296875 0.0966796875 0.05078125
1 0.1875 0.2333984375 0.0615234375 0.0947265625
1 0.2451171875 0.1318359375 0.056640625 0.0625
1 0.0302734375 0.193359375 0.0615234375 0.056640625
1 0.248046875 0.8671875 0.06640625 0.0380859375
