1 0.8740234375 0.796875 0.08203125 0.0947265625
1 0.9833984375 0.7841796875 0.0322265625 0.060546875
1 0.9052734375 0.9599609375 0.0888671875 0.0595703125
1 0.8857421875 0.1611328125 0.05859375 0.0810546875
1 0.9560546875 0.83984375 0.0869140625 0.0888671875
1 0.66796875 0.861328125 0.068359375 0.0810546875
1 0.3984375 0.4501953125 0.0966796875 0.0712890625
1 0.6474609375 0.4873046875 0.0888671875 0.080078125
1 0.541015625 0.2548828125 0.06640625 0.07421875
1 0.4423828125 0.236328125 0.1240234375 0.111328125
1 0.41015625 0.072265625 0.0810546875 0.0771484375
1 0.1767578125 0.298828125 0.09375 0.068359375
1 0.3505859375 0.3017578125 0.076171875 0.0927734375
1 0.1484375 0.357421875 0.09765625 0.068359375
1 0.517578125 0.9521484375 0.0546875 0.0830078125
1 0.20703125 0.7021484375 0.0673828125 0.0693359375
1 0.8427734375 0.171875 0.0830078125 0.0703125
1 0.0703125 0.140625 0.0703125 0.0517578125
1 0.701171875 0.0380859375 0.0888671875 0.0693359375
1 0.884765625 0.396484375 0.0537109375 0.09375
1 0.4462890625 0.142578125 0.080078125 0.064453125
1 0.55078125 0.1669921875 0.0966796875 0.0830078125
1 0.076171875 0.53125 0.0859375 0.072265625
1 0.9345703125 0.283203125 0.099609375 0.0556640625
1 0.654296875 0.9375 0.0947265625 0.0390625
1 0.8955078125 0.0439453125 0.064453125 0.0732421875
1 0.2763671875 0.1875 0.0888671875 0.056640625
1 0.8427734375 0.494140625 0.0546875 0.060546875
1 0.6494140625 0.2841796875 0.064453125 0.068359375
1 0.833984375 0.287109375 0.08203125 0.0693359375
1 0.78515625 0.1298828125 0.046875 0.06640625
1 0.4189453125 0.4970703125 0.0771484375 0.0546875
1 0.2216796875 0.248046875 0.0673828125 0.0478515625
1 0.4365234375 0.6923828125 0.0546875 0.0625
1 0.9736328125 0.58984375 0.052734375 0.0908203125
1 0.345703125 0.7705078125 0.0849609375 0.0693359375
1 0.728515625 0.1435546875 0.0556640625 0.07421875
1 0.5185546875 0.91015625 0.09375 0.056640625
1 0.072265625 0.75 0.1396484375 0.0595703125
1 0.8017578125 0.9638671875 0.0341796875 0.0654296875
1 0.9736328125 0.693359375 0.052734375 0.0322265625
1 0.2421875 0.3076171875 0.087890625 0.087890625
1 0.1962890625 0.18359375 0.076171875 0.05078125
1 0.728515625 0.3857421875 0.0556640625 0.041015625
1 0.849609375 0.6865234375 0.0537109375 0.0498046875
1 0.1748046875 0.134765625 0.126953125 0.1142578125
1 0.626953125 0.20703125 0.09765625 0.09765625
1 0.521484375 0.6240234375 0.068359375 0.0517578125
1 0.837890625 0.9697265625 0.0478515625 0.029296875
1 0.0830078125 0.626953125 0.115234375 0.0400390625
1 0.2646484375 0.935546875 0.044921875 0.0390625
1 0.021484375 0.8427734375 0.0439453125 0.0478515625
1 0.1083984375 0.2822265625 0.05859375 0.0419921875
1 0.2099609375 0.9111328125 0.08984375 0.041015625
1 0.5693359375 0.0107421875 0.0439453125 0.0224609375
1 0.166015625 0.654296875 0.068359375 0.1015625
1 0.505859375 0.109375 0.044921875 0.0400390625
1 0.482421875 0.857421875 0.0498046875 0.0546875
1 0.578125 0.650390625 0.072265625 0.0361328125
