1 0.53515625 0.8369140625 0.08984375 0.123046875
1 0.7685546875 0.421875 0.107421875 0.099609375
1 0.4619140625 0.091796875 0.080078125 0.08984375
1 0.96484375 0.2216796875 0.0703125 0.115234375
1 0.833984375 0.224609375 0.0751953125 0.115234375
1 0.6484375 0.427734375 0.087890625 0.1181640625
1 0.6845703125 0.52734375 0.080078125 0.115234375
1 0.505859375 0.3603515625 0.08984375 0.1513671875
1 0.91796875 0.490234375 0.1630859375 0.1279296875
1 0.521484375 0.4638671875 0.0849609375 0.0849609375
1 0.59375 0.095703125 0.0849609375 0.11328125
1 0.681640625 0.701171875 0.0849609375 0.0849609375
1 0.7744140625 0.7734375 0.109375 0.107421875
1 0.9267578125 0.7041015625 0.1044921875 0.1005859375
1 0.646484375 0.662109375 0.0751953125 0.080078125
1 0.4775390625 0.8447265625 0.0615234375 0.1005859375
1 0.748046875 0.1943359375 0.0576171875 0.10546875
1 0.8427734375 0.0390625 0.0625 0.068359375
1 0.8837890625 0.0947265625 0.0517578125 0.0654296875
1 0.599609375 0.32421875 0.0556640625 0.041015625
