1 0.736328125 0.2021484375 0.14453125 0.1083984375
1 0.66015625 0.2919921875 0.1669921875 0.125
1 0.5634765625 0.4296875 0.1181640625 0.150390625
1 0.9658203125 0.416015625 0.0673828125 0.1171875
1 0.0712890625 0.443359375 0.125 0.255859375
1 0.1982421875 0.2412109375 0.103515625 0.1416015625
1 0.3603515625 0.3095703125 0.142578125 0.130859375
1 0.021484375 0.1083984375 0.0439453125 0.13671875
1 0.0185546875 0.734375 0.037109375 0.15625
1 0.197265625 0.8212890625 0.09765625 0.12890625
1 0.6240234375 0.7783203125 0.1357421875 0.1484375
1 0.88671875 0.7802734375 0.123046875 0.130859375
1 0.5078125 0.0166015625 0.130859375 0.033203125
1 0.1328125 0.083984375 0.08984375 0.0927734375
1 0.0390625 0.2939453125 0.078125 0.1064453125
1 0.669921875 0.044921875 0.0712890625 0.0908203125
1 0.5830078125 0.0947265625 0.052734375 0.091796875
1 0.4384765625 0.1767578125 0.083984375 0.06640625
1 0.46484375 0.375 0.0615234375 0.134765625
1 0.6875 0.4736328125 0.1005859375 0.228515625
1 0.84765625 0.63671875 0.08984375 0.1083984375
1 0.53125 0.7099609375 0.0419921875 0.1015625
1 0.3486328125 0.6240234375 0.0859375 0.07421875
1 0.2587890625 0.6533203125 0.0771484375 0.0712890625
1 0.3271484375 0.546875 0.05078125 0.05859375
1 0.4248046875 0.736328125 0.0986328125 0.1181640625
1 0.3662109375 0.876953125 0.07421875 0.095703125
1 0.556640625 0.9130859375 0.0712890625 0.111328125
1 0.41796875 0.958984375 0.05859375 0.0810546875
1 0.7666015625 0.900390625 0.0615234375 0.1083984375
1 0.8466796875 0.9501953125 0.0576171875 0.09375
1 0.9228515625 0.0244140625 0.087890625 0.0498046875
1 0.9150390625 0.1064453125 0.064453125 0.119140625
1 0.97265625 0.3193359375 0.0537109375 0.080078125
1 0.0634765625 0.96484375 0.041015625 0.06640625
1 0.037109375 0.9296875 0.07421875 0.1396484375
1 0.07421875 0.5791015625 0.0966796875 0.0849609375
