1 0.0517578125 0.0771484375 0.1044921875 0.05078125
1 0.2734375 0.052734375 0.064453125 0.10546875
1 0.51171875 0.064453125 0.138671875 0.1298828125
1 0.337890625 0.1875 0.068359375 0.07421875
1 0.5390625 0.2275390625 0.0517578125 0.0703125
1 0.63671875 0.1953125 0.0478515625 0.068359375
1 0.8271484375 0.2998046875 0.1103515625 0.130859375
1 0.765625 0.072265625 0.052734375 0.05078125
1 0.0283203125 0.7939453125 0.056640625 0.11328125
1 0.044921875 0.9169921875 0.0908203125 0.09765625
1 0.138671875 0.9208984375 0.072265625 0.060546875
1 0.2333984375 0.876953125 0.1376953125 0.091796875
1 0.189453125 0.77734375 0.0732421875 0.14453125
1 0.08984375 0.7490234375 0.076171875 0.1298828125
1 0.1630859375 0.6220703125 0.1083984375 0.1162109375
1 0.052734375 0.466796875 0.10546875 0.0732421875
1 0.296875 0.390625 0.08984375 0.080078125
1 0.4462890625 0.578125 0.1201171875 0.0615234375
1 0.5888671875 0.4404296875 0.1064453125 0.0498046875
1 0.771484375 0.5703125 0.119140625 0.1123046875
1 0.822265625 0.4560546875 0.08984375 0.08203125
1 0.73828125 0.416015625 0.056640625 0.05859375
1 0.583984375 0.76171875 0.0947265625 0.1025390625
1 0.4990234375 0.78125 0.0634765625 0.0986328125
1 0.4765625 0.890625 0.05859375 0.0654296875
1 0.4208984375 0.9052734375 0.0703125 0.0771484375
1 0.35546875 0.9521484375 0.052734375 0.0654296875
1 0.6435546875 0.9384765625 0.0478515625 0.0859375
1 0.6982421875 0.94140625 0.09765625 0.1171875
1 0.7890625 0.9228515625 0.0751953125 0.080078125
1 0.62109375 0.8583984375 0.0771484375 0.0693359375
1 0.828125 0.7236328125 0.087890625 0.119140625
1 0.669921875 0.6220703125 0.0517578125 0.0830078125
1 0.66015625 0.5419921875 0.078125 0.0693359375
1 0.5966796875 0.619140625 0.0576171875 0.0712890625
1 0.0322265625 0.546875 0.064453125 0.072265625
1 0.49609375 0.6494140625 0.05078125 0.0654296875
