1 0.1650390625 0.9638671875 0.103515625 0.0712890625
1 0.2666015625 0.771484375 0.1318359375 0.091796875
1 0.15234375 0.796875 0.06640625 0.078125
1 0.1220703125 0.7119140625 0.0849609375 0.060546875
1 0.0380859375 0.6787109375 0.0693359375 0.091796875
1 0.0185546875 0.484375 0.037109375 0.072265625
1 0.013671875 0.3974609375 0.0283203125 0.0615234375
1 0.140625 0.43359375 0.115234375 0.0634765625
1 0.0625 0.505859375 0.0546875 0.03515625
1 0.3017578125 0.6171875 0.11328125 0.193359375
1 0.15234375 0.5703125 0.0849609375 0.064453125
1 0.32421875 0.4150390625 0.0693359375 0.1142578125
1 0.59765625 0.5009765625 0.2666015625 0.0888671875
1 0.55859375 0.5869140625 0.1484375 0.072265625
1 0.67578125 0.59375 0.060546875 0.09375
1 0.490234375 0.7578125 0.0888671875 0.0888671875
1 0.501953125 0.9716796875 0.0478515625 0.0556640625
1 0.375 0.97265625 0.12890625 0.0546875
1 0.6083984375 0.7607421875 0.0712890625 0.0947265625
1 0.65234375 0.849609375 0.0869140625 0.072265625
1 0.7158203125 0.7919921875 0.08203125 0.0615234375
1 0.787109375 0.8134765625 0.1064453125 0.150390625
1 0.7392578125 0.689453125 0.103515625 0.08203125
1 0.7666015625 0.5859375 0.087890625 0.1591796875
1 0.771484375 0.9697265625 0.060546875 0.0595703125
1 0.9248046875 0.8603515625 0.0791015625 0.2294921875
1 0.9794921875 0.736328125 0.0400390625 0.185546875
1 0.0419921875 0.283203125 0.083984375 0.0576171875
1 0.1767578125 0.318359375 0.0751953125 0.0498046875
1 0.2509765625 0.33203125 0.072265625 0.123046875
1 0.171875 0.169921875 0.09765625 0.115234375
1 0.212890625 0.09765625 0.0751953125 0.0625
1 0.4541015625 0.1708984375 0.18359375 0.1650390625
1 0.705078125 0.216796875 0.0908203125 0.0673828125
1 0.6884765625 0.3408203125 0.1376953125 0.095703125
1 0.8095703125 0.33984375 0.1044921875 0.091796875
1 0.880859375 0.26953125 0.1064453125 0.1328125
1 0.970703125 0.3203125 0.05859375 0.0791015625
1 0.919921875 0.458984375 0.083984375 0.087890625
1 0.6123046875 0.080078125 0.0791015625 0.1435546875
1 0.7890625 0.1220703125 0.0986328125 0.1123046875
1 0.8955078125 0.04296875 0.0712890625 0.0869140625
1 0.974609375 0.0947265625 0.05078125 0.07421875
1 0.98828125 0.0078125 0.0224609375 0.015625
1 0.4482421875 0.009765625 0.1318359375 0.01953125
1 0.33203125 0.029296875 0.109375 0.05859375
1 0.25 0.01171875 0.068359375 0.0234375
1 0.982421875 0.9443359375 0.0341796875 0.111328125
1 0.802734375 0.44921875 0.1005859375 0.1123046875
1 0.763671875 0.0341796875 0.0927734375 0.068359375
