1 0.0185546875 0.337890625 0.0380859375 0.087890625
1 0.123046875 0.3720703125 0.0712890625 0.1005859375
1 0.30859375 0.087890625 0.1005859375 0.0810546875
1 0.4677734375 0.2060546875 0.0859375 0.08203125
1 0.6123046875 0.240234375 0.0888671875 0.103515625
1 0.73046875 0.0615234375 0.076171875 0.0869140625
1 0.41796875 0.0302734375 0.0615234375 0.060546875
1 0.3369140625 0.27734375 0.08984375 0.08203125
1 0.359375 0.4384765625 0.1064453125 0.0947265625
1 0.1416015625 0.2255859375 0.087890625 0.060546875
1 0.5537109375 0.4169921875 0.0556640625 0.103515625
1 0.677734375 0.4365234375 0.0888671875 0.0908203125
1 0.7392578125 0.5146484375 0.0810546875 0.0771484375
1 0.4912109375 0.6162109375 0.0771484375 0.0849609375
1 0.16015625 0.6298828125 0.0859375 0.138671875
1 0.0380859375 0.5146484375 0.076171875 0.1005859375
1 0.0458984375 0.8720703125 0.0634765625 0.1044921875
1 0.0888671875 0.8134765625 0.0830078125 0.1025390625
1 0.30859375 0.923828125 0.0732421875 0.11328125
1 0.1328125 0.9482421875 0.1396484375 0.1025390625
1 0.611328125 0.978515625 0.111328125 0.04296875
1 0.392578125 0.923828125 0.078125 0.0859375
1 0.2841796875 0.7626953125 0.130859375 0.134765625
1 0.4580078125 0.7587890625 0.140625 0.1083984375
1 0.796875 0.78515625 0.1806640625 0.0810546875
1 0.7978515625 0.9658203125 0.0751953125 0.068359375
1 0.9013671875 0.8798828125 0.107421875 0.107421875
1 0.9208984375 0.33203125 0.083984375 0.0654296875
1 0.5419921875 0.7177734375 0.083984375 0.0859375
1 0.041015625 0.9912109375 0.046875 0.0166015625
1 0.8447265625 0.02734375 0.056640625 0.0546875
1 0.78515625 0.2099609375 0.06640625 0.080078125
1 0.625 0.138671875 0.0888671875 0.0556640625
1 0.7626953125 0.71484375 0.0830078125 0.0751953125
