1 0.9248046875 0.9482421875 0.056640625 0.0859375
1 0.6494140625 0.6640625 0.048828125 0.0849609375
1 0.0068359375 0.38671875 0.0146484375 0.0986328125
1 0.845703125 0.369140625 0.0986328125 0.076171875
1 0.17578125 0.8046875 0.0927734375 0.072265625
1 0.0849609375 0.77734375 0.1015625 0.060546875
1 0.4404296875 0.0732421875 0.0693359375 0.05859375
1 0.611328125 0.1650390625 0.1162109375 0.0224609375
1 0.7431640625 0.7744140625 0.072265625 0.0732421875
1 0.474609375 0.8037109375 0.0517578125 0.05859375
1 0.3876953125 0.259765625 0.119140625 0.0419921875
1 0.4384765625 0.9462890625 0.025390625 0.072265625
1 0.4091796875 0.341796875 0.05859375 0.068359375
1 0.2666015625 0.857421875 0.091796875 0.03125
1 0.462890625 0.5537109375 0.064453125 0.0615234375
1 0.4482421875 0.4765625 0.0458984375 0.072265625
1 0.349609375 0.8203125 0.150390625 0.080078125
1 0.708984375 0.380859375 0.044921875 0.0810546875
1 0.0234375 0.47265625 0.0478515625 0.0439453125
1 0.333984375 0.181640625 0.0537109375 0.0771484375
1 0.4814453125 0.794921875 0.0478515625 0.0556640625
1 0.5078125 0.767578125 0.05078125 0.0361328125
1 0.833984375 0.154296875 0.0263671875 0.05078125
1 0.193359375 0.248046875 0.1494140625 0.115234375
1 0.158203125 0.4296875 0.037109375 0.048828125
1 0.03515625 0.90234375 0.0703125 0.0517578125
1 0.609375 0.5224609375 0.1533203125 0.0556640625
1 0.7197265625 0.32421875 0.099609375 0.091796875
1 0.7890625 0.107421875 0.0576171875 0.0234375
1 0.6806640625 0.7900390625 0.072265625 0.0439453125
1 0.314453125 0.12109375 0.091796875 0.0322265625
1 0.5615234375 0.759765625 0.0263671875 0.0595703125
1 0.1396484375 0.13671875 0.048828125 0.05859375
1 0.6083984375 0.1181640625 0.1357421875 0.03515625
1 0.0283203125 0.146484375 0.0576171875 0.04296875
1 0.8564453125 0.22265625 0.1796875 0.072265625
1 0.759765625 0.7392578125 0.0556640625 0.03515625
1 0.0087890625 0.9619140625 0.0185546875 0.0556640625
1 0.107421875 0.9814453125 0.1162109375 0.0361328125
1 0.1904296875 0.552734375 0.142578125 0.076171875
1 0.537109375 0.01171875 0.05078125 0.021484375
1 0.09375 0.859375 0.0908203125 0.037109375
1 0.6806640625 0.6103515625 0.06640625 0.0341796875
1 0.7470703125 0.0947265625 0.0693359375 0.02734375
1 0.0361328125 0.9775390625 0.0732421875 0.02734375
1 0.4296875 0.9443359375 0.095703125 0.091796875
1 0.759765625 0.9248046875 0.09375 0.029296875
1 0.57421875 0.87109375 0.0283203125 0.05859375
1 0.7353515625 0.955078125 0.04296875 0.0849609375
1 0.0732421875 0.1337890625 0.0791015625 0.0830078125
1 0.9755859375 0.3115234375 0.0439453125 0.0361328125
1 0.0888671875 0.8173828125 0.087890625 0.0185546875
1 0.0234375 0.6513671875 0.0478515625 0.0322265625
1 0.126953125 0.4482421875 0.056640625 0.046875
1 0.74609375 0.7939453125 0.05859375 0.0439453125
1 0.97265625 0.443359375 0.0537109375 0.0390625
1 0.833984375 0.7294921875 0.029296875 0.03515625
1 0.060546875 0.40625 0.0966796875 0.0439453125
1 0.6201171875 0.0166015625 0.033203125 0.033203125
1 0.876953125 0.0498046875 0.037109375 0.0322265625
1 0.525390625 0.5078125 0.0654296875 0.0439453125
1 0.1015625 0.7705078125 0.0703125 0.05859375
1 0.9052734375 0.5361328125 0.0595703125 0.0439453125
1 0.9072265625 0.294921875 0.0302734375 0.0478515625
1 0.2421875 0.181640625 0.076171875 0.0537109375
1 0.947265625 0.0693359375 0.10546875 0.0400390625
1 0.98046875 0.0693359375 0.037109375 0.05859375
