1 0.41015625 0.490234375 0.064453125 0.0810546875
1 0.4375 0.2783203125 0.0615234375 0.095703125
1 0.0537109375 0.3115234375 0.107421875 0.06640625
1 0.3349609375 0.9453125 0.080078125 0.083984375
1 0.2041015625 0.2568359375 0.0732421875 0.0732421875
1 0.970703125 0.4248046875 0.0576171875 0.076171875
1 0.9677734375 0.3310546875 0.0634765625 0.08984375
1 0.4697265625 0.84765625 0.1337890625 0.0966796875
1 0.2578125 0.0830078125 0.115234375 0.0517578125
1 0.3642578125 0.0380859375 0.078125 0.0771484375
1 0.513671875 0.6005859375 0.1005859375 0.1103515625
1 0.5556640625 0.9140625 0.109375 0.0751953125
1 0.88671875 0.7490234375 0.15625 0.11328125
1 0.0322265625 0.3740234375 0.064453125 0.083984375
1 0.1650390625 0.978515625 0.123046875 0.0419921875
1 0.9111328125 0.5791015625 0.1669921875 0.107421875
1 0.2431640625 0.5302734375 0.1005859375 0.09375
1 0.48046875 0.0693359375 0.0908203125 0.09375
1 0.6953125 0.5859375 0.1796875 0.0830078125
1 0.6552734375 0.931640625 0.1181640625 0.095703125
1 0.62890625 0.8671875 0.1240234375 0.0537109375
1 0.6005859375 0.8154296875 0.1220703125 0.0947265625
1 0.744140625 0.8671875 0.0927734375 0.0849609375
1 0.794921875 0.8427734375 0.1201171875 0.0673828125
1 0.6962890625 0.736328125 0.15625 0.080078125
1 0.576171875 0.6923828125 0.083984375 0.064453125
1 0.505859375 0.724609375 0.12109375 0.0654296875
1 0.4951171875 0.7646484375 0.1025390625 0.0693359375
1 0.9658203125 0.0576171875 0.0673828125 0.1162109375
