1 0.3076171875 0.8798828125 0.2109375 0.18359375
1 0.1767578125 0.9833984375 0.130859375 0.033203125
1 0.1328125 0.978515625 0.1669921875 0.04296875
1 0.009765625 0.849609375 0.0205078125 0.138671875
1 0.044921875 0.4033203125 0.08984375 0.115234375
1 0.029296875 0.2412109375 0.05859375 0.0732421875
1 0.1064453125 0.341796875 0.1533203125 0.171875
1 0.2353515625 0.560546875 0.1650390625 0.1455078125
1 0.4091796875 0.541015625 0.111328125 0.232421875
1 0.4296875 0.4091796875 0.0732421875 0.166015625
1 0.4619140625 0.33203125 0.09375 0.0849609375
1 0.6240234375 0.46484375 0.0888671875 0.2421875
1 0.119140625 0.173828125 0.2021484375 0.1328125
1 0.228515625 0.115234375 0.107421875 0.130859375
1 0.5361328125 0.1640625 0.103515625 0.0927734375
1 0.642578125 0.11328125 0.08203125 0.0908203125
1 0.916015625 0.98046875 0.0966796875 0.0390625
1 0.6669921875 0.8828125 0.2265625 0.0908203125
1 0.73046875 0.75 0.126953125 0.0908203125
1 0.7705078125 0.66796875 0.0654296875 0.044921875
1 0.583984375 0.705078125 0.0810546875 0.0576171875
1 0.939453125 0.4951171875 0.0810546875 0.0693359375
1 0.7265625 0.3466796875 0.0634765625 0.1328125
1 0.6044921875 0.291015625 0.0693359375 0.0654296875
1 0.810546875 0.267578125 0.0810546875 0.1826171875
1 0.91015625 0.2705078125 0.0634765625 0.154296875
1 0.900390625 0.3779296875 0.060546875 0.1044921875
1 0.9521484375 0.8876953125 0.08984375 0.111328125
1 0.787109375 0.3642578125 0.0625 0.0849609375
1 0.2314453125 0.302734375 0.1640625 0.138671875
1 0.3154296875 0.740234375 0.2353515625 0.1123046875
1 0.0166015625 0.087890625 0.0341796875 0.13671875
