1 0.48828125 0.0966796875 0.123046875 0.0947265625
1 0.8955078125 0.5498046875 0.1025390625 0.08984375
1 0.9794921875 0.6484375 0.0400390625 0.087890625
1 0.1240234375 0.818359375 0.0908203125 0.087890625
1 0.23046875 0.0244140625 0.0869140625 0.0498046875
1 0.2783203125 0.087890625 0.126953125 0.1025390625
1 0.0947265625 0.57421875 0.08984375 0.0654296875
1 0.61328125 0.14453125 0.08203125 0.0703125
1 0.3642578125 0.6669921875 0.0703125 0.064453125
1 0.814453125 0.3974609375 0.1298828125 0.0673828125
1 0.1728515625 0.6240234375 0.0732421875 0.0654296875
1 0.45703125 0.6552734375 0.095703125 0.0673828125
1 0.9619140625 0.400390625 0.0751953125 0.0771484375
1 0.9501953125 0.9228515625 0.0673828125 0.0478515625
1 0.833984375 0.51171875 0.0751953125 0.0546875
1 0.529296875 0.2890625 0.099609375 0.0947265625
1 0.7001953125 0.1396484375 0.0869140625 0.080078125
1 0.41796875 0.7587890625 0.0771484375 0.0654296875
1 0.240234375 0.341796875 0.0966796875 0.08984375
1 0.650390625 0.88671875 0.1376953125 0.1103515625
1 0.76953125 0.8056640625 0.119140625 0.078125
1 0.4970703125 0.4013671875 0.109375 0.0947265625
1 0.052734375 0.9453125 0.0830078125 0.0771484375
1 0.6865234375 0.50390625 0.1142578125 0.0693359375
1 0.4794921875 0.2275390625 0.0546875 0.0478515625
1 0.47265625 0.9755859375 0.072265625 0.0478515625
1 0.9638671875 0.8037109375 0.072265625 0.0498046875
