1 0.36328125 0.0283203125 0.068359375 0.0576171875
1 0.1572265625 0.0283203125 0.1044921875 0.0576171875
1 0.044921875 0.03125 0.0751953125 0.0625
1 0.1982421875 0.17578125 0.115234375 0.1123046875
1 0.3046875 0.1689453125 0.0869140625 0.1416015625
1 0.3984375 0.060546875 0.126953125 0.0888671875
1 0.5302734375 0.046875 0.078125 0.05859375
1 0.5927734375 0.064453125 0.0654296875 0.072265625
1 0.0439453125 0.4111328125 0.0830078125 0.1220703125
1 0.0673828125 0.55078125 0.0771484375 0.1025390625
1 0.216796875 0.6337890625 0.068359375 0.1171875
1 0.349609375 0.611328125 0.087890625 0.138671875
1 0.4052734375 0.44140625 0.0908203125 0.06640625
1 0.5673828125 0.4228515625 0.10546875 0.072265625
1 0.6298828125 0.3583984375 0.05859375 0.0703125
1 0.548828125 0.2939453125 0.056640625 0.0625
1 0.4521484375 0.3076171875 0.0576171875 0.0556640625
1 0.376953125 0.197265625 0.0556640625 0.0556640625
1 0.76171875 0.1513671875 0.06640625 0.1484375
1 0.6923828125 0.01171875 0.09375 0.0244140625
1 0.8896484375 0.0224609375 0.0439453125 0.0458984375
1 0.9443359375 0.0810546875 0.06640625 0.1337890625
1 0.986328125 0.1171875 0.02734375 0.091796875
1 0.9775390625 0.2138671875 0.044921875 0.12109375
1 0.873046875 0.3359375 0.08984375 0.09375
1 0.912109375 0.4228515625 0.0693359375 0.052734375
1 0.5537109375 0.619140625 0.1015625 0.0712890625
1 0.4443359375 0.7724609375 0.1142578125 0.16015625
1 0.5908203125 0.8447265625 0.095703125 0.0439453125
1 0.5537109375 0.943359375 0.1083984375 0.11328125
1 0.435546875 0.9365234375 0.1494140625 0.076171875
1 0.19140625 0.859375 0.076171875 0.091796875
1 0.15625 0.875 0.048828125 0.05078125
1 0.0634765625 0.8251953125 0.0615234375 0.0751953125
1 0.1435546875 0.96875 0.07421875 0.0615234375
1 0.837890625 0.7060546875 0.068359375 0.068359375
1 0.9091796875 0.7470703125 0.1015625 0.072265625
1 0.8115234375 0.87890625 0.07421875 0.115234375
1 0.9375 0.8974609375 0.06640625 0.0810546875
1 0.962890625 0.8837890625 0.0732421875 0.0615234375
1 0.974609375 0.85546875 0.05078125 0.091796875
1 0.884765625 0.5576171875 0.0625 0.09375
1 0.5556640625 0.1298828125 0.0986328125 0.0439453125
1 0.44140625 0.1162109375 0.05859375 0.0576171875
1 0.10546875 0.408203125 0.05859375 0.060546875
1 0.1845703125 0.736328125 0.0654296875 0.0927734375
1 0.2822265625 0.7392578125 0.103515625 0.076171875
1 0.291015625 0.826171875 0.06640625 0.0625
