1 0.5517578125 0.935546875 0.0869140625 0.0576171875
1 0.3671875 0.642578125 0.091796875 0.0712890625
1 0.1005859375 0.42578125 0.11328125 0.0830078125
1 0.9443359375 0.6884765625 0.0830078125 0.05078125
1 0.654296875 0.0498046875 0.0751953125 0.0712890625
1 0.6416015625 0.154296875 0.09765625 0.060546875
1 0.1962890625 0.30859375 0.087890625 0.0556640625
1 0.2138671875 0.91015625 0.1328125 0.09375
1 0.875 0.9501953125 0.1025390625 0.060546875
1 0.451171875 0.775390625 0.1201171875 0.0498046875
1 0.3671875 0.1142578125 0.1259765625 0.05078125
1 0.1435546875 0.9521484375 0.1328125 0.083984375
1 0.37890625 0.51171875 0.1083984375 0.1533203125
1 0.658203125 0.23828125 0.1171875 0.0654296875
1 0.5810546875 0.59765625 0.130859375 0.0546875
1 0.1083984375 0.8857421875 0.1513671875 0.0751953125
1 0.09765625 0.7451171875 0.119140625 0.0439453125
1 0.5537109375 0.806640625 0.119140625 0.091796875
1 0.302734375 0.134765625 0.0390625 0.08203125
1 0.8603515625 0.1982421875 0.091796875 0.0439453125
1 0.2939453125 0.845703125 0.1337890625 0.048828125
1 0.771484375 0.0703125 0.064453125 0.0576171875
1 0.4716796875 0.10546875 0.138671875 0.046875
1 0.1826171875 0.03515625 0.15625 0.0673828125
1 0.40625 0.171875 0.1630859375 0.0869140625
1 0.55859375 0.453125 0.0888671875 0.0302734375
1 0.0546875 0.767578125 0.109375 0.0654296875
1 0.5302734375 0.345703125 0.1005859375 0.0537109375
1 0.517578125 0.38671875 0.1376953125 0.04296875
1 0.9892578125 0.1025390625 0.0205078125 0.041015625
1 0.4658203125 0.6376953125 0.0556640625 0.033203125
1 0.986328125 0.2255859375 0.02734375 0.0390625
1 0.8681640625 0.80078125 0.09375 0.02734375
1 0.19140625 0.427734375 0.0888671875 0.033203125
1 0.2255859375 0.2216796875 0.12890625 0.0458984375
1 0.6181640625 0.947265625 0.107421875 0.0595703125
1 0.7802734375 0.9833984375 0.076171875 0.0283203125
1 0.8271484375 0.5341796875 0.0830078125 0.0439453125
1 0.1015625 0.03125 0.0693359375 0.044921875
1 0.1630859375 0.072265625 0.134765625 0.0419921875
1 0.16015625 0.5126953125 0.0908203125 0.048828125
1 0.9404296875 0.8310546875 0.109375 0.03515625
1 0.982421875 0.0205078125 0.0341796875 0.0419921875
1 0.9033203125 0.451171875 0.0537109375 0.033203125
1 0.8681640625 0.4111328125 0.0703125 0.0400390625
1 0.693359375 0.935546875 0.0927734375 0.0390625
1 0.1455078125 0.09765625 0.1669921875 0.0390625
1 0.859375 0.4931640625 0.1162109375 0.05859375
1 0.9287109375 0.3857421875 0.1416015625 0.0458984375
1 0.916015625 0.943359375 0.0673828125 0.048828125
1 0.3056640625 0.2763671875 0.0947265625 0.0419921875
1 0.1884765625 0.162109375 0.1162109375 0.0419921875
1 0.986328125 0.634765625 0.02734375 0.041015625
1 0.6376953125 0.533203125 0.1220703125 0.033203125
1 0.6455078125 0.48828125 0.068359375 0.0322265625
1 0.92578125 0.0263671875 0.0537109375 0.0517578125
1 0.919921875 0.431640625 0.0576171875 0.0498046875
1 0.4169921875 0.2236328125 0.0654296875 0.0361328125
1 0.9833984375 0.96875 0.033203125 0.056640625
1 0.2158203125 0.82421875 0.134765625 0.048828125
1 0.3984375 0.9150390625 0.1142578125 0.0478515625
1 0.982421875 0.4033203125 0.0341796875 0.044921875
1 0.826171875 0.8662109375 0.1015625 0.0458984375
1 0.98046875 0.4990234375 0.0390625 0.025390625
1 0.5693359375 0.4296875 0.0732421875 0.0166015625
1 0.75 0.791015625 0.1044921875 0.04296875
1 0.9677734375 0.443359375 0.0283203125 0.05859375
1 0.4658203125 0.544921875 0.0888671875 0.044921875
1 0.892578125 0.259765625 0.1005859375 0.05078125
1 0.384765625 0.9052734375 0.0791015625 0.037109375
1 0.0166015625 0.220703125 0.0341796875 0.029296875
1 0.8154296875 0.2177734375 0.0654296875 0.0244140625
1 0.7431640625 0.763671875 0.126953125 0.04296875
1 0.75390625 0.845703125 0.0908203125 0.041015625
1 0.162109375 0.3916015625 0.083984375 0.0400390625
1 0.306640625 0.419921875 0.076171875 0.03515625
1 0.0927734375 0.5 0.1142578125 0.0537109375
1 0.095703125 0.7216796875 0.115234375 0.0380859375
1 0.5166015625 0.826171875 0.09375 0.0341796875
1 0.619140625 0.552734375 0.123046875 0.029296875
1 0.4541015625 0.9775390625 0.1103515625 0.033203125
1 0.4599609375 0.9912109375 0.0732421875 0.017578125
1 0.611328125 0.865234375 0.1328125 0.052734375
1 0.61328125 0.8916015625 0.1044921875 0.0302734375
1 0.56640625 0.91015625 0.0927734375 0.044921875
1 0.4912109375 0.1142578125 0.1083984375 0.03515625
