1 0.8935546875 0.013671875 0.1376953125 0.02734375
1 0.7919921875 0.8505859375 0.07421875 0.087890625
1 0.64453125 0.3154296875 0.0859375 0.072265625
1 0.828125 0.6904296875 0.0927734375 0.1181640625
1 0.9462890625 0.1533203125 0.0849609375 0.123046875
1 0.873046875 0.2958984375 0.1171875 0.08203125
1 0.80078125 0.248046875 0.107421875 0.087890625
1 0.8291015625 0.9423828125 0.0908203125 0.115234375
1 0.9404296875 0.7958984375 0.0927734375 0.09765625
1 0.7744140625 0.392578125 0.1201171875 0.0576171875
1 0.650390625 0.685546875 0.0869140625 0.0927734375
1 0.8564453125 0.0693359375 0.0849609375 0.064453125
1 0.6904296875 0.734375 0.0830078125 0.080078125
1 0.859375 0.16796875 0.1201171875 0.0673828125
1 0.9345703125 0.095703125 0.115234375 0.04296875
1 0.931640625 0.1259765625 0.1142578125 0.0625
1 0.7373046875 0.798828125 0.044921875 0.0498046875
1 0.8955078125 0.8330078125 0.0771484375 0.072265625
