1 0.2470703125 0.2685546875 0.09375 0.0908203125
1 0.447265625 0.287109375 0.0810546875 0.1171875
1 0.044921875 0.9765625 0.048828125 0.0458984375
1 0.328125 0.53125 0.083984375 0.1162109375
1 0.59765625 0.4130859375 0.09375 0.0869140625
1 0.0224609375 0.8857421875 0.044921875 0.099609375
1 0.09765625 0.5341796875 0.0859375 0.1123046875
1 0.6689453125 0.29296875 0.0859375 0.080078125
1 0.4033203125 0.07421875 0.0830078125 0.0732421875
1 0.7431640625 0.6630859375 0.126953125 0.083984375
1 0.41796875 0.4384765625 0.0888671875 0.068359375
1 0.7978515625 0.75390625 0.1357421875 0.11328125
1 0.126953125 0.1611328125 0.12109375 0.0751953125
1 0.54296875 0.0673828125 0.1005859375 0.0849609375
1 0.251953125 0.451171875 0.083984375 0.0849609375
1 0.5166015625 0.9697265625 0.064453125 0.060546875
1 0.7060546875 0.255859375 0.0673828125 0.0791015625
1 0.384765625 0.310546875 0.072265625 0.0625
1 0.3251953125 0.1982421875 0.0927734375 0.083984375
1 0.1875 0.2080078125 0.0986328125 0.0615234375
