1 0.4716796875 0.462890625 0.0849609375 0.1376953125
1 0.19921875 0.7939453125 0.115234375 0.0771484375
1 0.08203125 0.9111328125 0.1044921875 0.0869140625
1 0.8603515625 0.7802734375 0.1220703125 0.1318359375
1 0.1591796875 0.455078125 0.2197265625 0.1513671875
1 0.095703125 0.68359375 0.189453125 0.1103515625
1 0.912109375 0.9365234375 0.1748046875 0.107421875
1 0.896484375 0.4765625 0.1650390625 0.1806640625
1 0.470703125 0.857421875 0.1298828125 0.1279296875
1 0.75390625 0.5615234375 0.1396484375 0.1845703125
1 0.84375 0.625 0.1904296875 0.1220703125
1 0.4521484375 0.10546875 0.125 0.2080078125
1 0.3984375 0.5048828125 0.08984375 0.1259765625
1 0.033203125 0.208984375 0.06640625 0.244140625
1 0.6513671875 0.3017578125 0.078125 0.0908203125
1 0.30859375 0.376953125 0.119140625 0.2412109375
1 0.8505859375 0.0732421875 0.197265625 0.142578125
1 0.94921875 0.20703125 0.1015625 0.11328125
1 0.3583984375 0.359375 0.09375 0.109375
1 0.9853515625 0.6923828125 0.0283203125 0.0771484375
1 0.2197265625 0.0205078125 0.0966796875 0.0419921875
1 0.8193359375 0.0302734375 0.0732421875 0.0556640625
