1 0.2509765625 0.13671875 0.056640625 0.0732421875
1 0.3486328125 0.1103515625 0.083984375 0.0947265625
1 0.4765625 0.119140625 0.095703125 0.0595703125
1 0.408203125 0.248046875 0.083984375 0.1015625
1 0.26171875 0.2080078125 0.0830078125 0.0654296875
1 0.19140625 0.2333984375 0.0810546875 0.0458984375
1 0.0830078125 0.2353515625 0.08984375 0.0498046875
1 0.0537109375 0.2802734375 0.10546875 0.09375
1 0.1689453125 0.2880859375 0.1376953125 0.0556640625
1 0.2978515625 0.3037109375 0.103515625 0.0595703125
1 0.314453125 0.2578125 0.0634765625 0.041015625
1 0.4677734375 0.3271484375 0.080078125 0.0556640625
1 0.5419921875 0.2978515625 0.0771484375 0.0390625
1 0.5380859375 0.318359375 0.05859375 0.037109375
1 0.634765625 0.228515625 0.076171875 0.0947265625
1 0.75390625 0.046875 0.0732421875 0.09375
1 0.7041015625 0.0498046875 0.0576171875 0.0908203125
1 0.787109375 0.169921875 0.0791015625 0.0947265625
1 0.9296875 0.142578125 0.0693359375 0.099609375
1 0.96875 0.1064453125 0.0625 0.0927734375
1 0.96484375 0.0263671875 0.0703125 0.046875
1 0.9423828125 0.5185546875 0.1142578125 0.1025390625
1 0.8505859375 0.634765625 0.158203125 0.08203125
1 0.970703125 0.6474609375 0.0576171875 0.0498046875
1 0.9794921875 0.7197265625 0.041015625 0.0732421875
1 0.9033203125 0.7568359375 0.0810546875 0.0712890625
1 0.7177734375 0.716796875 0.0791015625 0.056640625
1 0.66015625 0.623046875 0.0546875 0.07421875
1 0.421875 0.6318359375 0.0625 0.0771484375
1 0.26171875 0.544921875 0.078125 0.06640625
1 0.18359375 0.564453125 0.087890625 0.05859375
1 0.0234375 0.5654296875 0.046875 0.064453125
1 0.1748046875 0.7314453125 0.1259765625 0.06640625
1 0.1572265625 0.765625 0.0595703125 0.04296875
1 0.0732421875 0.7578125 0.0908203125 0.0703125
1 0.14453125 0.6923828125 0.087890625 0.064453125
1 0.3134765625 0.7373046875 0.07421875 0.0537109375
1 0.2158203125 0.7998046875 0.0673828125 0.0478515625
1 0.181640625 0.84375 0.0927734375 0.0458984375
1 0.23046875 0.8857421875 0.1318359375 0.060546875
1 0.134765625 0.921875 0.07421875 0.080078125
1 0.0498046875 0.955078125 0.099609375 0.0498046875
1 0.3095703125 0.9384765625 0.072265625 0.0537109375
1 0.4599609375 0.9365234375 0.08203125 0.09375
1 0.6005859375 0.9326171875 0.1416015625 0.134765625
1 0.662109375 0.9677734375 0.0908203125 0.064453125
1 0.724609375 0.9267578125 0.103515625 0.0693359375
1 0.79296875 0.97265625 0.0791015625 0.0537109375
1 0.7431640625 0.84375 0.1015625 0.080078125
1 0.5859375 0.78515625 0.083984375 0.08203125
1 0.44921875 0.7822265625 0.0888671875 0.0625
1 0.50390625 0.7099609375 0.0927734375 0.068359375
1 0.490234375 0.7470703125 0.1103515625 0.0537109375
1 0.5244140625 0.833984375 0.0654296875 0.0634765625
1 0.9755859375 0.82421875 0.0478515625 0.078125
1 0.9453125 0.9296875 0.0703125 0.0439453125
1 0.1064453125 0.482421875 0.0458984375 0.0419921875
1 0.1494140625 0.3837890625 0.0576171875 0.0478515625
1 0.21484375 0.361328125 0.0537109375 0.05078125
1 0.0712890625 0.2158203125 0.091796875 0.0400390625
