1 0.5654296875 0.1416015625 0.15234375 0.0654296875
1 0.462890625 0.212890625 0.107421875 0.0673828125
1 0.5703125 0.421875 0.0830078125 0.08984375
1 0.640625 0.271484375 0.08203125 0.0751953125
1 0.8427734375 0.1953125 0.1474609375 0.1376953125
1 0.0341796875 0.11328125 0.0693359375 0.052734375
1 0.59765625 0.673828125 0.0869140625 0.0595703125
1 0.73828125 0.4482421875 0.08203125 0.0625
1 0.603515625 0.9658203125 0.048828125 0.068359375
1 0.69140625 0.7021484375 0.0595703125 0.044921875
1 0.484375 0.4306640625 0.064453125 0.04296875
1 0.6884765625 0.328125 0.08203125 0.072265625
1 0.7939453125 0.2109375 0.1201171875 0.0625
1 0.533203125 0.1162109375 0.1025390625 0.0625
1 0.876953125 0.0400390625 0.080078125 0.0771484375
1 0.931640625 0.03515625 0.1044921875 0.0673828125
