1 0.7490234375 0.048828125 0.0849609375 0.0654296875
1 0.658203125 0.818359375 0.111328125 0.05078125
1 0.0693359375 0.1953125 0.1162109375 0.0615234375
1 0.298828125 0.4501953125 0.0849609375 0.0595703125
1 0.5361328125 0.23046875 0.111328125 0.0625
1 0.8046875 0.2021484375 0.06640625 0.060546875
1 0.494140625 0.9287109375 0.1015625 0.0654296875
1 0.3564453125 0.3173828125 0.1220703125 0.0517578125
1 0.3515625 0.2607421875 0.107421875 0.064453125
1 0.10546875 0.9521484375 0.1064453125 0.041015625
1 0.9736328125 0.8837890625 0.052734375 0.044921875
1 0.0556640625 0.328125 0.109375 0.0537109375
1 0.958984375 0.5087890625 0.08203125 0.05859375
1 0.5068359375 0.486328125 0.0830078125 0.05859375
1 0.6884765625 0.2509765625 0.1064453125 0.0537109375
1 0.5361328125 0.263671875 0.0908203125 0.0673828125
1 0.4462890625 0.494140625 0.0634765625 0.0595703125
1 0.822265625 0.552734375 0.05859375 0.06640625
1 0.6328125 0.0283203125 0.0517578125 0.0537109375
1 0.3818359375 0.205078125 0.111328125 0.06640625
1 0.97265625 0.060546875 0.0546875 0.04296875
1 0.1005859375 0.7197265625 0.0947265625 0.044921875
1 0.0390625 0.1357421875 0.078125 0.0546875
1 0.9296875 0.5625 0.103515625 0.05078125
1 0.67578125 0.337890625 0.0654296875 0.0517578125
1 0.587890625 0.8564453125 0.080078125 0.0400390625
1 0.3515625 0.9423828125 0.1015625 0.0419921875
1 0.1474609375 0.8076171875 0.14453125 0.078125
1 0.7548828125 0.251953125 0.1005859375 0.0771484375
1 0.138671875 0.8388671875 0.068359375 0.0556640625
1 0.904296875 0.078125 0.083984375 0.0439453125
1 0.884765625 0.33203125 0.05859375 0.041015625
1 0.630859375 0.6201171875 0.08984375 0.0546875
1 0.0341796875 0.0244140625 0.0673828125 0.041015625
1 0.408203125 0.865234375 0.11328125 0.0498046875
1 0.466796875 0.7177734375 0.107421875 0.0322265625
1 0.5126953125 0.0244140625 0.1376953125 0.0380859375
1 0.64453125 0.4189453125 0.1083984375 0.048828125
1 0.177734375 0.4609375 0.080078125 0.0732421875
1 0.740234375 0.46875 0.0693359375 0.0302734375
1 0.2392578125 0.2080078125 0.142578125 0.0625
1 0.07421875 0.6083984375 0.1396484375 0.041015625
1 0.4384765625 0.9814453125 0.11328125 0.0361328125
1 0.98046875 0.6494140625 0.0390625 0.0263671875
1 0.6943359375 0.94140625 0.0791015625 0.03515625
1 0.55078125 0.8896484375 0.1279296875 0.0498046875
1 0.412109375 0.6201171875 0.115234375 0.0302734375
1 0.3681640625 0.8994140625 0.0908203125 0.0341796875
1 0.70703125 0.5126953125 0.0751953125 0.0615234375
1 0.974609375 0.388671875 0.05078125 0.0302734375
1 0.298828125 0.82421875 0.1328125 0.0478515625
1 0.0205078125 0.439453125 0.0400390625 0.03125
1 0.134765625 0.419921875 0.1416015625 0.12890625
1 0.0537109375 0.5478515625 0.1083984375 0.06640625
1 0.21484375 0.6240234375 0.080078125 0.0439453125
1 0.845703125 0.6728515625 0.099609375 0.060546875
1 0.0234375 0.2314453125 0.0478515625 0.0732421875
1 0.287109375 0.9716796875 0.11328125 0.021484375
1 0.5693359375 0.943359375 0.052734375 0.025390625
1 0.4228515625 0.5947265625 0.1298828125 0.0625
1 0.685546875 0.9267578125 0.099609375 0.0361328125
1 0.1337890625 0.5595703125 0.0849609375 0.0361328125
