1 0.0810546875 0.037109375 0.095703125 0.0751953125
1 0.2021484375 0.8125 0.111328125 0.064453125
1 0.486328125 0.0830078125 0.087890625 0.0751953125
1 0.201171875 0.65234375 0.1015625 0.0458984375
1 0.6875 0.7109375 0.109375 0.0615234375
1 0.6845703125 0.47265625 0.09375 0.0439453125
1 0.326171875 0.27734375 0.099609375 0.0654296875
1 0.4677734375 0.7001953125 0.0966796875 0.0908203125
1 0.05859375 0.7060546875 0.109375 0.044921875
1 0.359375 0.4189453125 0.0810546875 0.0546875
1 0.6748046875 0.1806640625 0.13671875 0.06640625
1 0.85546875 0.3251953125 0.1103515625 0.0654296875
1 0.5029296875 0.3310546875 0.1201171875 0.048828125
1 0.630859375 0.0283203125 0.0849609375 0.0556640625
1 0.345703125 0.9677734375 0.1123046875 0.0576171875
1 0.4306640625 0.5302734375 0.0947265625 0.0361328125
1 0.94921875 0.6923828125 0.1015625 0.0615234375
1 0.6875 0.3720703125 0.1298828125 0.0869140625
1 0.98828125 0.173828125 0.0234375 0.0400390625
1 0.95703125 0.353515625 0.0810546875 0.0537109375
1 0.6240234375 0.3681640625 0.1123046875 0.0537109375
1 0.9072265625 0.15234375 0.083984375 0.048828125
1 0.3779296875 0.6962890625 0.0849609375 0.0400390625
1 0.498046875 0.19921875 0.08203125 0.037109375
1 0.5107421875 0.4462890625 0.0703125 0.0498046875
1 0.833984375 0.7216796875 0.0947265625 0.033203125
1 0.224609375 0.111328125 0.08984375 0.037109375
1 0.7626953125 0.9658203125 0.1064453125 0.0546875
1 0.1240234375 0.169921875 0.1279296875 0.05078125
1 0.40234375 0.76171875 0.0888671875 0.041015625
1 0.3671875 0.78515625 0.140625 0.0478515625
1 0.341796875 0.4677734375 0.091796875 0.044921875
1 0.865234375 0.404296875 0.083984375 0.046875
1 0.5234375 0.681640625 0.140625 0.037109375
1 0.87890625 0.77734375 0.103515625 0.0546875
1 0.4873046875 0.0166015625 0.06640625 0.0341796875
1 0.1806640625 0.51953125 0.109375 0.03515625
1 0.908203125 0.4423828125 0.115234375 0.037109375
1 0.77734375 0.869140625 0.0771484375 0.0419921875
1 0.9716796875 0.544921875 0.056640625 0.02734375
1 0.0546875 0.767578125 0.109375 0.0322265625
1 0.77734375 0.037109375 0.123046875 0.0732421875
1 0.779296875 0.373046875 0.0849609375 0.0498046875
1 0.7958984375 0.16015625 0.0947265625 0.0625
1 0.0390625 0.0673828125 0.078125 0.0615234375
1 0.5615234375 0.126953125 0.0703125 0.0556640625
1 0.3916015625 0.65234375 0.0791015625 0.0380859375
1 0.259765625 0.4453125 0.080078125 0.0400390625
1 0.1025390625 0.54296875 0.1328125 0.0322265625
1 0.283203125 0.287109375 0.072265625 0.046875
1 0.349609375 0.853515625 0.08203125 0.0537109375
1 0.87109375 0.162109375 0.11328125 0.060546875
1 0.048828125 0.1064453125 0.09765625 0.03515625
1 0.3359375 0.16015625 0.1083984375 0.0341796875
1 0.28125 0.4951171875 0.046875 0.0390625
1 0.7578125 0.56640625 0.1015625 0.0390625
1 0.71484375 0.7890625 0.1005859375 0.0244140625
1 0.9599609375 0.7470703125 0.0791015625 0.029296875
1 0.458984375 0.9736328125 0.142578125 0.0419921875
1 0.712890625 0.1240234375 0.07421875 0.048828125
1 0.64453125 0.1005859375 0.087890625 0.05078125
1 0.3115234375 0.7080078125 0.103515625 0.01953125
1 0.9326171875 0.49609375 0.0849609375 0.0263671875
1 0.0927734375 0.8818359375 0.1748046875 0.0302734375
1 0.95703125 0.046875 0.0849609375 0.07421875
1 0.248046875 0.2568359375 0.08984375 0.029296875
1 0.642578125 0.658203125 0.111328125 0.0400390625
1 0.583984375 0.8310546875 0.1376953125 0.0380859375
1 0.109375 0.341796875 0.0947265625 0.0537109375
1 0.2177734375 0.3955078125 0.0693359375 0.044921875
1 0.048828125 0.046875 0.09765625 0.0703125
1 0.1826171875 0.3759765625 0.126953125 0.029296875
1 0.591796875 0.76171875 0.0576171875 0.01953125
1 0.626953125 0.43359375 0.115234375 0.0302734375
1 0.1943359375 0.4306640625 0.0634765625 0.0390625
1 0.306640625 0.736328125 0.0625 0.0400390625
1 0.1572265625 0.7421875 0.15234375 0.0419921875
1 0.326171875 0.1416015625 0.0947265625 0.033203125
1 0.0234375 0.626953125 0.044921875 0.0390625
1 0.759765625 0.1015625 0.1171875 0.0390625
1 0.505859375 0.0625 0.0478515625 0.0283203125
1 0.869140625 0.1923828125 0.05078125 0.033203125
1 0.021484375 0.4677734375 0.041015625 0.029296875
1 0.849609375 0.6572265625 0.1220703125 0.0517578125
1 0.8125 0.7666015625 0.09765625 0.0439453125
1 0.044921875 0.7392578125 0.0869140625 0.021484375
1 0.3603515625 0.2509765625 0.0986328125 0.025390625
1 0.8828125 0.515625 0.033203125 0.0458984375
1 0.0283203125 0.1845703125 0.0576171875 0.04296875
1 0.2490234375 0.4140625 0.0595703125 0.0283203125
1 0.0166015625 0.8359375 0.0341796875 0.017578125
1 0.37109375 0.94140625 0.142578125 0.0478515625
1 0.8779296875 0.3720703125 0.072265625 0.03125
1 0.017578125 0.48046875 0.0341796875 0.029296875
1 0.8017578125 0.126953125 0.0986328125 0.021484375
1 0.595703125 0.037109375 0.1220703125 0.0712890625
1 0.0478515625 0.146484375 0.0966796875 0.0546875
1 0.05078125 0.12890625 0.0830078125 0.025390625
1 0.1806640625 0.1005859375 0.10546875 0.0498046875
1 0.2197265625 0.7529296875 0.0556640625 0.0390625
1 0.017578125 0.7939453125 0.0361328125 0.0263671875
1 0.5263671875 0.9833984375 0.0859375 0.033203125
1 0.7802734375 0.51171875 0.0869140625 0.0234375
1 0.9267578125 0.7294921875 0.068359375 0.05859375
1 0.93359375 0.5126953125 0.0654296875 0.0283203125
1 0.81640625 0.3544921875 0.08203125 0.0595703125
1 0.0771484375 0.1796875 0.08984375 0.0458984375
1 0.2294921875 0.796875 0.0732421875 0.02734375
