1 0.0107421875 0.9609375 0.021484375 0.0771484375
1 0.0126953125 0.5517578125 0.0263671875 0.0810546875
1 0.109375 0.5986328125 0.072265625 0.0625
1 0.0810546875 0.6982421875 0.080078125 0.0732421875
1 0.115234375 0.849609375 0.07421875 0.0673828125
1 0.0625 0.41015625 0.080078125 0.1064453125
1 0.19921875 0.353515625 0.068359375 0.0830078125
1 0.0283203125 0.1435546875 0.056640625 0.0693359375
1 0.0068359375 0.0458984375 0.0146484375 0.0849609375
1 0.17578125 0.1162109375 0.078125 0.0703125
1 0.25390625 0.9560546875 0.0966796875 0.087890625
1 0.390625 0.982421875 0.095703125 0.0341796875
1 0.4794921875 0.921875 0.0537109375 0.111328125
1 0.564453125 0.90625 0.0771484375 0.1416015625
1 0.7041015625 0.9248046875 0.12109375 0.1396484375
1 0.3076171875 0.7353515625 0.125 0.099609375
1 0.279296875 0.5810546875 0.0751953125 0.0537109375
1 0.3154296875 0.5341796875 0.07421875 0.1015625
1 0.501953125 0.51953125 0.0830078125 0.072265625
1 0.578125 0.6025390625 0.0859375 0.0693359375
1 0.53125 0.6865234375 0.1416015625 0.09375
1 0.6884765625 0.7353515625 0.111328125 0.06640625
1 0.5859375 0.0859375 0.060546875 0.0703125
1 0.51171875 0.1533203125 0.0830078125 0.076171875
1 0.548828125 0.3125 0.130859375 0.119140625
1 0.451171875 0.31640625 0.0712890625 0.083984375
1 0.70703125 0.275390625 0.087890625 0.08203125
1 0.6845703125 0.3828125 0.08203125 0.091796875
1 0.83984375 0.498046875 0.1240234375 0.0771484375
1 0.6767578125 0.1005859375 0.12890625 0.06640625
1 0.6943359375 0.0576171875 0.072265625 0.0458984375
1 0.818359375 0.0595703125 0.0810546875 0.0654296875
1 0.8857421875 0.072265625 0.072265625 0.0654296875
1 0.9365234375 0.0224609375 0.0693359375 0.0458984375
1 0.9775390625 0.126953125 0.0439453125 0.0830078125
1 0.736328125 0.658203125 0.1083984375 0.06640625
1 0.919921875 0.8916015625 0.05859375 0.087890625
1 0.9833984375 0.580078125 0.0322265625 0.05078125
1 0.712890625 0.5078125 0.08203125 0.091796875
1 0.8134765625 0.7490234375 0.0849609375 0.0556640625
