1 0.9609375 0.546875 0.078125 0.099609375
1 0.28515625 0.12109375 0.1806640625 0.1728515625
1 0.5927734375 0.0361328125 0.2080078125 0.0732421875
1 0.3759765625 0.33203125 0.1923828125 0.1123046875
1 0.8505859375 0.9404296875 0.2275390625 0.1181640625
1 0.65234375 0.470703125 0.1025390625 0.1025390625
1 0.658203125 0.1396484375 0.337890625 0.150390625
1 0.08203125 0.34765625 0.125 0.1435546875
1 0.583984375 0.666015625 0.1298828125 0.107421875
1 0.712890625 0.2763671875 0.2373046875 0.1201171875
1 0.1298828125 0.5751953125 0.259765625 0.15234375
1 0.775390625 0.8173828125 0.22265625 0.115234375
1 0.291015625 0.84765625 0.40234375 0.2978515625
1 0.294921875 0.7421875 0.3173828125 0.115234375
1 0.1484375 0.1904296875 0.27734375 0.2724609375
1 0.0615234375 0.939453125 0.1015625 0.109375
1 0.7861328125 0.4248046875 0.1455078125 0.0859375
1 0.7109375 0.72265625 0.142578125 0.080078125
