1 0.248046875 0.376953125 0.1376953125 0.0849609375
1 0.029296875 0.4228515625 0.0595703125 0.1220703125
1 0.0244140625 0.2763671875 0.0498046875 0.0849609375
1 0.650390625 0.919921875 0.1181640625 0.0673828125
1 0.9091796875 0.3232421875 0.0693359375 0.1025390625
1 0.5791015625 0.0859375 0.228515625 0.1728515625
1 0.7978515625 0.5888671875 0.1630859375 0.1552734375
1 0.626953125 0.5869140625 0.21484375 0.08984375
1 0.216796875 0.23046875 0.1552734375 0.2080078125
1 0.8251953125 0.7373046875 0.1279296875 0.169921875
1 0.283203125 0.650390625 0.20703125 0.1630859375
1 0.0986328125 0.7626953125 0.197265625 0.2275390625
1 0.658203125 0.2021484375 0.177734375 0.1953125
1 0.322265625 0.4482421875 0.080078125 0.0625
1 0.7314453125 0.35546875 0.2392578125 0.1630859375
1 0.359375 0.3740234375 0.0849609375 0.0654296875
1 0.8759765625 0.5029296875 0.20703125 0.1669921875
1 0.5087890625 0.8681640625 0.1103515625 0.248046875
1 0.533203125 0.337890625 0.08203125 0.1669921875
1 0.6083984375 0.421875 0.177734375 0.115234375
1 0.435546875 0.0224609375 0.0673828125 0.044921875
1 0.193359375 0.6220703125 0.13671875 0.0703125
1 0.8896484375 0.041015625 0.1953125 0.08203125
1 0.5517578125 0.6484375 0.0703125 0.0625
1 0.9228515625 0.650390625 0.142578125 0.0771484375
1 0.0869140625 0.1142578125 0.173828125 0.16015625
1 0.0146484375 0.15234375 0.0302734375 0.10546875
1 0.947265625 0.8291015625 0.1044921875 0.1181640625
1 0.2919921875 0.9443359375 0.07421875 0.0751953125
1 0.1552734375 0.8076171875 0.197265625 0.216796875
1 0.3466796875 0.935546875 0.1005859375 0.1171875
1 0.5703125 0.96875 0.1123046875 0.0625
1 0.2041015625 0.978515625 0.0947265625 0.04296875
1 0.3916015625 0.919921875 0.1396484375 0.16015625
1 0.4814453125 0.8994140625 0.0693359375 0.1953125
1 0.6513671875 0.466796875 0.1005859375 0.2548828125
1 0.8291015625 0.41796875 0.1748046875 0.0625
1 0.7744140625 0.3662109375 0.1298828125 0.1552734375
1 0.5322265625 0.0556640625 0.099609375 0.08203125
