1 0.5224609375 0.9453125 0.1494140625 0.1005859375
1 0.697265625 0.0322265625 0.05859375 0.0546875
1 0.7353515625 0.3212890625 0.107421875 0.1923828125
1 0.8427734375 0.3662109375 0.0556640625 0.083984375
1 0.5673828125 0.4697265625 0.07421875 0.0732421875
1 0.8447265625 0.2900390625 0.1298828125 0.107421875
1 0.3212890625 0.212890625 0.07421875 0.0703125
1 0.4140625 0.974609375 0.0771484375 0.0498046875
1 0.2958984375 0.298828125 0.0830078125 0.1279296875
1 0.2373046875 0.0966796875 0.1376953125 0.09375
1 0.83203125 0.078125 0.1142578125 0.15625
1 0.6767578125 0.2080078125 0.09765625 0.107421875
1 0.6923828125 0.65234375 0.2373046875 0.1123046875
1 0.2275390625 0.5849609375 0.1357421875 0.11328125
1 0.19140625 0.552734375 0.0810546875 0.2568359375
1 0.1064453125 0.6259765625 0.115234375 0.0673828125
1 0.5615234375 0.1513671875 0.1669921875 0.302734375
