1 0.580078125 0.92578125 0.0478515625 0.0849609375
1 0.021484375 0.2255859375 0.0439453125 0.1064453125
1 0.0673828125 0.5869140625 0.06640625 0.09765625
1 0.2822265625 0.306640625 0.0732421875 0.0869140625
1 0.875 0.0419921875 0.0546875 0.083984375
1 0.7548828125 0.2568359375 0.048828125 0.109375
1 0.1982421875 0.9375 0.0712890625 0.078125
1 0.3134765625 0.09765625 0.048828125 0.0927734375
1 0.009765625 0.4970703125 0.0205078125 0.05859375
1 0.8642578125 0.826171875 0.0693359375 0.0810546875
1 0.2841796875 0.70703125 0.09765625 0.0625
1 0.7783203125 0.94921875 0.0517578125 0.0947265625
1 0.787109375 0.41015625 0.0419921875 0.0986328125
1 0.26953125 0.5791015625 0.048828125 0.083984375
1 0.1103515625 0.4326171875 0.037109375 0.087890625
1 0.0693359375 0.25 0.033203125 0.1123046875
1 0.6416015625 0.044921875 0.0390625 0.08984375
1 0.58984375 0.48828125 0.05078125 0.1123046875
1 0.71484375 0.4873046875 0.08203125 0.125
1 0.3447265625 0.8349609375 0.0615234375 0.1005859375
1 0.158203125 0.08203125 0.0419921875 0.095703125
1 0.318359375 0.935546875 0.05078125 0.1025390625
1 0.494140625 0.9296875 0.0439453125 0.068359375
1 0.3583984375 0.26953125 0.05078125 0.0751953125
1 0.3466796875 0.0712890625 0.046875 0.0947265625
1 0.4267578125 0.529296875 0.0361328125 0.109375
1 0.5 0.3759765625 0.0361328125 0.1025390625
1 0.51171875 0.4755859375 0.05078125 0.087890625
1 0.9033203125 0.1376953125 0.05078125 0.0908203125
1 0.60546875 0.87890625 0.0546875 0.076171875
1 0.1162109375 0.2763671875 0.0390625 0.099609375
1 0.921875 0.3876953125 0.0322265625 0.087890625
1 0.1982421875 0.87890625 0.0654296875 0.0673828125
1 0.4833984375 0.0498046875 0.0244140625 0.099609375
1 0.865234375 0.208984375 0.0703125 0.1044921875
1 0.01171875 0.5791015625 0.0234375 0.0986328125
1 0.8447265625 0.3828125 0.037109375 0.0625
1 0.4912109375 0.71875 0.0263671875 0.0859375
1 0.04296875 0.451171875 0.0546875 0.1142578125
1 0.70703125 0.673828125 0.0546875 0.06640625
1 0.173828125 0.609375 0.107421875 0.1025390625
1 0.771484375 0.056640625 0.0302734375 0.0849609375
1 0.166015625 0.2275390625 0.0615234375 0.13671875
1 0.3203125 0.90625 0.0615234375 0.0712890625
1 0.3056640625 0.4130859375 0.0322265625 0.083984375
1 0.8046875 0.0537109375 0.0263671875 0.1005859375
1 0.736328125 0.025390625 0.025390625 0.0517578125
1 0.291015625 0.447265625 0.041015625 0.0654296875
1 0.07421875 0.0234375 0.0380859375 0.0478515625
1 0.8740234375 0.357421875 0.0322265625 0.078125
1 0.40625 0.9658203125 0.0302734375 0.0673828125
1 0.927734375 0.341796875 0.0546875 0.0693359375
1 0.087890625 0.9736328125 0.0400390625 0.052734375
1 0.208984375 0.0205078125 0.029296875 0.0419921875
1 0.11328125 0.1318359375 0.048828125 0.076171875
1 0.1318359375 0.8876953125 0.025390625 0.0654296875
1 0.5263671875 0.681640625 0.0517578125 0.078125
1 0.9853515625 0.0830078125 0.0283203125 0.083984375
1 0.9853515625 0.7265625 0.0283203125 0.0869140625
1 0.966796875 0.9638671875 0.0263671875 0.0654296875
1 0.5673828125 0.6884765625 0.0859375 0.052734375
1 0.728515625 0.724609375 0.0244140625 0.07421875
1 0.5615234375 0.5087890625 0.0537109375 0.1572265625
1 0.4697265625 0.33203125 0.0380859375 0.0986328125
1 0.265625 0.2216796875 0.0380859375 0.10546875
1 0.0263671875 0.978515625 0.052734375 0.037109375
1 0.2119140625 0.54296875 0.025390625 0.068359375
1 0.6826171875 0.017578125 0.0654296875 0.03515625
1 0.4443359375 0.1181640625 0.0322265625 0.087890625
1 0.8896484375 0.951171875 0.02734375 0.0556640625
1 0.154296875 0.638671875 0.05859375 0.0869140625
1 0.8515625 0.6201171875 0.0537109375 0.083984375
1 0.048828125 0.0224609375 0.03125 0.044921875
1 0.3916015625 0.599609375 0.037109375 0.0791015625
1 0.4990234375 0.0166015625 0.03125 0.033203125
1 0.3916015625 0.65234375 0.0361328125 0.0888671875
1 0.7275390625 0.76953125 0.0224609375 0.0556640625
1 0.4140625 0.3212890625 0.044921875 0.0791015625
1 0.4794921875 0.0966796875 0.0634765625 0.0400390625
