1 0.53515625 0.505859375 0.126953125 0.078125
1 0.4697265625 0.1279296875 0.099609375 0.0869140625
1 0.724609375 0.859375 0.0947265625 0.0732421875
1 0.365234375 0.435546875 0.0927734375 0.0673828125
1 0.42578125 0.6669921875 0.087890625 0.080078125
1 0.2451171875 0.501953125 0.0771484375 0.07421875
1 0.30859375 0.869140625 0.107421875 0.0654296875
1 0.494140625 0.0185546875 0.1142578125 0.037109375
1 0.2490234375 0.3876953125 0.0791015625 0.0732421875
1 0.4169921875 0.5595703125 0.10546875 0.060546875
1 0.9140625 0.3427734375 0.1708984375 0.0576171875
1 0.9287109375 0.2197265625 0.1279296875 0.0546875
1 0.955078125 0.744140625 0.0830078125 0.0693359375
1 0.2109375 0.6005859375 0.08203125 0.0625
1 0.341796875 0.814453125 0.125 0.0703125
1 0.8115234375 0.431640625 0.0849609375 0.0556640625
1 0.7021484375 0.6484375 0.095703125 0.072265625
1 0.4697265625 0.4306640625 0.1181640625 0.072265625
1 0.9609375 0.689453125 0.072265625 0.0546875
1 0.212890625 0.0537109375 0.1015625 0.052734375
1 0.8447265625 0.7841796875 0.107421875 0.064453125
