1 0.134765625 0.2861328125 0.107421875 0.0859375
1 0.6484375 0.5009765625 0.0908203125 0.0654296875
1 0.9521484375 0.2080078125 0.060546875 0.0947265625
1 0.2626953125 0.1298828125 0.0869140625 0.0771484375
1 0.6708984375 0.029296875 0.1064453125 0.0595703125
1 0.63671875 0.6640625 0.1240234375 0.0732421875
1 0.6875 0.4208984375 0.1103515625 0.1083984375
1 0.076171875 0.6083984375 0.119140625 0.0712890625
1 0.04296875 0.1611328125 0.0859375 0.072265625
1 0.271484375 0.408203125 0.1240234375 0.0625
1 0.6669921875 0.4580078125 0.0625 0.0830078125
1 0.32421875 0.6171875 0.0966796875 0.0546875
1 0.3974609375 0.1328125 0.115234375 0.080078125
1 0.0849609375 0.1435546875 0.1044921875 0.0517578125
1 0.8349609375 0.49609375 0.140625 0.076171875
1 0.5927734375 0.8857421875 0.1103515625 0.0576171875
1 0.498046875 0.1962890625 0.111328125 0.0380859375
1 0.736328125 0.611328125 0.0732421875 0.0439453125
1 0.5146484375 0.662109375 0.09765625 0.0517578125
1 0.966796875 0.8017578125 0.06640625 0.064453125
1 0.4111328125 0.8076171875 0.09765625 0.0400390625
1 0.5361328125 0.8935546875 0.09765625 0.0634765625
1 0.826171875 0.53515625 0.0810546875 0.0712890625
1 0.2138671875 0.4228515625 0.1611328125 0.10546875
1 0.5048828125 0.7138671875 0.111328125 0.0419921875
1 0.55078125 0.9384765625 0.134765625 0.0654296875
1 0.814453125 0.6884765625 0.09375 0.033203125
1 0.486328125 0.6259765625 0.095703125 0.03515625
1 0.9638671875 0.1845703125 0.0712890625 0.044921875
1 0.1005859375 0.9150390625 0.05859375 0.0458984375
1 0.6982421875 0.0732421875 0.0712890625 0.041015625
1 0.5068359375 0.1240234375 0.1435546875 0.091796875
1 0.4140625 0.5703125 0.1533203125 0.0751953125
1 0.068359375 0.0556640625 0.0771484375 0.0361328125
1 0.8876953125 0.6572265625 0.1025390625 0.0439453125
1 0.681640625 0.337890625 0.0712890625 0.0458984375
1 0.2861328125 0.01171875 0.0595703125 0.0234375
1 0.9638671875 0.5947265625 0.072265625 0.068359375
1 0.310546875 0.328125 0.14453125 0.10546875
1 0.849609375 0.9345703125 0.0556640625 0.046875
1 0.5732421875 0.1806640625 0.0810546875 0.05078125
1 0.04296875 0.0751953125 0.08203125 0.10546875
1 0.9208984375 0.9482421875 0.130859375 0.0458984375
1 0.673828125 0.740234375 0.091796875 0.041015625
1 0.2666015625 0.23046875 0.0791015625 0.0517578125
1 0.8857421875 0.6025390625 0.0478515625 0.0947265625
1 0.1494140625 0.6787109375 0.1005859375 0.052734375
1 0.091796875 0.7021484375 0.123046875 0.12890625
1 0.3564453125 0.2646484375 0.0615234375 0.0322265625
1 0.822265625 0.0146484375 0.04296875 0.029296875
1 0.55078125 0.3095703125 0.0625 0.0546875
1 0.0595703125 0.7431640625 0.09375 0.0244140625
1 0.44921875 0.9833984375 0.1337890625 0.0322265625
1 0.3857421875 0.619140625 0.0966796875 0.0400390625
1 0.6240234375 0.771484375 0.0849609375 0.0419921875
1 0.98046875 0.08203125 0.0390625 0.037109375
1 0.83203125 0.34765625 0.09375 0.0517578125
1 0.1640625 0.0830078125 0.0771484375 0.025390625
1 0.1455078125 0.7900390625 0.0830078125 0.048828125
1 0.9619140625 0.337890625 0.0625 0.04296875
1 0.3798828125 0.73046875 0.150390625 0.0654296875
1 0.33984375 0.5625 0.0546875 0.05859375
1 0.2919921875 0.744140625 0.060546875 0.0615234375
1 0.8740234375 0.65625 0.1279296875 0.0576171875
1 0.59765625 0.4560546875 0.0703125 0.0361328125
1 0.8974609375 0.1005859375 0.056640625 0.0537109375
1 0.078125 0.384765625 0.1494140625 0.0869140625
1 0.046875 0.8359375 0.060546875 0.033203125
1 0.4765625 0.6962890625 0.0986328125 0.041015625
