1 0.0546875 0.126953125 0.04296875 0.107421875
1 0.1044921875 0.1552734375 0.0498046875 0.083984375
1 0.1826171875 0.0576171875 0.0537109375 0.091796875
1 0.3486328125 0.1572265625 0.076171875 0.0908203125
1 0.1748046875 0.1923828125 0.0517578125 0.0712890625
1 0.162109375 0.2587890625 0.060546875 0.0498046875
1 0.212890625 0.2578125 0.060546875 0.0390625
1 0.1845703125 0.30859375 0.0888671875 0.0517578125
1 0.2880859375 0.2919921875 0.044921875 0.05078125
1 0.025390625 0.2880859375 0.0517578125 0.060546875
1 0.0400390625 0.3369140625 0.064453125 0.0546875
1 0.072265625 0.302734375 0.0517578125 0.064453125
1 0.0791015625 0.484375 0.0517578125 0.0888671875
1 0.1435546875 0.470703125 0.060546875 0.080078125
1 0.1083984375 0.421875 0.056640625 0.0400390625
1 0.599609375 0.22265625 0.0673828125 0.083984375
1 0.6591796875 0.181640625 0.0517578125 0.0859375
1 0.75 0.130859375 0.0703125 0.0859375
1 0.6669921875 0.2314453125 0.03515625 0.068359375
1 0.6435546875 0.294921875 0.07421875 0.0673828125
1 0.6005859375 0.3603515625 0.0947265625 0.087890625
1 0.8779296875 0.20703125 0.0439453125 0.0673828125
1 0.935546875 0.240234375 0.046875 0.056640625
1 0.947265625 0.4296875 0.068359375 0.0859375
1 0.92578125 0.59375 0.083984375 0.083984375
1 0.89453125 0.66015625 0.0693359375 0.0595703125
1 0.798828125 0.650390625 0.0712890625 0.044921875
1 0.4501953125 0.5234375 0.0615234375 0.076171875
1 0.3330078125 0.529296875 0.0634765625 0.0537109375
1 0.32421875 0.576171875 0.05859375 0.0576171875
1 0.3447265625 0.6611328125 0.0908203125 0.05078125
1 0.43359375 0.6767578125 0.0791015625 0.048828125
1 0.4697265625 0.724609375 0.07421875 0.0546875
1 0.7021484375 0.7578125 0.064453125 0.080078125
1 0.8388671875 0.7841796875 0.0966796875 0.060546875
1 0.8935546875 0.7236328125 0.0947265625 0.052734375
1 0.96875 0.7890625 0.056640625 0.0703125
1 0.0283203125 0.984375 0.0576171875 0.0302734375
1 0.1826171875 0.98828125 0.0654296875 0.0224609375
1 0.0302734375 0.8662109375 0.0419921875 0.048828125
1 0.0107421875 0.8076171875 0.0224609375 0.0625
1 0.1220703125 0.7275390625 0.0693359375 0.0546875
1 0.1806640625 0.771484375 0.0439453125 0.0537109375
1 0.4306640625 0.8037109375 0.0693359375 0.0615234375
1 0.3642578125 0.94140625 0.0595703125 0.0615234375
1 0.09375 0.552734375 0.0361328125 0.0439453125
1 0.123046875 0.5791015625 0.05859375 0.0712890625
1 0.197265625 0.5703125 0.07421875 0.0537109375
1 0.197265625 0.6103515625 0.05078125 0.0556640625
1 0.1669921875 0.6650390625 0.056640625 0.0615234375
1 0.2236328125 0.6669921875 0.0634765625 0.0595703125
1 0.2822265625 0.6865234375 0.060546875 0.0615234375
1 0.71875 0.8486328125 0.064453125 0.0654296875
1 0.0087890625 0.5517578125 0.017578125 0.03125
1 0.044921875 0.5390625 0.033203125 0.06640625
1 0.1484375 0.4423828125 0.0634765625 0.0419921875
1 0.072265625 0.4033203125 0.0458984375 0.03125
1 0.57421875 0.7646484375 0.033203125 0.02734375
1 0.216796875 0.2275390625 0.0478515625 0.060546875
1 0.1669921875 0.373046875 0.0283203125 0.033203125
1 0.734375 0.8466796875 0.0498046875 0.0283203125
1 0.9443359375 0.2041015625 0.0517578125 0.046875
