1 0.9560546875 0.0234375 0.0712890625 0.046875
1 0.7353515625 0.0166015625 0.10546875 0.0341796875
1 0.4267578125 0.044921875 0.080078125 0.0693359375
1 0.3125 0.0283203125 0.0595703125 0.056640625
1 0.2783203125 0.0439453125 0.0615234375 0.0849609375
1 0.201171875 0.044921875 0.1005859375 0.08984375
1 0.044921875 0.9716796875 0.06640625 0.0556640625
1 0.0791015625 0.8896484375 0.068359375 0.056640625
1 0.125 0.9208984375 0.078125 0.0771484375
1 0.18359375 0.9755859375 0.0751953125 0.048828125
1 0.2744140625 0.953125 0.08203125 0.0830078125
1 0.6435546875 0.9609375 0.0703125 0.0634765625
1 0.4306640625 0.9375 0.0654296875 0.0673828125
1 0.4970703125 0.9140625 0.103515625 0.0625
1 0.53515625 0.8740234375 0.0986328125 0.0615234375
1 0.7861328125 0.8251953125 0.0595703125 0.0537109375
1 0.904296875 0.6025390625 0.1142578125 0.1181640625
1 0.90625 0.3212890625 0.076171875 0.07421875
1 0.857421875 0.4833984375 0.0546875 0.0556640625
1 0.7958984375 0.4482421875 0.0791015625 0.0712890625
1 0.7353515625 0.48828125 0.068359375 0.0712890625
1 0.5634765625 0.447265625 0.0712890625 0.05859375
1 0.3046875 0.4365234375 0.078125 0.0830078125
1 0.1953125 0.4697265625 0.0810546875 0.0712890625
1 0.0224609375 0.369140625 0.044921875 0.083984375
1 0.1025390625 0.41015625 0.0732421875 0.0498046875
1 0.03515625 0.443359375 0.0703125 0.0693359375
1 0.1689453125 0.546875 0.0625 0.0556640625
1 0.0263671875 0.501953125 0.0537109375 0.0556640625
1 0.041015625 0.7275390625 0.08203125 0.0771484375
1 0.12109375 0.791015625 0.0595703125 0.052734375
1 0.0556640625 0.3984375 0.0693359375 0.0654296875
