1 0.138671875 0.529296875 0.14453125 0.150390625
1 0.94140625 0.6767578125 0.0849609375 0.080078125
1 0.1708984375 0.95703125 0.22265625 0.0859375
1 0.1845703125 0.232421875 0.220703125 0.21484375
1 0.638671875 0.80078125 0.0849609375 0.0791015625
1 0.8681640625 0.2890625 0.162109375 0.1552734375
1 0.8740234375 0.568359375 0.2099609375 0.142578125
1 0.76953125 0.2392578125 0.14453125 0.1103515625
1 0.7392578125 0.5390625 0.099609375 0.0693359375
1 0.0654296875 0.7783203125 0.1318359375 0.107421875
1 0.8603515625 0.1494140625 0.1220703125 0.060546875
1 0.8466796875 0.6455078125 0.1396484375 0.0625
1 0.123046875 0.8291015625 0.1123046875 0.125
1 0.9306640625 0.7978515625 0.1376953125 0.1123046875
1 0.833984375 0.57421875 0.1201171875 0.0751953125
1 0.935546875 0.6044921875 0.119140625 0.0849609375
1 0.9443359375 0.328125 0.1103515625 0.1025390625
1 0.95703125 0.19921875 0.0859375 0.1103515625
1 0.8447265625 0.0625 0.189453125 0.125
1 0.7802734375 0.03515625 0.091796875 0.0556640625
