1 0.81640625 0.0703125 0.1005859375 0.0615234375
1 0.896484375 0.1396484375 0.1494140625 0.095703125
1 0.833984375 0.3818359375 0.1357421875 0.1396484375
1 0.69921875 0.052734375 0.1005859375 0.0771484375
1 0.87109375 0.5341796875 0.1376953125 0.0966796875
1 0.9248046875 0.318359375 0.1484375 0.080078125
1 0.7001953125 0.572265625 0.119140625 0.0908203125
1 0.9140625 0.5771484375 0.091796875 0.1591796875
1 0.9560546875 0.388671875 0.087890625 0.0732421875
1 0.6123046875 0.8837890625 0.0703125 0.1103515625
1 0.9736328125 0.2802734375 0.0517578125 0.0869140625
