1 0.01953125 0.34765625 0.0390625 0.044921875
1 0.1552734375 0.32421875 0.1025390625 0.134765625
1 0.1650390625 0.138671875 0.0615234375 0.076171875
1 0.013671875 0.9794921875 0.02734375 0.0400390625
1 0.216796875 0.990234375 0.076171875 0.01953125
1 0.173828125 0.916015625 0.0625 0.08203125
1 0.2490234375 0.923828125 0.0556640625 0.09375
1 0.1494140625 0.81640625 0.068359375 0.06640625
1 0.3330078125 0.986328125 0.087890625 0.0263671875
1 0.5263671875 0.9833984375 0.1044921875 0.0322265625
1 0.7568359375 0.9912109375 0.0546875 0.0166015625
1 0.833984375 0.9755859375 0.06640625 0.0478515625
1 0.8876953125 0.87109375 0.0791015625 0.0830078125
1 0.9736328125 0.900390625 0.0517578125 0.05859375
1 0.939453125 0.9697265625 0.0830078125 0.0595703125
1 0.025390625 0.4833984375 0.0517578125 0.0693359375
1 0.08203125 0.552734375 0.0888671875 0.0634765625
1 0.1650390625 0.5791015625 0.0478515625 0.0654296875
1 0.1142578125 0.658203125 0.056640625 0.060546875
1 0.205078125 0.6640625 0.0849609375 0.0703125
1 0.240234375 0.759765625 0.080078125 0.056640625
1 0.359375 0.8515625 0.060546875 0.0615234375
1 0.4794921875 0.892578125 0.0830078125 0.0859375
1 0.62890625 0.837890625 0.072265625 0.095703125
1 0.572265625 0.8603515625 0.0595703125 0.171875
1 0.4326171875 0.8212890625 0.0703125 0.103515625
1 0.474609375 0.689453125 0.0751953125 0.07421875
1 0.556640625 0.6640625 0.06640625 0.0888671875
1 0.640625 0.72265625 0.0927734375 0.0673828125
1 0.7568359375 0.654296875 0.06640625 0.0712890625
1 0.9296875 0.572265625 0.0888671875 0.0654296875
1 0.94921875 0.7001953125 0.0517578125 0.0576171875
1 0.8857421875 0.779296875 0.072265625 0.0537109375
1 0.9677734375 0.7919921875 0.064453125 0.091796875
1 0.6328125 0.6279296875 0.0771484375 0.0595703125
1 0.560546875 0.5400390625 0.0673828125 0.08984375
1 0.7099609375 0.560546875 0.0537109375 0.0625
1 0.8017578125 0.4169921875 0.064453125 0.07421875
1 0.81640625 0.4990234375 0.060546875 0.06640625
1 0.8974609375 0.4638671875 0.0712890625 0.078125
1 0.36328125 0.4833984375 0.072265625 0.06640625
1 0.3134765625 0.568359375 0.125 0.0791015625
1 0.1767578125 0.5068359375 0.08984375 0.080078125
1 0.3798828125 0.392578125 0.0625 0.1181640625
1 0.4833984375 0.4228515625 0.087890625 0.11328125
1 0.5517578125 0.2275390625 0.078125 0.1455078125
1 0.7861328125 0.298828125 0.0986328125 0.154296875
1 0.8759765625 0.326171875 0.083984375 0.0791015625
1 0.447265625 0.1689453125 0.0693359375 0.07421875
1 0.2822265625 0.0185546875 0.044921875 0.037109375
1 0.1328125 0.0224609375 0.072265625 0.044921875
1 0.3564453125 0.0546875 0.125 0.0908203125
1 0.896484375 0.1015625 0.05859375 0.09375
1 0.833984375 0.04296875 0.0712890625 0.08203125
1 0.982421875 0.0537109375 0.03515625 0.0771484375
1 0.98828125 0.9873046875 0.0234375 0.0244140625
