1 0.75 0.345703125 0.1923828125 0.1474609375
1 0.6357421875 0.72265625 0.107421875 0.0830078125
1 0.232421875 0.4033203125 0.1025390625 0.078125
1 0.23046875 0.3095703125 0.1220703125 0.095703125
1 0.1826171875 0.5732421875 0.1123046875 0.107421875
1 0.8837890625 0.8095703125 0.1103515625 0.095703125
1 0.515625 0.4130859375 0.1474609375 0.16796875
1 0.0703125 0.5478515625 0.1181640625 0.0830078125
1 0.4443359375 0.2939453125 0.1103515625 0.1005859375
1 0.509765625 0.9599609375 0.099609375 0.080078125
1 0.3916015625 0.423828125 0.0908203125 0.1201171875
1 0.42578125 0.6259765625 0.1171875 0.126953125
1 0.685546875 0.8544921875 0.15234375 0.119140625
1 0.490234375 0.5390625 0.1181640625 0.1142578125
1 0.828125 0.0791015625 0.1376953125 0.0849609375
1 0.0546875 0.6640625 0.099609375 0.0791015625
1 0.0634765625 0.751953125 0.126953125 0.109375
1 0.0927734375 0.126953125 0.0966796875 0.17578125
1 0.919921875 0.4482421875 0.08984375 0.0625
1 0.6875 0.626953125 0.1474609375 0.109375
1 0.0634765625 0.3115234375 0.09765625 0.1044921875
1 0.7685546875 0.66796875 0.1328125 0.072265625
1 0.9443359375 0.9970703125 0.0947265625 0.005859375
1 0.4208984375 0.6953125 0.08203125 0.0625
1 0.107421875 0.48828125 0.1376953125 0.091796875
1 0.94921875 0.1455078125 0.1005859375 0.0625
