1 0.5126953125 0.7373046875 0.0810546875 0.078125
1 0.48046875 0.4306640625 0.0986328125 0.060546875
1 0.8525390625 0.3583984375 0.130859375 0.07421875
1 0.32421875 0.67578125 0.1279296875 0.0966796875
1 0.55859375 0.2841796875 0.0986328125 0.0859375
1 0.3623046875 0.0244140625 0.111328125 0.0498046875
1 0.8642578125 0.046875 0.1201171875 0.0927734375
1 0.3369140625 0.6123046875 0.076171875 0.0751953125
1 0.9287109375 0.3447265625 0.09375 0.0517578125
1 0.224609375 0.091796875 0.11328125 0.0576171875
1 0.4345703125 0.3671875 0.126953125 0.0771484375
1 0.529296875 0.0283203125 0.099609375 0.0546875
1 0.2548828125 0.1708984375 0.0908203125 0.052734375
1 0.2109375 0.0546875 0.1279296875 0.076171875
1 0.9814453125 0.2236328125 0.0361328125 0.095703125
1 0.359375 0.232421875 0.103515625 0.0478515625
1 0.0625 0.7021484375 0.0908203125 0.044921875
1 0.5654296875 0.2080078125 0.0439453125 0.1455078125
1 0.8330078125 0.6328125 0.12109375 0.1162109375
1 0.6689453125 0.951171875 0.0966796875 0.0458984375
1 0.099609375 0.0849609375 0.1240234375 0.0595703125
1 0.3369140625 0.14453125 0.095703125 0.0546875
1 0.3388671875 0.1708984375 0.111328125 0.0419921875
1 0.4755859375 0.90625 0.1005859375 0.1552734375
1 0.9072265625 0.49609375 0.080078125 0.0546875
1 0.2529296875 0.7080078125 0.0869140625 0.0498046875
1 0.2080078125 0.4296875 0.119140625 0.0380859375
1 0.6279296875 0.646484375 0.158203125 0.0654296875
1 0.7607421875 0.103515625 0.06640625 0.06640625
1 0.6357421875 0.0185546875 0.0888671875 0.0361328125
1 0.4580078125 0.177734375 0.07421875 0.0341796875
1 0.732421875 0.0595703125 0.142578125 0.0302734375
1 0.0322265625 0.2666015625 0.0654296875 0.0341796875
1 0.134765625 0.94140625 0.111328125 0.091796875
1 0.197265625 0.630859375 0.0908203125 0.0673828125
1 0.203125 0.7265625 0.1357421875 0.052734375
1 0.357421875 0.75 0.12890625 0.044921875
1 0.91015625 0.8544921875 0.1708984375 0.0478515625
1 0.9404296875 0.677734375 0.0439453125 0.130859375
1 0.1923828125 0.826171875 0.0771484375 0.0361328125
1 0.01953125 0.5390625 0.0390625 0.0693359375
1 0.1015625 0.466796875 0.0751953125 0.041015625
1 0.84375 0.470703125 0.05078125 0.02734375
1 0.3828125 0.1435546875 0.0703125 0.0517578125
1 0.03125 0.7685546875 0.0576171875 0.0244140625
1 0.3544921875 0.9736328125 0.1328125 0.0517578125
1 0.4814453125 0.2412109375 0.0546875 0.1162109375
1 0.5732421875 0.033203125 0.05078125 0.06640625
1 0.1884765625 0.2060546875 0.0908203125 0.220703125
1 0.90625 0.6591796875 0.0390625 0.044921875
1 0.8916015625 0.193359375 0.109375 0.078125
1 0.1318359375 0.9814453125 0.0712890625 0.0361328125
1 0.0263671875 0.9755859375 0.0537109375 0.015625
1 0.05859375 0.9150390625 0.0693359375 0.0380859375
1 0.37890625 0.7861328125 0.0537109375 0.021484375
1 0.2138671875 0.212890625 0.0634765625 0.060546875
1 0.1513671875 0.3515625 0.173828125 0.1240234375
1 0.74609375 0.037109375 0.1025390625 0.0625
1 0.1328125 0.2265625 0.07421875 0.046875
1 0.150390625 0.77734375 0.0517578125 0.0537109375
1 0.1416015625 0.884765625 0.06640625 0.041015625
