1 0.0537109375 0.03125 0.107421875 0.0458984375
1 0.4599609375 0.017578125 0.1455078125 0.0361328125
1 0.51171875 0.046875 0.103515625 0.0556640625
1 0.763671875 0.0380859375 0.08984375 0.044921875
1 0.96484375 0.0244140625 0.0703125 0.048828125
1 0.8974609375 0.0419921875 0.0380859375 0.0361328125
1 0.3837890625 0.0654296875 0.15234375 0.0302734375
1 0.681640625 0.0732421875 0.11328125 0.037109375
1 0.3525390625 0.2724609375 0.0751953125 0.04296875
1 0.2119140625 0.296875 0.0654296875 0.0390625
1 0.1201171875 0.3466796875 0.09765625 0.060546875
1 0.1376953125 0.39453125 0.1162109375 0.0390625
1 0.23828125 0.3798828125 0.0791015625 0.0478515625
1 0.3212890625 0.361328125 0.099609375 0.0498046875
1 0.44921875 0.36328125 0.115234375 0.033203125
1 0.7021484375 0.3173828125 0.0703125 0.0458984375
1 0.685546875 0.3671875 0.0595703125 0.0478515625
1 0.8740234375 0.3916015625 0.0576171875 0.056640625
1 0.8671875 0.4970703125 0.13671875 0.0263671875
1 0.873046875 0.474609375 0.0322265625 0.0419921875
1 0.8505859375 0.5126953125 0.169921875 0.03515625
1 0.466796875 0.4638671875 0.0625 0.0390625
1 0.2548828125 0.4287109375 0.12890625 0.04296875
1 0.2294921875 0.490234375 0.1083984375 0.044921875
1 0.1455078125 0.537109375 0.1083984375 0.0322265625
1 0.20703125 0.5576171875 0.146484375 0.041015625
1 0.41015625 0.5830078125 0.076171875 0.10546875
1 0.263671875 0.7705078125 0.1220703125 0.0576171875
1 0.2314453125 0.806640625 0.1201171875 0.0478515625
1 0.060546875 0.8291015625 0.107421875 0.0673828125
1 0.193359375 0.87890625 0.0751953125 0.029296875
1 0.208984375 0.9345703125 0.11328125 0.07421875
1 0.279296875 0.9306640625 0.05078125 0.060546875
1 0.58984375 0.7705078125 0.099609375 0.05078125
1 0.5341796875 0.8203125 0.064453125 0.052734375
1 0.5029296875 0.83203125 0.107421875 0.06640625
1 0.60546875 0.96484375 0.0361328125 0.0703125
1 0.6201171875 0.9853515625 0.1064453125 0.029296875
1 0.783203125 0.8671875 0.0947265625 0.0537109375
1 0.828125 0.81640625 0.0654296875 0.068359375
1 0.8896484375 0.84765625 0.095703125 0.0498046875
1 0.966796875 0.873046875 0.06640625 0.048828125
1 0.9951171875 0.951171875 0.0087890625 0.0439453125
1 0.943359375 0.9775390625 0.080078125 0.044921875
1 0.962890625 0.609375 0.0732421875 0.0751953125
1 0.6904296875 0.51953125 0.0576171875 0.0341796875
1 0.7431640625 0.34375 0.0361328125 0.03125
1 0.125 0.3525390625 0.1025390625 0.0322265625
1 0.4052734375 0.34375 0.0517578125 0.048828125
