1 0.810546875 0.1953125 0.0751953125 0.08203125
1 0.2939453125 0.287109375 0.0849609375 0.0986328125
1 0.408203125 0.423828125 0.08203125 0.076171875
1 0.7509765625 0.0322265625 0.068359375 0.0625
1 0.615234375 0.3623046875 0.083984375 0.0869140625
1 0.478515625 0.337890625 0.1025390625 0.0771484375
1 0.5498046875 0.255859375 0.1005859375 0.10546875
1 0.908203125 0.0517578125 0.064453125 0.06640625
1 0.625 0.15234375 0.09375 0.076171875
1 0.484375 0.2548828125 0.083984375 0.068359375
1 0.6826171875 0.9482421875 0.07421875 0.060546875
1 0.1044921875 0.5361328125 0.0517578125 0.04296875
1 0.29296875 0.7294921875 0.0908203125 0.0771484375
1 0.25 0.1982421875 0.0732421875 0.1103515625
1 0.4130859375 0.2412109375 0.0654296875 0.0810546875
1 0.3076171875 0.119140625 0.080078125 0.0693359375
1 0.1201171875 0.7001953125 0.0771484375 0.048828125
1 0.3359375 0.087890625 0.0654296875 0.09765625
1 0.974609375 0.484375 0.0498046875 0.0546875
1 0.263671875 0.4755859375 0.12109375 0.0595703125
1 0.376953125 0.82421875 0.08203125 0.0458984375
1 0.62109375 0.5966796875 0.0771484375 0.0615234375
1 0.0537109375 0.931640625 0.083984375 0.0615234375
1 0.73046875 0.5322265625 0.0712890625 0.0556640625
1 0.48046875 0.857421875 0.0732421875 0.0478515625
1 0.9609375 0.1435546875 0.056640625 0.08984375
1 0.6533203125 0.7978515625 0.0908203125 0.0537109375
1 0.9775390625 0.02734375 0.044921875 0.052734375
1 0.755859375 0.77734375 0.099609375 0.0634765625
1 0.5400390625 0.4853515625 0.0927734375 0.0546875
1 0.201171875 0.818359375 0.08984375 0.0751953125
1 0.728515625 0.5859375 0.0751953125 0.05078125
1 0.474609375 0.3935546875 0.0595703125 0.0625
1 0.7314453125 0.2685546875 0.05859375 0.046875
1 0.947265625 0.9052734375 0.068359375 0.05859375
1 0.037109375 0.8076171875 0.0751953125 0.0380859375
1 0.3193359375 0.5966796875 0.1064453125 0.056640625
1 0.8544921875 0.83203125 0.05859375 0.0546875
1 0.3232421875 0.8505859375 0.08984375 0.0419921875
1 0.80859375 0.9775390625 0.0654296875 0.0439453125
1 0.41796875 0.0244140625 0.0634765625 0.044921875
1 0.2578125 0.546875 0.0927734375 0.0400390625
1 0.8134765625 0.4697265625 0.0615234375 0.0546875
1 0.515625 0.8076171875 0.0791015625 0.0361328125
1 0.77734375 0.529296875 0.068359375 0.0498046875
1 0.7255859375 0.478515625 0.048828125 0.05078125
1 0.2841796875 0.185546875 0.068359375 0.0634765625
1 0.8720703125 0.5888671875 0.064453125 0.048828125
1 0.6328125 0.5390625 0.08984375 0.0517578125
1 0.0302734375 0.576171875 0.060546875 0.04296875
1 0.7041015625 0.880859375 0.0634765625 0.03515625
1 0.6328125 0.4765625 0.07421875 0.0361328125
1 0.5986328125 0.892578125 0.05859375 0.0341796875
1 0.943359375 0.7880859375 0.0478515625 0.052734375
1 0.55078125 0.3935546875 0.0556640625 0.078125
1 0.8388671875 0.5830078125 0.0625 0.0546875
1 0.12109375 0.0107421875 0.07421875 0.021484375
1 0.1435546875 0.76171875 0.0634765625 0.044921875
1 0.7626953125 0.48046875 0.076171875 0.0458984375
1 0.0849609375 0.796875 0.046875 0.03515625
1 0.7373046875 0.912109375 0.0908203125 0.037109375
1 0.75 0.654296875 0.0615234375 0.0322265625
1 0.021484375 0.48046875 0.0439453125 0.0380859375
1 0.3388671875 0.2275390625 0.0556640625 0.0458984375
1 0.2177734375 0.943359375 0.0654296875 0.046875
1 0.8525390625 0.494140625 0.0615234375 0.078125
1 0.5087890625 0.5029296875 0.0341796875 0.0361328125
1 0.458984375 0.5556640625 0.0986328125 0.0439453125
1 0.4345703125 0.9453125 0.0830078125 0.041015625
1 0.40625 0.0693359375 0.06640625 0.0576171875
1 0.2861328125 0.94921875 0.0869140625 0.0419921875
1 0.798828125 0.9677734375 0.0771484375 0.0390625
1 0.068359375 0.517578125 0.048828125 0.0537109375
1 0.4296875 0.0146484375 0.05078125 0.029296875
