1 0.037109375 0.97265625 0.07421875 0.0546875
1 0.2705078125 0.98828125 0.1298828125 0.0224609375
1 0.0166015625 0.8974609375 0.0341796875 0.1005859375
1 0.0068359375 0.802734375 0.0146484375 0.0390625
1 0.2265625 0.8486328125 0.0654296875 0.119140625
1 0.28515625 0.6943359375 0.1162109375 0.083984375
1 0.357421875 0.6044921875 0.111328125 0.220703125
1 0.1943359375 0.2626953125 0.1142578125 0.0810546875
1 0.232421875 0.3837890625 0.0830078125 0.2373046875
1 0.33203125 0.2958984375 0.181640625 0.298828125
1 0.4951171875 0.515625 0.0771484375 0.2607421875
1 0.048828125 0.3349609375 0.08984375 0.203125
1 0.0478515625 0.0986328125 0.0966796875 0.197265625
1 0.4716796875 0.0478515625 0.1015625 0.095703125
1 0.7470703125 0.0712890625 0.1083984375 0.10546875
1 0.82421875 0.1650390625 0.064453125 0.06640625
1 0.947265625 0.140625 0.10546875 0.0546875
1 0.9482421875 0.056640625 0.068359375 0.11328125
1 0.95703125 0.2236328125 0.078125 0.080078125
1 0.6630859375 0.4306640625 0.1396484375 0.1435546875
1 0.7783203125 0.4658203125 0.115234375 0.1220703125
1 0.9052734375 0.474609375 0.10546875 0.08984375
1 0.9345703125 0.6162109375 0.103515625 0.244140625
1 0.7900390625 0.6591796875 0.072265625 0.21875
1 0.6923828125 0.5771484375 0.0732421875 0.0654296875
1 0.689453125 0.6611328125 0.0751953125 0.095703125
1 0.5634765625 0.6005859375 0.0712890625 0.173828125
1 0.693359375 0.859375 0.0810546875 0.103515625
1 0.53125 0.9365234375 0.0546875 0.0908203125
1 0.458984375 0.8984375 0.0458984375 0.05078125
1 0.4677734375 0.734375 0.1083984375 0.2451171875
1 0.701171875 0.96484375 0.1025390625 0.0703125
1 0.82421875 0.9296875 0.09765625 0.0830078125
1 0.9638671875 0.453125 0.0712890625 0.109375
