1 0.57421875 0.72265625 0.056640625 0.0986328125
1 0.38671875 0.3134765625 0.0703125 0.0849609375
1 0.412109375 0.4521484375 0.0654296875 0.083984375
1 0.1083984375 0.5087890625 0.0703125 0.0791015625
1 0.0390625 0.2275390625 0.076171875 0.078125
1 0.541015625 0.1181640625 0.0693359375 0.09765625
1 0.46484375 0.201171875 0.0439453125 0.1025390625
1 0.4609375 0.46484375 0.0810546875 0.099609375
1 0.6640625 0.197265625 0.0478515625 0.0888671875
1 0.75 0.4384765625 0.044921875 0.076171875
1 0.751953125 0.7294921875 0.0791015625 0.111328125
1 0.5263671875 0.482421875 0.07421875 0.080078125
1 0.51171875 0.1962890625 0.0458984375 0.08203125
1 0.544921875 0.75 0.052734375 0.09375
1 0.24609375 0.095703125 0.0986328125 0.1220703125
1 0.365234375 0.7099609375 0.0791015625 0.072265625
1 0.0791015625 0.2138671875 0.0458984375 0.0908203125
1 0.443359375 0.7978515625 0.0576171875 0.1015625
1 0.1552734375 0.7421875 0.072265625 0.0712890625
1 0.298828125 0.958984375 0.060546875 0.08203125
1 0.4248046875 0.15234375 0.048828125 0.1044921875
1 0.90234375 0.1826171875 0.064453125 0.0810546875
1 0.5859375 0.484375 0.05859375 0.0751953125
1 0.068359375 0.775390625 0.0830078125 0.09375
1 0.9462890625 0.5068359375 0.0302734375 0.103515625
1 0.7607421875 0.2548828125 0.0439453125 0.0830078125
1 0.8818359375 0.39453125 0.056640625 0.08984375
1 0.7353515625 0.619140625 0.0654296875 0.0625
1 0.6142578125 0.5810546875 0.05859375 0.0654296875
1 0.265625 0.7998046875 0.0751953125 0.0576171875
1 0.8505859375 0.8369140625 0.083984375 0.0517578125
1 0.134765625 0.1630859375 0.0693359375 0.068359375
1 0.849609375 0.4306640625 0.0419921875 0.087890625
1 0.5 0.818359375 0.078125 0.064453125
1 0.095703125 0.0673828125 0.0380859375 0.1328125
1 0.955078125 0.1474609375 0.0263671875 0.1103515625
1 0.2646484375 0.9716796875 0.04296875 0.056640625
1 0.2451171875 0.1904296875 0.0419921875 0.0927734375
1 0.361328125 0.5595703125 0.0546875 0.05859375
1 0.8017578125 0.71875 0.05078125 0.1181640625
1 0.419921875 0.974609375 0.05859375 0.046875
1 0.48046875 0.8857421875 0.076171875 0.0419921875
1 0.666015625 0.7412109375 0.0478515625 0.1171875
1 0.9794921875 0.2314453125 0.03125 0.0654296875
1 0.14453125 0.927734375 0.072265625 0.052734375
1 0.7568359375 0.8369140625 0.02734375 0.080078125
1 0.458984375 0.7158203125 0.076171875 0.0595703125
1 0.9794921875 0.5078125 0.037109375 0.0595703125
1 0.2119140625 0.564453125 0.0498046875 0.0693359375
1 0.732421875 0.0166015625 0.0419921875 0.0341796875
1 0.0146484375 0.40234375 0.0302734375 0.07421875
1 0.0322265625 0.626953125 0.064453125 0.02734375
1 0.658203125 0.3974609375 0.046875 0.123046875
1 0.3095703125 0.771484375 0.0712890625 0.0439453125
1 0.3544921875 0.8251953125 0.0576171875 0.0654296875
1 0.12109375 0.9794921875 0.0458984375 0.0400390625
1 0.009765625 0.447265625 0.0205078125 0.087890625
1 0.6279296875 0.4765625 0.0361328125 0.0546875
1 0.6640625 0.9423828125 0.0537109375 0.0302734375
1 0.1640625 0.88671875 0.107421875 0.0390625
1 0.6240234375 0.029296875 0.0322265625 0.05859375
1 0.1826171875 0.1171875 0.0595703125 0.029296875
1 0.671875 0.6904296875 0.0625 0.1015625
1 0.02734375 0.806640625 0.0556640625 0.0283203125
1 0.0556640625 0.4951171875 0.0625 0.0927734375
1 0.244140625 0.14453125 0.076171875 0.11328125
1 0.0263671875 0.5556640625 0.052734375 0.044921875
1 0.060546875 0.845703125 0.1201171875 0.0556640625
1 0.5849609375 0.0947265625 0.0234375 0.1318359375
1 0.6865234375 0.4697265625 0.072265625 0.0830078125
1 0.7158203125 0.05078125 0.0439453125 0.0537109375
1 0.05078125 0.4453125 0.0302734375 0.0615234375
1 0.6611328125 0.984375 0.0361328125 0.0302734375
1 0.5244140625 0.7939453125 0.0771484375 0.0419921875
1 0.1982421875 0.822265625 0.0517578125 0.0458984375
1 0.2021484375 0.7255859375 0.0810546875 0.0986328125
1 0.025390625 0.54296875 0.0517578125 0.0703125
1 0.1572265625 0.2099609375 0.0361328125 0.0634765625
1 0.01171875 0.9130859375 0.0234375 0.021484375
1 0.5986328125 0.0703125 0.0341796875 0.091796875
1 0.8994140625 0.845703125 0.03125 0.041015625
