1 0.509765625 0.380859375 0.083984375 0.078125
1 0.44921875 0.4775390625 0.0986328125 0.0732421875
1 0.693359375 0.4833984375 0.103515625 0.068359375
1 0.6474609375 0.37890625 0.0546875 0.0517578125
1 0.6279296875 0.2900390625 0.087890625 0.11328125
1 0.9736328125 0.4375 0.0517578125 0.0693359375
1 0.41796875 0.216796875 0.0810546875 0.0615234375
1 0.43359375 0.26953125 0.0576171875 0.04296875
1 0.5341796875 0.224609375 0.0615234375 0.083984375
1 0.57421875 0.1240234375 0.0849609375 0.0732421875
1 0.654296875 0.044921875 0.0625 0.068359375
1 0.736328125 0.0498046875 0.0595703125 0.0595703125
1 0.7744140625 0.158203125 0.0703125 0.091796875
1 0.6845703125 0.203125 0.0654296875 0.0439453125
1 0.7880859375 0.119140625 0.078125 0.0576171875
1 0.9033203125 0.1787109375 0.0576171875 0.0869140625
1 0.9287109375 0.2080078125 0.0400390625 0.037109375
1 0.494140625 0.6806640625 0.0908203125 0.0703125
1 0.2880859375 0.63671875 0.07421875 0.0703125
1 0.138671875 0.5859375 0.06640625 0.0595703125
1 0.15234375 0.4541015625 0.1171875 0.0830078125
1 0.146484375 0.353515625 0.0810546875 0.109375
1 0.283203125 0.4111328125 0.05859375 0.05078125
1 0.90234375 0.6337890625 0.068359375 0.1005859375
1 0.9462890625 0.521484375 0.0869140625 0.0810546875
1 0.8125 0.681640625 0.091796875 0.0810546875
1 0.9140625 0.744140625 0.056640625 0.05859375
1 0.94921875 0.8359375 0.0693359375 0.0654296875
1 0.830078125 0.892578125 0.091796875 0.0625
1 0.5849609375 0.849609375 0.10546875 0.072265625
1 0.4580078125 0.9423828125 0.1064453125 0.09765625
1 0.3173828125 0.7431640625 0.103515625 0.11328125
1 0.3759765625 0.8349609375 0.072265625 0.064453125
1 0.0771484375 0.763671875 0.1357421875 0.11328125
1 0.17578125 0.9287109375 0.091796875 0.0625
1 0.1650390625 0.849609375 0.0556640625 0.0654296875
1 0.2548828125 0.865234375 0.056640625 0.0478515625
1 0.3564453125 0.91796875 0.1005859375 0.076171875
1 0.7060546875 0.96875 0.1162109375 0.0625
1 0.7880859375 0.9404296875 0.0810546875 0.072265625
1 0.06640625 0.2255859375 0.0927734375 0.078125
1 0.0478515625 0.9208984375 0.076171875 0.0693359375
1 0.4052734375 0.05078125 0.0439453125 0.0517578125
1 0.458984375 0.1201171875 0.0791015625 0.056640625
1 0.353515625 0.1376953125 0.0595703125 0.0498046875
1 0.2890625 0.1640625 0.0556640625 0.0517578125
1 0.166015625 0.18359375 0.0439453125 0.046875
1 0.1025390625 0.0771484375 0.064453125 0.0693359375
1 0.1572265625 0.017578125 0.095703125 0.03515625
1 0.1064453125 0.2900390625 0.0693359375 0.0615234375
1 0.4296875 0.9189453125 0.0634765625 0.0439453125
1 0.0263671875 0.34375 0.0537109375 0.076171875
1 0.6904296875 0.6572265625 0.0595703125 0.0556640625
1 0.8310546875 0.4375 0.048828125 0.0537109375
1 0.970703125 0.337890625 0.05859375 0.0458984375
1 0.974609375 0.17578125 0.05078125 0.05078125
1 0.1884765625 0.3857421875 0.0439453125 0.0380859375
1 0.3388671875 0.212890625 0.05859375 0.0673828125
