1 0.345703125 0.9384765625 0.0771484375 0.07421875
1 0.3251953125 0.8818359375 0.1005859375 0.08203125
1 0.3955078125 0.94140625 0.0595703125 0.08984375
1 0.208984375 0.8505859375 0.083984375 0.111328125
1 0.583984375 0.8994140625 0.1201171875 0.07421875
1 0.662109375 0.8876953125 0.0400390625 0.0830078125
1 0.615234375 0.931640625 0.052734375 0.0595703125
1 0.8125 0.9072265625 0.1318359375 0.0810546875
1 0.03125 0.853515625 0.0634765625 0.072265625
1 0.041015625 0.55078125 0.0595703125 0.0869140625
1 0.1767578125 0.6103515625 0.11328125 0.0947265625
1 0.2197265625 0.541015625 0.0771484375 0.0732421875
1 0.26953125 0.6181640625 0.0888671875 0.095703125
1 0.294921875 0.69140625 0.0712890625 0.078125
1 0.359375 0.5703125 0.068359375 0.064453125
1 0.2578125 0.412109375 0.076171875 0.0830078125
1 0.1865234375 0.3310546875 0.10546875 0.091796875
1 0.5478515625 0.583984375 0.123046875 0.1376953125
1 0.630859375 0.66796875 0.103515625 0.1142578125
1 0.7392578125 0.6982421875 0.07421875 0.1357421875
1 0.79296875 0.7607421875 0.0625 0.0537109375
1 0.8525390625 0.66796875 0.0986328125 0.0888671875
1 0.9072265625 0.625 0.0771484375 0.068359375
1 0.7861328125 0.5693359375 0.08203125 0.0947265625
1 0.744140625 0.3955078125 0.0791015625 0.1103515625
1 0.6103515625 0.83984375 0.083984375 0.060546875
1 0.0439453125 0.953125 0.0791015625 0.0810546875
1 0.37890625 0.8564453125 0.087890625 0.0927734375
1 0.833984375 0.8720703125 0.1328125 0.056640625
1 0.3134765625 0.55859375 0.05078125 0.0595703125
1 0.03515625 0.4287109375 0.044921875 0.048828125
