1 0.4306640625 0.974609375 0.1494140625 0.0498046875
1 0.365234375 0.9375 0.0615234375 0.0537109375
1 0.3369140625 0.8701171875 0.0888671875 0.080078125
1 0.169921875 0.87890625 0.0888671875 0.080078125
1 0.091796875 0.9384765625 0.1015625 0.1123046875
1 0.03515625 0.53125 0.0703125 0.0732421875
1 0.025390625 0.4462890625 0.0517578125 0.0966796875
1 0.1103515625 0.5673828125 0.0888671875 0.0947265625
1 0.30078125 0.44140625 0.072265625 0.0732421875
1 0.369140625 0.478515625 0.060546875 0.0693359375
1 0.3154296875 0.509765625 0.0703125 0.0771484375
1 0.4287109375 0.51171875 0.0625 0.06640625
1 0.4091796875 0.55078125 0.076171875 0.068359375
1 0.458984375 0.591796875 0.0751953125 0.0859375
1 0.5615234375 0.5126953125 0.1103515625 0.1376953125
1 0.560546875 0.623046875 0.0791015625 0.0576171875
1 0.3359375 0.34375 0.0654296875 0.07421875
1 0.0703125 0.3173828125 0.08984375 0.0908203125
1 0.0380859375 0.1220703125 0.056640625 0.068359375
1 0.294921875 0.033203125 0.06640625 0.06640625
1 0.6953125 0.0283203125 0.0615234375 0.0556640625
1 0.80078125 0.0751953125 0.080078125 0.080078125
1 0.7978515625 0.2880859375 0.0703125 0.09375
1 0.8740234375 0.294921875 0.080078125 0.080078125
1 0.9130859375 0.376953125 0.0830078125 0.0732421875
1 0.8427734375 0.4052734375 0.0712890625 0.1015625
1 0.8544921875 0.46484375 0.0830078125 0.06640625
1 0.3251953125 0.3037109375 0.0703125 0.0537109375
1 0.1298828125 0.5390625 0.0634765625 0.0673828125
1 0.34765625 0.9794921875 0.05859375 0.041015625
1 0.923828125 0.3369140625 0.048828125 0.044921875
1 0.990234375 0.0302734375 0.0185546875 0.060546875
