1 0.060546875 0.1025390625 0.0888671875 0.09375
1 0.111328125 0.126953125 0.1103515625 0.091796875
1 0.2763671875 0.056640625 0.0634765625 0.0703125
1 0.3935546875 0.1181640625 0.05859375 0.0732421875
1 0.6708984375 0.013671875 0.0673828125 0.02734375
1 0.986328125 0.005859375 0.02734375 0.0126953125
1 0.97265625 0.052734375 0.0546875 0.0810546875
1 0.86328125 0.03515625 0.0751953125 0.064453125
1 0.7841796875 0.06640625 0.048828125 0.068359375
1 0.9521484375 0.1640625 0.0849609375 0.0732421875
1 0.025390625 0.2490234375 0.0439453125 0.048828125
1 0.076171875 0.244140625 0.0517578125 0.064453125
1 0.2314453125 0.236328125 0.0966796875 0.0859375
1 0.3603515625 0.19140625 0.0625 0.0556640625
1 0.49609375 0.2060546875 0.0615234375 0.080078125
1 0.328125 0.3349609375 0.060546875 0.1162109375
1 0.275390625 0.3154296875 0.0380859375 0.04296875
1 0.1357421875 0.3828125 0.0849609375 0.083984375
1 0.150390625 0.3310546875 0.0615234375 0.0458984375
1 0.232421875 0.443359375 0.0791015625 0.083984375
1 0.341796875 0.45703125 0.0966796875 0.0576171875
1 0.02734375 0.568359375 0.0546875 0.0634765625
1 0.0185546875 0.6865234375 0.037109375 0.0908203125
1 0.0419921875 0.8857421875 0.083984375 0.0673828125
1 0.0478515625 0.7978515625 0.0966796875 0.072265625
1 0.2109375 0.8779296875 0.16796875 0.244140625
1 0.369140625 0.7470703125 0.0703125 0.076171875
1 0.4326171875 0.6376953125 0.0673828125 0.1162109375
1 0.3544921875 0.55078125 0.10546875 0.0732421875
1 0.4814453125 0.50390625 0.111328125 0.0810546875
1 0.5869140625 0.4189453125 0.06640625 0.107421875
1 0.6708984375 0.3857421875 0.091796875 0.0615234375
1 0.7900390625 0.42578125 0.060546875 0.0849609375
1 0.8408203125 0.4814453125 0.046875 0.0546875
1 0.802734375 0.525390625 0.115234375 0.072265625
1 0.5849609375 0.5849609375 0.185546875 0.1279296875
1 0.6318359375 0.6572265625 0.076171875 0.0634765625
1 0.6298828125 0.7490234375 0.064453125 0.0908203125
1 0.609375 0.9638671875 0.087890625 0.072265625
1 0.7451171875 0.92578125 0.0888671875 0.0712890625
1 0.75390625 0.64453125 0.0703125 0.0673828125
1 0.6943359375 0.58203125 0.060546875 0.0771484375
1 0.8134765625 0.7119140625 0.056640625 0.095703125
1 0.8759765625 0.765625 0.0771484375 0.09765625
1 0.97265625 0.7421875 0.0439453125 0.05859375
1 0.853515625 0.96484375 0.0556640625 0.060546875
1 0.3974609375 0.36328125 0.068359375 0.0546875
1 0.7314453125 0.3193359375 0.064453125 0.0458984375
