1 0.779296875 0.2158203125 0.0966796875 0.091796875
1 0.9443359375 0.1591796875 0.060546875 0.1279296875
1 0.93359375 0.197265625 0.1318359375 0.052734375
1 0.380859375 0.314453125 0.119140625 0.1123046875
1 0.3369140625 0.4326171875 0.0986328125 0.107421875
1 0.48046875 0.4111328125 0.048828125 0.05078125
1 0.66015625 0.353515625 0.18359375 0.076171875
1 0.8671875 0.3515625 0.0771484375 0.0751953125
1 0.8095703125 0.4599609375 0.09375 0.181640625
1 0.623046875 0.5908203125 0.099609375 0.197265625
1 0.7138671875 0.71484375 0.1318359375 0.052734375
1 0.53515625 0.62109375 0.1728515625 0.154296875
1 0.275390625 0.53125 0.1591796875 0.0849609375
1 0.17578125 0.5654296875 0.1162109375 0.07421875
1 0.26953125 0.654296875 0.1640625 0.0673828125
1 0.259765625 0.77734375 0.103515625 0.099609375
1 0.3310546875 0.7890625 0.09375 0.041015625
1 0.5302734375 0.8017578125 0.05859375 0.09765625
1 0.1337890625 0.3974609375 0.1083984375 0.0546875
1 0.2001953125 0.2080078125 0.158203125 0.1162109375
1 0.38671875 0.1826171875 0.1015625 0.0556640625
1 0.064453125 0.1015625 0.099609375 0.119140625
1 0.63671875 0.0810546875 0.1318359375 0.1591796875
1 0.951171875 0.85546875 0.052734375 0.0908203125
1 0.8837890625 0.9375 0.0869140625 0.072265625
1 0.7607421875 0.9072265625 0.060546875 0.080078125
1 0.53515625 0.9228515625 0.05859375 0.0810546875
1 0.3369140625 0.96484375 0.103515625 0.0693359375
1 0.927734375 0.7802734375 0.0673828125 0.0458984375
1 0.9765625 0.65625 0.046875 0.0966796875
1 0.921875 0.6904296875 0.0595703125 0.0947265625
1 0.8662109375 0.732421875 0.04296875 0.0556640625
1 0.94140625 0.5185546875 0.0625 0.09765625
1 0.9775390625 0.4931640625 0.04296875 0.0693359375
1 0.0537109375 0.7314453125 0.1083984375 0.1083984375
1 0.1689453125 0.9619140625 0.125 0.0751953125
1 0.3232421875 0.962890625 0.138671875 0.07421875
1 0.4736328125 0.111328125 0.232421875 0.080078125
