1 0.0888671875 0.8154296875 0.1005859375 0.0595703125
1 0.05859375 0.19140625 0.1142578125 0.0830078125
1 0.0615234375 0.9052734375 0.123046875 0.06640625
1 0.044921875 0.7529296875 0.08984375 0.0439453125
1 0.7001953125 0.8681640625 0.1220703125 0.0654296875
1 0.6650390625 0.5791015625 0.072265625 0.0615234375
1 0.5634765625 0.2724609375 0.1162109375 0.0595703125
1 0.3994140625 0.109375 0.08203125 0.0869140625
1 0.142578125 0.58203125 0.1025390625 0.056640625
1 0.4501953125 0.384765625 0.0859375 0.044921875
1 0.1123046875 0.4345703125 0.1064453125 0.078125
1 0.7626953125 0.8603515625 0.0888671875 0.068359375
1 0.794921875 0.044921875 0.119140625 0.04296875
1 0.919921875 0.564453125 0.09765625 0.0810546875
1 0.8701171875 0.0205078125 0.080078125 0.041015625
1 0.1845703125 0.3046875 0.1044921875 0.0390625
1 0.94921875 0.4560546875 0.0625 0.0615234375
1 0.9501953125 0.515625 0.072265625 0.052734375
1 0.4921875 0.271484375 0.0849609375 0.0439453125
1 0.6279296875 0.1142578125 0.1025390625 0.0947265625
1 0.0732421875 0.294921875 0.12109375 0.0341796875
1 0.3935546875 0.42578125 0.125 0.056640625
1 0.267578125 0.66015625 0.1171875 0.052734375
1 0.26171875 0.2763671875 0.09765625 0.0419921875
1 0.666015625 0.4775390625 0.064453125 0.08203125
1 0.48046875 0.4873046875 0.138671875 0.07421875
1 0.9580078125 0.98046875 0.0556640625 0.0380859375
1 0.2529296875 0.9560546875 0.111328125 0.0478515625
1 0.978515625 0.267578125 0.0419921875 0.037109375
1 0.650390625 0.0185546875 0.080078125 0.0380859375
1 0.4794921875 0.3173828125 0.0732421875 0.0322265625
1 0.66015625 0.7373046875 0.060546875 0.03125
1 0.525390625 0.8115234375 0.0625 0.037109375
1 0.9052734375 0.1982421875 0.0625 0.05859375
1 0.7041015625 0.634765625 0.0771484375 0.0244140625
1 0.40625 0.52734375 0.07421875 0.0361328125
1 0.931640625 0.8818359375 0.0927734375 0.052734375
1 0.1376953125 0.3642578125 0.068359375 0.02734375
1 0.0419921875 0.5712890625 0.083984375 0.0537109375
1 0.5732421875 0.6533203125 0.1044921875 0.0576171875
1 0.46875 0.5751953125 0.126953125 0.0458984375
1 0.95703125 0.2978515625 0.0859375 0.0673828125
1 0.0703125 0.9658203125 0.0830078125 0.0302734375
1 0.9755859375 0.7978515625 0.048828125 0.021484375
1 0.265625 0.5224609375 0.056640625 0.044921875
1 0.8798828125 0.2548828125 0.076171875 0.0537109375
1 0.755859375 0.73046875 0.0439453125 0.0419921875
1 0.41015625 0.4833984375 0.0654296875 0.0400390625
1 0.7392578125 0.5380859375 0.1357421875 0.05859375
1 0.6328125 0.6142578125 0.0810546875 0.015625
1 0.4453125 0.7138671875 0.1064453125 0.041015625
1 0.27734375 0.330078125 0.0849609375 0.033203125
1 0.5712890625 0.912109375 0.1015625 0.048828125
1 0.3291015625 0.54296875 0.0576171875 0.033203125
1 0.3017578125 0.1904296875 0.0546875 0.0576171875
1 0.037109375 0.8408203125 0.0751953125 0.0322265625
1 0.361328125 0.5966796875 0.185546875 0.0478515625
1 0.2099609375 0.1201171875 0.11328125 0.11328125
1 0.138671875 0.0380859375 0.0439453125 0.05859375
1 0.38447265625 0.3076171875 0.12031249999999999 0.05732421874999999
1 0.8154296875 0.572265625 0.103515625 0.0439453125
1 0.0625 0.705078125 0.0654296875 0.0478515625
1 0.7578125 0.58203125 0.0908203125 0.0517578125
1 0.0927734375 0.6611328125 0.08984375 0.0478515625
1 0.90625 0.92578125 0.1103515625 0.046875
1 0.8330078125 0.900390625 0.0595703125 0.0419921875
1 0.525390625 0.9248046875 0.0791015625 0.041015625
