1 0.2548828125 0.2138671875 0.0869140625 0.1298828125
1 0.1953125 0.2578125 0.0576171875 0.1015625
1 0.1220703125 0.1669921875 0.0556640625 0.109375
1 0.4404296875 0.037109375 0.0576171875 0.0751953125
1 0.955078125 0.046875 0.0888671875 0.080078125
1 0.8974609375 0.12109375 0.072265625 0.0556640625
1 0.8408203125 0.185546875 0.0830078125 0.0712890625
1 0.9384765625 0.263671875 0.109375 0.1337890625
1 0.7626953125 0.3349609375 0.0810546875 0.0634765625
1 0.708984375 0.2880859375 0.0703125 0.072265625
1 0.6318359375 0.3427734375 0.0615234375 0.0732421875
1 0.5263671875 0.4150390625 0.0888671875 0.087890625
1 0.658203125 0.4384765625 0.0703125 0.0771484375
1 0.662109375 0.4921875 0.0830078125 0.0654296875
1 0.728515625 0.443359375 0.05859375 0.0546875
1 0.849609375 0.4501953125 0.0810546875 0.060546875
1 0.9384765625 0.4248046875 0.0712890625 0.064453125
1 0.853515625 0.5087890625 0.0712890625 0.0703125
1 0.015625 0.0810546875 0.0322265625 0.0849609375
1 0.119140625 0.8154296875 0.0576171875 0.0771484375
1 0.4912109375 0.93359375 0.0869140625 0.130859375
1 0.4541015625 0.740234375 0.0859375 0.078125
1 0.5302734375 0.724609375 0.052734375 0.0810546875
1 0.5771484375 0.7236328125 0.0673828125 0.0849609375
1 0.654296875 0.6845703125 0.07421875 0.1083984375
1 0.7451171875 0.8662109375 0.09765625 0.115234375
1 0.7626953125 0.953125 0.0732421875 0.0546875
1 0.84765625 0.9375 0.078125 0.0732421875
1 0.9609375 0.775390625 0.0771484375 0.1064453125
1 0.9814453125 0.9619140625 0.037109375 0.076171875
1 0.6962890625 0.19140625 0.0458984375 0.0537109375
1 0.0390625 0.951171875 0.078125 0.0732421875
1 0.2314453125 0.0185546875 0.076171875 0.037109375
1 0.6240234375 0.982421875 0.0390625 0.03515625
1 0.728515625 0.0947265625 0.0732421875 0.0498046875
1 0.6220703125 0.0400390625 0.0556640625 0.0498046875
1 0.8896484375 0.818359375 0.0625 0.0693359375
1 0.4599609375 0.8046875 0.0517578125 0.0361328125
1 0.5283203125 0.8544921875 0.060546875 0.0576171875
1 0.5537109375 0.9169921875 0.0390625 0.0732421875
