1 0.0166015625 0.224609375 0.0341796875 0.072265625
1 0.0244140625 0.1572265625 0.0498046875 0.076171875
1 0.0283203125 0.0791015625 0.0576171875 0.091796875
1 0.15234375 0.126953125 0.0712890625 0.0625
1 0.2353515625 0.298828125 0.0556640625 0.080078125
1 0.10546875 0.27734375 0.0703125 0.0595703125
1 0.8837890625 0.91015625 0.087890625 0.0888671875
1 0.7880859375 0.8466796875 0.0693359375 0.0625
1 0.7158203125 0.8681640625 0.060546875 0.0810546875
1 0.55859375 0.84375 0.0751953125 0.0537109375
1 0.6376953125 0.83984375 0.0654296875 0.0498046875
1 0.640625 0.7724609375 0.0830078125 0.0712890625
1 0.60546875 0.7080078125 0.0625 0.0537109375
1 0.6650390625 0.7099609375 0.0654296875 0.0615234375
1 0.61328125 0.6025390625 0.091796875 0.0712890625
1 0.6708984375 0.548828125 0.07421875 0.083984375
1 0.4541015625 0.59765625 0.05859375 0.0810546875
1 0.333984375 0.783203125 0.05859375 0.0537109375
1 0.37109375 0.84375 0.1142578125 0.087890625
1 0.828125 0.5361328125 0.0830078125 0.08203125
1 0.9443359375 0.283203125 0.0654296875 0.0712890625
1 0.9609375 0.15625 0.0625 0.0927734375
1 0.7197265625 0.1689453125 0.0732421875 0.0673828125
1 0.845703125 0.0263671875 0.0810546875 0.0537109375
1 0.03515625 0.9814453125 0.0712890625 0.0361328125
