1 0.5185546875 0.81640625 0.0595703125 0.08203125
1 0.54296875 0.3583984375 0.0927734375 0.107421875
1 0.5576171875 0.5224609375 0.0859375 0.0732421875
1 0.7421875 0.0341796875 0.0947265625 0.06640625
1 0.103515625 0.1240234375 0.0859375 0.091796875
1 0.8955078125 0.765625 0.1015625 0.0830078125
1 0.927734375 0.365234375 0.080078125 0.0927734375
1 0.50390625 0.07421875 0.0654296875 0.107421875
1 0.7119140625 0.115234375 0.1083984375 0.09375
1 0.236328125 0.2216796875 0.0703125 0.1298828125
1 0.056640625 0.13671875 0.076171875 0.072265625
1 0.763671875 0.818359375 0.11328125 0.06640625
1 0.2841796875 0.5 0.0927734375 0.056640625
1 0.1982421875 0.576171875 0.12109375 0.0576171875
1 0.5 0.1943359375 0.0693359375 0.0947265625
1 0.3095703125 0.3837890625 0.0966796875 0.0771484375
1 0.869140625 0.1923828125 0.0849609375 0.0546875
1 0.1572265625 0.046875 0.11328125 0.0859375
1 0.984375 0.41015625 0.0302734375 0.109375
1 0.7275390625 0.6337890625 0.0859375 0.0380859375
1 0.7197265625 0.1904296875 0.115234375 0.0634765625
1 0.6728515625 0.76953125 0.0712890625 0.076171875
1 0.87109375 0.787109375 0.095703125 0.05859375
1 0.7255859375 0.4814453125 0.10546875 0.0615234375
1 0.8671875 0.955078125 0.0458984375 0.0888671875
1 0.771484375 0.7333984375 0.056640625 0.0693359375
1 0.4384765625 0.0693359375 0.0703125 0.09375
1 0.6337890625 0.8681640625 0.0712890625 0.0498046875
1 0.7060546875 0.5751953125 0.15625 0.0615234375
1 0.494140625 0.392578125 0.115234375 0.0576171875
1 0.4130859375 0.88671875 0.0849609375 0.02734375
1 0.931640625 0.873046875 0.0283203125 0.0517578125
1 0.2294921875 0.533203125 0.1220703125 0.05078125
1 0.4501953125 0.1923828125 0.0947265625 0.068359375
1 0.9619140625 0.0859375 0.0751953125 0.1015625
1 0.779296875 0.1337890625 0.0693359375 0.0859375
1 0.1728515625 0.49609375 0.0859375 0.0390625
1 0.4228515625 0.5927734375 0.099609375 0.056640625
1 0.236328125 0.04296875 0.09765625 0.0712890625
1 0.8388671875 0.1328125 0.0625 0.0390625
1 0.080078125 0.9384765625 0.109375 0.05859375
1 0.171875 0.9677734375 0.11328125 0.0634765625
1 0.599609375 0.919921875 0.087890625 0.037109375
1 0.5087890625 0.9111328125 0.048828125 0.05078125
1 0.51953125 0.6474609375 0.072265625 0.046875
1 0.591796875 0.6083984375 0.134765625 0.0517578125
1 0.408203125 0.1376953125 0.1259765625 0.0693359375
1 0.439453125 0.3662109375 0.1298828125 0.1201171875
