1 0.091796875 0.939453125 0.0615234375 0.12109375
1 0.0322265625 0.6328125 0.0546875 0.0634765625
1 0.140625 0.513671875 0.154296875 0.0849609375
1 0.203125 0.4921875 0.080078125 0.0576171875
1 0.279296875 0.6240234375 0.091796875 0.1083984375
1 0.2197265625 0.552734375 0.0693359375 0.06640625
1 0.2939453125 0.5205078125 0.0849609375 0.0693359375
1 0.3564453125 0.525390625 0.0517578125 0.0546875
1 0.2294921875 0.44140625 0.1611328125 0.126953125
1 0.4072265625 0.41015625 0.109375 0.0859375
1 0.421875 0.4501953125 0.1064453125 0.1005859375
1 0.484375 0.41015625 0.072265625 0.12109375
1 0.6220703125 0.416015625 0.1298828125 0.078125
1 0.6845703125 0.400390625 0.06640625 0.0888671875
1 0.568359375 0.5654296875 0.07421875 0.06640625
1 0.6337890625 0.6435546875 0.173828125 0.078125
1 0.595703125 0.6923828125 0.080078125 0.0673828125
1 0.296875 0.720703125 0.0615234375 0.0615234375
1 0.3154296875 0.8037109375 0.05859375 0.0537109375
1 0.5126953125 0.8828125 0.0703125 0.150390625
1 0.66015625 0.818359375 0.13671875 0.08203125
1 0.6103515625 0.861328125 0.0693359375 0.0595703125
1 0.7255859375 0.77734375 0.056640625 0.0849609375
1 0.521484375 0.9736328125 0.10546875 0.052734375
1 0.9521484375 0.8095703125 0.0654296875 0.0751953125
1 0.87109375 0.78125 0.1591796875 0.19921875
1 0.849609375 0.6845703125 0.1201171875 0.0986328125
1 0.955078125 0.646484375 0.0869140625 0.08203125
1 0.7705078125 0.3330078125 0.1240234375 0.1015625
1 0.8642578125 0.259765625 0.080078125 0.083984375
1 0.916015625 0.220703125 0.0732421875 0.0654296875
1 0.9541015625 0.2998046875 0.091796875 0.1005859375
1 0.53515625 0.234375 0.0595703125 0.0751953125
1 0.3212890625 0.2705078125 0.08984375 0.091796875
1 0.7529296875 0.07421875 0.1142578125 0.1005859375
1 0.60546875 0.0615234375 0.0771484375 0.078125
1 0.3623046875 0.1064453125 0.119140625 0.08984375
1 0.076171875 0.0634765625 0.0966796875 0.0712890625
1 0.1787109375 0.0263671875 0.083984375 0.052734375
1 0.8046875 0.037109375 0.1015625 0.0712890625
1 0.30859375 0.0166015625 0.09765625 0.033203125
1 0.0126953125 0.4677734375 0.0244140625 0.0419921875
1 0.0146484375 0.96484375 0.029296875 0.052734375
1 0.8857421875 0.6474609375 0.05859375 0.0654296875
