1 0.7529296875 0.39453125 0.1669921875 0.0859375
1 0.3056640625 0.763671875 0.09765625 0.1298828125
1 0.8271484375 0.640625 0.125 0.08203125
1 0.5654296875 0.41015625 0.1123046875 0.1279296875
1 0.498046875 0.1708984375 0.09765625 0.078125
1 0.1865234375 0.248046875 0.0947265625 0.0771484375
1 0.2099609375 0.72265625 0.125 0.0927734375
1 0.0673828125 0.384765625 0.072265625 0.0771484375
1 0.45703125 0.3046875 0.0859375 0.0703125
1 0.08203125 0.14453125 0.099609375 0.099609375
1 0.908203125 0.2705078125 0.078125 0.087890625
1 0.716796875 0.2529296875 0.080078125 0.0625
1 0.4765625 0.82421875 0.1357421875 0.1201171875
1 0.2744140625 0.0771484375 0.14453125 0.154296875
1 0.3857421875 0.2802734375 0.0625 0.0771484375
1 0.6240234375 0.6484375 0.1904296875 0.1875
1 0.87890625 0.841796875 0.1455078125 0.1650390625
1 0.7841796875 0.1279296875 0.1748046875 0.107421875
1 0.2353515625 0.9541015625 0.080078125 0.091796875
1 0.251953125 0.4169921875 0.1796875 0.185546875
1 0.07421875 0.8759765625 0.08984375 0.15234375
1 0.0322265625 0.736328125 0.064453125 0.072265625
1 0.58203125 0.7705078125 0.169921875 0.15234375
1 0.9443359375 0.6904296875 0.080078125 0.107421875
1 0.6015625 0.8779296875 0.1396484375 0.0673828125
1 0.708984375 0.939453125 0.1201171875 0.0703125
1 0.044921875 0.2197265625 0.08984375 0.134765625
1 0.6455078125 0.5048828125 0.0927734375 0.08984375
1 0.7685546875 0.04296875 0.154296875 0.0849609375
1 0.1484375 0.8603515625 0.08203125 0.1318359375
1 0.48828125 0.9638671875 0.068359375 0.0654296875
1 0.935546875 0.5595703125 0.1220703125 0.099609375
1 0.5146484375 0.9150390625 0.08984375 0.0673828125
1 0.6328125 0.9580078125 0.0869140625 0.0830078125
1 0.4609375 0.224609375 0.0625 0.05078125
1 0.166015625 0.3544921875 0.107421875 0.0703125
1 0.8330078125 0.9609375 0.09765625 0.078125
1 0.1494140625 0.8037109375 0.0849609375 0.0751953125
1 0.8505859375 0.7294921875 0.087890625 0.08984375
1 0.126953125 0.05859375 0.095703125 0.1171875
1 0.0517578125 0.9423828125 0.0595703125 0.080078125
1 0.4814453125 0.7255859375 0.0498046875 0.052734375
1 0.9736328125 0.14453125 0.052734375 0.115234375
1 0.23046875 0.833984375 0.0927734375 0.0947265625
1 0.4052734375 0.9677734375 0.0830078125 0.0634765625
1 0.953125 0.9091796875 0.078125 0.134765625
1 0.5595703125 0.966796875 0.060546875 0.0654296875
1 0.384765625 0.771484375 0.0546875 0.0751953125
1 0.9345703125 0.5517578125 0.0703125 0.1455078125
1 0.970703125 0.44140625 0.0576171875 0.0693359375
1 0.90625 0.3232421875 0.0625 0.046875
1 0.9755859375 0.05078125 0.0478515625 0.072265625
