1 0.0322265625 0.2001953125 0.064453125 0.0830078125
1 0.8466796875 0.390625 0.1298828125 0.052734375
1 0.86328125 0.1611328125 0.13671875 0.072265625
1 0.763671875 0.220703125 0.09765625 0.0576171875
1 0.9013671875 0.1103515625 0.1552734375 0.0673828125
1 0.07421875 0.0517578125 0.1298828125 0.1044921875
1 0.6748046875 0.1025390625 0.09375 0.0859375
1 0.94921875 0.4140625 0.1005859375 0.0458984375
1 0.9658203125 0.45703125 0.068359375 0.05078125
1 0.9658203125 0.2509765625 0.0673828125 0.0625
1 0.970703125 0.068359375 0.0576171875 0.046875
1 0.95703125 0.0390625 0.0859375 0.0751953125
