1 0.4013671875 0.2822265625 0.1572265625 0.0634765625
1 0.453125 0.3505859375 0.0625 0.0556640625
1 0.5791015625 0.3544921875 0.08203125 0.0634765625
1 0.3662109375 0.19140625 0.0634765625 0.0751953125
1 0.2978515625 0.2314453125 0.0966796875 0.06640625
1 0.4287109375 0.0927734375 0.1044921875 0.05859375
1 0.08203125 0.287109375 0.0771484375 0.0498046875
1 0.0478515625 0.40234375 0.0673828125 0.072265625
1 0.3046875 0.373046875 0.1162109375 0.0751953125
1 0.3173828125 0.4697265625 0.0576171875 0.05078125
1 0.3759765625 0.5478515625 0.1162109375 0.1220703125
1 0.18359375 0.5244140625 0.1533203125 0.0771484375
1 0.626953125 0.529296875 0.126953125 0.068359375
1 0.453125 0.6650390625 0.0537109375 0.0498046875
1 0.609375 0.6962890625 0.099609375 0.06640625
1 0.5810546875 0.748046875 0.0771484375 0.111328125
1 0.8212890625 0.6806640625 0.0869140625 0.0751953125
1 0.80078125 0.5859375 0.068359375 0.05859375
1 0.9013671875 0.6103515625 0.0751953125 0.0859375
1 0.94140625 0.501953125 0.1162109375 0.0791015625
1 0.8408203125 0.3984375 0.1318359375 0.0849609375
1 0.1962890625 0.677734375 0.0693359375 0.06640625
1 0.0361328125 0.6298828125 0.0732421875 0.0673828125
1 0.029296875 0.5498046875 0.0595703125 0.056640625
1 0.1279296875 0.37109375 0.0556640625 0.0537109375
1 0.0322265625 0.80078125 0.0654296875 0.0615234375
1 0.232421875 0.8017578125 0.1533203125 0.056640625
1 0.2353515625 0.8759765625 0.1240234375 0.07421875
1 0.560546875 0.89453125 0.06640625 0.0849609375
1 0.6240234375 0.9326171875 0.0634765625 0.095703125
1 0.6865234375 0.921875 0.060546875 0.0556640625
1 0.810546875 0.9208984375 0.1171875 0.099609375
1 0.9375 0.8857421875 0.0791015625 0.0791015625
1 0.939453125 0.7705078125 0.0712890625 0.044921875
1 0.927734375 0.1494140625 0.0751953125 0.09765625
1 0.84765625 0.0986328125 0.0546875 0.072265625
1 0.564453125 0.5791015625 0.0859375 0.0595703125
1 0.4814453125 0.4287109375 0.10546875 0.0634765625
1 0.828125 0.4814453125 0.0595703125 0.0498046875
1 0.96875 0.5830078125 0.0615234375 0.1279296875
1 0.310546875 0.158203125 0.09765625 0.10546875
