1 0.0087890625 0.765625 0.0185546875 0.12109375
1 0.0400390625 0.451171875 0.080078125 0.1845703125
1 0.076171875 0.1611328125 0.1533203125 0.068359375
1 0.2509765625 0.291015625 0.134765625 0.1533203125
1 0.2705078125 0.4853515625 0.0576171875 0.12890625
1 0.2041015625 0.5771484375 0.0947265625 0.16015625
1 0.130859375 0.421875 0.0751953125 0.1640625
1 0.3330078125 0.443359375 0.07421875 0.1201171875
1 0.4892578125 0.5234375 0.1884765625 0.13671875
1 0.46484375 0.60546875 0.103515625 0.119140625
1 0.2158203125 0.705078125 0.169921875 0.11328125
1 0.2421875 0.8515625 0.2255859375 0.08203125
1 0.7734375 0.7431640625 0.2060546875 0.0771484375
1 0.83203125 0.900390625 0.1328125 0.076171875
1 0.8408203125 0.9609375 0.0947265625 0.0771484375
1 0.9501953125 0.935546875 0.0859375 0.1279296875
1 0.9208984375 0.7294921875 0.1064453125 0.12890625
1 0.931640625 0.66015625 0.13671875 0.080078125
1 0.642578125 0.4208984375 0.14453125 0.138671875
1 0.8564453125 0.4189453125 0.255859375 0.1748046875
1 0.7587890625 0.4609375 0.1123046875 0.0888671875
1 0.9658203125 0.400390625 0.068359375 0.0703125
1 0.310546875 0.0537109375 0.1103515625 0.107421875
1 0.7412109375 0.052734375 0.0888671875 0.09765625
1 0.9482421875 0.0654296875 0.1025390625 0.0634765625
1 0.869140625 0.0732421875 0.0634765625 0.0751953125
1 0.4912109375 0.80859375 0.0771484375 0.123046875
1 0.046875 0.962890625 0.0947265625 0.0732421875
1 0.83984375 0.7822265625 0.3193359375 0.14453125
1 0.6611328125 0.72265625 0.0869140625 0.0673828125
1 0.341796875 0.8974609375 0.1064453125 0.07421875
1 0.478515625 0.3037109375 0.0537109375 0.0849609375
