1 0.470703125 0.1279296875 0.11328125 0.0869140625
1 0.4658203125 0.732421875 0.123046875 0.1376953125
1 0.7578125 0.7861328125 0.1083984375 0.1650390625
1 0.3681640625 0.2294921875 0.107421875 0.130859375
1 0.693359375 0.2802734375 0.09765625 0.1025390625
1 0.1162109375 0.1494140625 0.1201171875 0.0751953125
1 0.2255859375 0.916015625 0.0673828125 0.072265625
1 0.1513671875 0.330078125 0.1201171875 0.0830078125
1 0.0771484375 0.9580078125 0.099609375 0.0830078125
1 0.5859375 0.3232421875 0.087890625 0.11328125
1 0.9658203125 0.3564453125 0.068359375 0.0947265625
1 0.5517578125 0.1669921875 0.0703125 0.064453125
1 0.841796875 0.154296875 0.205078125 0.1796875
1 0.595703125 0.7578125 0.087890625 0.0732421875
1 0.4150390625 0.572265625 0.0927734375 0.115234375
1 0.8232421875 0.474609375 0.1611328125 0.1279296875
1 0.9072265625 0.611328125 0.080078125 0.0751953125
1 0.095703125 0.7265625 0.1025390625 0.0908203125
1 0.9130859375 0.71484375 0.0927734375 0.080078125
1 0.13671875 0.4619140625 0.0751953125 0.10546875
1 0.9697265625 0.927734375 0.0595703125 0.1015625
1 0.2490234375 0.4443359375 0.0791015625 0.0751953125
1 0.8095703125 0.962890625 0.099609375 0.0732421875
1 0.1416015625 0.681640625 0.0810546875 0.0810546875
1 0.2939453125 0.375 0.0654296875 0.0771484375
1 0.544921875 0.53125 0.08984375 0.0751953125
1 0.2646484375 0.2705078125 0.125 0.0830078125
1 0.0654296875 0.2578125 0.0830078125 0.0966796875
1 0.462890625 0.267578125 0.0869140625 0.0830078125
1 0.7109375 0.408203125 0.162109375 0.072265625
1 0.1181640625 0.58203125 0.09765625 0.07421875
1 0.4296875 0.3212890625 0.0703125 0.0654296875
1 0.0556640625 0.390625 0.078125 0.0927734375
1 0.14453125 0.2265625 0.0703125 0.0654296875
1 0.9453125 0.0478515625 0.0869140625 0.0927734375
1 0.568359375 0.6171875 0.0693359375 0.0830078125
1 0.1728515625 0.6005859375 0.0595703125 0.0576171875
1 0.1279296875 0.814453125 0.0625 0.052734375
1 0.814453125 0.015625 0.0830078125 0.03125
1 0.021484375 0.0380859375 0.0400390625 0.072265625
1 0.7607421875 0.3642578125 0.1328125 0.0703125
1 0.03515625 0.82421875 0.0712890625 0.0751953125
1 0.025390625 0.14453125 0.05078125 0.0654296875
1 0.5458984375 0.673828125 0.08984375 0.064453125
