1 0.2431640625 0.251953125 0.197265625 0.103515625
1 0.3935546875 0.19140625 0.05859375 0.0556640625
1 0.1318359375 0.458984375 0.078125 0.1201171875
1 0.0595703125 0.6376953125 0.1201171875 0.1181640625
1 0.19140625 0.5830078125 0.10546875 0.072265625
1 0.0537109375 0.5302734375 0.0673828125 0.0849609375
1 0.0302734375 0.732421875 0.060546875 0.0625
1 0.1474609375 0.7666015625 0.177734375 0.076171875
1 0.171875 0.7021484375 0.0888671875 0.076171875
1 0.115234375 0.859375 0.0810546875 0.134765625
1 0.1982421875 0.830078125 0.1005859375 0.0771484375
1 0.3134765625 0.8486328125 0.095703125 0.07421875
1 0.255859375 0.787109375 0.099609375 0.0478515625
1 0.3271484375 0.544921875 0.1064453125 0.1025390625
1 0.3310546875 0.65234375 0.08984375 0.1005859375
1 0.4169921875 0.65234375 0.07421875 0.0703125
1 0.462890625 0.7177734375 0.083984375 0.0771484375
1 0.56640625 0.7451171875 0.0625 0.064453125
1 0.6142578125 0.7080078125 0.0947265625 0.1181640625
1 0.373046875 0.9013671875 0.1533203125 0.0771484375
1 0.1806640625 0.9736328125 0.0859375 0.052734375
1 0.2294921875 0.94140625 0.08203125 0.1171875
1 0.515625 0.9931640625 0.0771484375 0.0126953125
1 0.5322265625 0.951171875 0.181640625 0.09765625
1 0.6220703125 0.8740234375 0.0830078125 0.0654296875
1 0.6748046875 0.94140625 0.0888671875 0.0654296875
1 0.8134765625 0.943359375 0.15625 0.0654296875
1 0.93359375 0.884765625 0.0966796875 0.056640625
1 0.94921875 0.83203125 0.1015625 0.064453125
1 0.8330078125 0.8134765625 0.0771484375 0.0791015625
1 0.7412109375 0.6748046875 0.138671875 0.1005859375
1 0.8935546875 0.6748046875 0.068359375 0.1181640625
1 0.8828125 0.5107421875 0.0791015625 0.1181640625
1 0.8212890625 0.5537109375 0.064453125 0.11328125
1 0.767578125 0.5732421875 0.1220703125 0.0771484375
1 0.68359375 0.572265625 0.12890625 0.0947265625
1 0.4033203125 0.400390625 0.103515625 0.076171875
1 0.4833984375 0.4013671875 0.0888671875 0.0859375
1 0.60546875 0.4150390625 0.1357421875 0.1162109375
1 0.7158203125 0.2099609375 0.0849609375 0.208984375
1 0.650390625 0.064453125 0.16015625 0.0810546875
1 0.7841796875 0.083984375 0.1083984375 0.0625
1 0.4130859375 0.0322265625 0.07421875 0.0654296875
1 0.9365234375 0.166015625 0.1259765625 0.0703125
1 0.158203125 0.173828125 0.0673828125 0.1220703125
1 0.0986328125 0.5419921875 0.0830078125 0.0771484375
1 0.9365234375 0.97265625 0.0615234375 0.0546875
1 0.8916015625 0.91796875 0.0966796875 0.0908203125
1 0.0830078125 0.4296875 0.0634765625 0.0556640625
