1 0.119140625 0.8173828125 0.0947265625 0.0810546875
1 0.462890625 0.08984375 0.080078125 0.0908203125
1 0.6513671875 0.5673828125 0.0859375 0.0859375
1 0.2490234375 0.103515625 0.087890625 0.08984375
1 0.716796875 0.1689453125 0.05859375 0.0859375
1 0.5234375 0.1884765625 0.1259765625 0.07421875
1 0.044921875 0.4658203125 0.0849609375 0.08203125
1 0.140625 0.21875 0.0830078125 0.0830078125
1 0.294921875 0.087890625 0.1083984375 0.0859375
1 0.3544921875 0.1904296875 0.0888671875 0.06640625
1 0.3935546875 0.4912109375 0.091796875 0.06640625
1 0.09375 0.25390625 0.1025390625 0.1083984375
1 0.0458984375 0.5986328125 0.0849609375 0.0517578125
1 0.9716796875 0.1005859375 0.044921875 0.0673828125
1 0.71484375 0.291015625 0.099609375 0.046875
1 0.91796875 0.875 0.080078125 0.1591796875
1 0.83203125 0.15234375 0.107421875 0.0546875
1 0.19140625 0.1396484375 0.0791015625 0.0830078125
1 0.0927734375 0.458984375 0.0693359375 0.056640625
1 0.0546875 0.8828125 0.0361328125 0.04296875
1 0.7021484375 0.505859375 0.05859375 0.0537109375
1 0.6708984375 0.4541015625 0.056640625 0.0732421875
1 0.0341796875 0.2236328125 0.0693359375 0.052734375
1 0.69921875 0.9111328125 0.0927734375 0.0595703125
1 0.763671875 0.3984375 0.0712890625 0.1015625
1 0.7626953125 0.458984375 0.0869140625 0.0556640625
1 0.916015625 0.5849609375 0.0458984375 0.0654296875
1 0.150390625 0.1484375 0.13671875 0.0810546875
1 0.40234375 0.984375 0.0517578125 0.0302734375
1 0.0673828125 0.76171875 0.05859375 0.037109375
1 0.0810546875 0.5400390625 0.0673828125 0.041015625
1 0.220703125 0.5380859375 0.06640625 0.048828125
1 0.0751953125 0.1826171875 0.068359375 0.06640625
1 0.66796875 0.8544921875 0.0732421875 0.0634765625
1 0.447265625 0.7216796875 0.064453125 0.0400390625
1 0.8759765625 0.119140625 0.103515625 0.076171875
1 0.4658203125 0.900390625 0.0771484375 0.0419921875
1 0.4775390625 0.5 0.046875 0.0888671875
1 0.0546875 0.9755859375 0.1083984375 0.0478515625
1 0.7353515625 0.7958984375 0.0693359375 0.041015625
1 0.9345703125 0.193359375 0.130859375 0.12109375
1 0.0400390625 0.1181640625 0.0810546875 0.0791015625
1 0.853515625 0.591796875 0.0595703125 0.060546875
1 0.435546875 0.1875 0.0498046875 0.095703125
1 0.248046875 0.4658203125 0.0576171875 0.1337890625
1 0.248046875 0.94921875 0.0556640625 0.0263671875
1 0.9658203125 0.30859375 0.05078125 0.044921875
1 0.5537109375 0.94921875 0.0556640625 0.0322265625
1 0.119140625 0.037109375 0.0302734375 0.07421875
1 0.5478515625 0.603515625 0.072265625 0.0654296875
1 0.4599609375 0.5849609375 0.1064453125 0.0703125
1 0.125 0.5400390625 0.0654296875 0.0302734375
1 0.1435546875 0.078125 0.0380859375 0.060546875
1 0.5400390625 0.5849609375 0.0810546875 0.0556640625
1 0.01171875 0.5029296875 0.0244140625 0.041015625
1 0.302734375 0.8427734375 0.12890625 0.0341796875
1 0.6572265625 0.1943359375 0.060546875 0.0595703125
1 0.7373046875 0.6201171875 0.0546875 0.0478515625
1 0.1025390625 0.9453125 0.0888671875 0.0341796875
1 0.2314453125 0.6572265625 0.0927734375 0.0341796875
1 0.78125 0.85546875 0.05078125 0.03125
1 0.2333984375 0.9375 0.0546875 0.025390625
1 0.2451171875 0.6279296875 0.07421875 0.044921875
1 0.0888671875 0.8837890625 0.083984375 0.1015625
1 0.03125 0.9208984375 0.0634765625 0.0341796875
1 0.552734375 0.064453125 0.0517578125 0.099609375
1 0.7333984375 0.78125 0.080078125 0.0556640625
1 0.1884765625 0.8115234375 0.0849609375 0.0517578125
1 0.9775390625 0.9091796875 0.044921875 0.0400390625
1 0.314453125 0.1943359375 0.0419921875 0.0537109375
1 0.783203125 0.9716796875 0.0458984375 0.044921875
1 0.26171875 0.8759765625 0.0546875 0.0341796875
1 0.0224609375 0.142578125 0.0458984375 0.0634765625
1 0.4033203125 0.556640625 0.107421875 0.0341796875
1 0.0224609375 0.7412109375 0.0458984375 0.0771484375
1 0.15625 0.9892578125 0.083984375 0.021484375
1 0.333984375 0.87109375 0.068359375 0.072265625
1 0.416015625 0.818359375 0.06640625 0.0478515625
1 0.05859375 0.7294921875 0.1171875 0.078125
1 0.7578125 0.83984375 0.0341796875 0.025390625
1 0.546875 0.552734375 0.0859375 0.0302734375
1 0.6728515625 0.1318359375 0.041015625 0.0498046875
