1 0.927734375 0.158203125 0.1064453125 0.0625
1 0.884765625 0.1103515625 0.0556640625 0.0888671875
1 0.876953125 0.263671875 0.068359375 0.0712890625
1 0.9482421875 0.2626953125 0.087890625 0.0654296875
1 0.7568359375 0.296875 0.1123046875 0.0625
1 0.8017578125 0.4306640625 0.0927734375 0.0869140625
1 0.62109375 0.349609375 0.0556640625 0.123046875
1 0.6943359375 0.5068359375 0.0673828125 0.064453125
1 0.6298828125 0.517578125 0.0693359375 0.0888671875
1 0.5205078125 0.3984375 0.0966796875 0.1005859375
1 0.4521484375 0.375 0.0654296875 0.0576171875
1 0.3427734375 0.2734375 0.125 0.0888671875
1 0.3818359375 0.15234375 0.0869140625 0.1318359375
1 0.166015625 0.0185546875 0.107421875 0.0361328125
1 0.109375 0.130859375 0.087890625 0.111328125
1 0.1181640625 0.216796875 0.076171875 0.0869140625
1 0.2578125 0.212890625 0.0625 0.0927734375
1 0.7099609375 0.1875 0.068359375 0.1005859375
1 0.78515625 0.107421875 0.0712890625 0.099609375
1 0.9833984375 0.6962890625 0.033203125 0.08984375
1 0.9580078125 0.578125 0.0625 0.0625
1 0.96875 0.3994140625 0.0615234375 0.078125
1 0.966796875 0.8017578125 0.0654296875 0.072265625
1 0.8447265625 0.658203125 0.08984375 0.0927734375
1 0.822265625 0.5625 0.0771484375 0.0693359375
1 0.7509765625 0.66015625 0.0576171875 0.0693359375
1 0.5234375 0.595703125 0.0947265625 0.0703125
1 0.6328125 0.630859375 0.083984375 0.0732421875
1 0.46484375 0.767578125 0.1142578125 0.0859375
1 0.4052734375 0.6240234375 0.080078125 0.1015625
1 0.5966796875 0.8056640625 0.1025390625 0.0458984375
1 0.1767578125 0.763671875 0.1240234375 0.10546875
1 0.2841796875 0.673828125 0.14453125 0.076171875
1 0.24609375 0.6572265625 0.0859375 0.1494140625
1 0.7568359375 0.8857421875 0.0751953125 0.0654296875
1 0.7421875 0.96875 0.119140625 0.0615234375
1 0.5234375 0.92578125 0.08984375 0.0625
1 0.103515625 0.9716796875 0.083984375 0.0556640625
1 0.390625 0.900390625 0.080078125 0.095703125
1 0.3603515625 0.8994140625 0.1396484375 0.052734375
1 0.3447265625 0.4599609375 0.1484375 0.1064453125
1 0.4375 0.5263671875 0.09375 0.1142578125
1 0.8671875 0.203125 0.05859375 0.0693359375
1 0.69921875 0.365234375 0.0537109375 0.048828125
1 0.7119140625 0.6962890625 0.0927734375 0.0791015625
1 0.625 0.775390625 0.052734375 0.1298828125
1 0.9423828125 0.4111328125 0.0693359375 0.08984375
1 0.2470703125 0.1484375 0.0634765625 0.0673828125
1 0.3076171875 0.2412109375 0.0458984375 0.1494140625
