1 0.529296875 0.61328125 0.0654296875 0.08984375
1 0.3037109375 0.1396484375 0.0732421875 0.0712890625
1 0.677734375 0.7392578125 0.080078125 0.064453125
1 0.97265625 0.609375 0.044921875 0.078125
1 0.62109375 0.4814453125 0.080078125 0.0556640625
1 0.0322265625 0.4931640625 0.064453125 0.0419921875
1 0.3955078125 0.796875 0.0869140625 0.052734375
1 0.2529296875 0.7529296875 0.06640625 0.064453125
1 0.3291015625 0.7109375 0.095703125 0.0556640625
1 0.9814453125 0.3232421875 0.0361328125 0.0927734375
1 0.2265625 0.5078125 0.0869140625 0.0625
1 0.55078125 0.3974609375 0.056640625 0.056640625
1 0.3916015625 0.7099609375 0.0673828125 0.0537109375
1 0.49609375 0.4296875 0.1142578125 0.0498046875
1 0.6611328125 0.916015625 0.099609375 0.0849609375
1 0.0859375 0.3681640625 0.072265625 0.048828125
1 0.0908203125 0.7412109375 0.0908203125 0.0546875
1 0.7607421875 0.4052734375 0.1083984375 0.0810546875
1 0.1962890625 0.0947265625 0.08203125 0.0439453125
1 0.0078125 0.1904296875 0.015625 0.0673828125
1 0.69921875 0.2041015625 0.04296875 0.078125
1 0.6171875 0.083984375 0.09765625 0.076171875
1 0.02734375 0.396484375 0.0546875 0.06640625
1 0.326171875 0.0986328125 0.07421875 0.0478515625
1 0.005859375 0.3076171875 0.0126953125 0.05859375
1 0.4853515625 0.1865234375 0.091796875 0.0498046875
1 0.6552734375 0.6806640625 0.0546875 0.0693359375
1 0.197265625 0.6962890625 0.07421875 0.04296875
1 0.45703125 0.6962890625 0.05859375 0.0458984375
1 0.50390625 0.498046875 0.0732421875 0.029296875
1 0.1640625 0.1328125 0.0830078125 0.0361328125
1 0.9404296875 0.7138671875 0.0693359375 0.0615234375
1 0.0078125 0.7626953125 0.015625 0.0478515625
1 0.9814453125 0.80078125 0.0361328125 0.072265625
1 0.1279296875 0.015625 0.0498046875 0.0302734375
1 0.3359375 0.0556640625 0.05078125 0.0712890625
1 0.705078125 0.0673828125 0.095703125 0.05078125
1 0.1064453125 0.0478515625 0.0517578125 0.037109375
1 0.12109375 0.78515625 0.08984375 0.0546875
1 0.580078125 0.8291015625 0.0654296875 0.05078125
1 0.40234375 0.9892578125 0.0634765625 0.0205078125
1 0.552734375 0.87109375 0.052734375 0.05078125
1 0.0224609375 0.1455078125 0.044921875 0.0537109375
1 0.037109375 0.548828125 0.06640625 0.0302734375
1 0.61328125 0.845703125 0.107421875 0.041015625
1 0.1748046875 0.1650390625 0.0771484375 0.037109375
1 0.9765625 0.8447265625 0.046875 0.0400390625
1 0.0166015625 0.0185546875 0.033203125 0.037109375
1 0.013671875 0.8974609375 0.0283203125 0.029296875
1 0.955078125 0.328125 0.0341796875 0.0869140625
1 0.404296875 0.0458984375 0.1005859375 0.0625
1 0.8515625 0.28125 0.080078125 0.060546875
1 0.02734375 0.7998046875 0.0556640625 0.04296875
1 0.970703125 0.1005859375 0.05859375 0.1064453125
1 0.447265625 0.5791015625 0.0244140625 0.0283203125
1 0.7958984375 0.7587890625 0.060546875 0.0556640625
1 0.2734375 0.9208984375 0.0771484375 0.046875
