1 0.7314453125 0.6513671875 0.06640625 0.072265625
1 0.0712890625 0.6953125 0.0830078125 0.0830078125
1 0.3935546875 0.3173828125 0.056640625 0.0908203125
1 0.869140625 0.9599609375 0.0517578125 0.076171875
1 0.3544921875 0.1064453125 0.1025390625 0.0654296875
1 0.10546875 0.0556640625 0.0751953125 0.0927734375
1 0.701171875 0.0439453125 0.09375 0.0849609375
1 0.9140625 0.2900390625 0.068359375 0.0732421875
1 0.4462890625 0.3603515625 0.072265625 0.1220703125
1 0.255859375 0.0869140625 0.1142578125 0.0869140625
1 0.41796875 0.4365234375 0.0966796875 0.099609375
1 0.126953125 0.2265625 0.056640625 0.080078125
1 0.193359375 0.3701171875 0.0869140625 0.1083984375
1 0.98046875 0.4453125 0.0380859375 0.076171875
1 0.5966796875 0.27734375 0.0693359375 0.0615234375
1 0.056640625 0.3232421875 0.044921875 0.1396484375
1 0.9853515625 0.7578125 0.02734375 0.091796875
1 0.4677734375 0.619140625 0.0732421875 0.0830078125
1 0.107421875 0.349609375 0.072265625 0.0927734375
1 0.6005859375 0.666015625 0.0400390625 0.08203125
1 0.470703125 0.0888671875 0.0576171875 0.0712890625
1 0.84375 0.373046875 0.0595703125 0.07421875
1 0.9794921875 0.2275390625 0.041015625 0.0693359375
1 0.8447265625 0.04296875 0.04296875 0.083984375
1 0.056640625 0.11328125 0.0986328125 0.068359375
1 0.759765625 0.134765625 0.091796875 0.06640625
1 0.5302734375 0.65625 0.0791015625 0.0908203125
1 0.650390625 0.080078125 0.04296875 0.099609375
1 0.599609375 0.4990234375 0.1123046875 0.0869140625
1 0.6865234375 0.974609375 0.091796875 0.0498046875
1 0.294921875 0.9755859375 0.0537109375 0.048828125
1 0.078125 0.5283203125 0.07421875 0.0888671875
1 0.453125 0.6533203125 0.134765625 0.0654296875
1 0.1533203125 0.5 0.0576171875 0.0615234375
1 0.9140625 0.65234375 0.1240234375 0.099609375
1 0.5869140625 0.966796875 0.0703125 0.041015625
1 0.9716796875 0.2041015625 0.056640625 0.078125
1 0.36328125 0.05859375 0.0751953125 0.078125
1 0.5107421875 0.8447265625 0.1220703125 0.1171875
1 0.7080078125 0.4443359375 0.076171875 0.0625
1 0.765625 0.484375 0.0634765625 0.0400390625
1 0.615234375 0.15234375 0.0673828125 0.0546875
1 0.66796875 0.814453125 0.0556640625 0.041015625
1 0.8759765625 0.7998046875 0.060546875 0.0517578125
1 0.2021484375 0.7333984375 0.0517578125 0.03125
1 0.0830078125 0.67578125 0.0712890625 0.0439453125
1 0.5322265625 0.060546875 0.193359375 0.1142578125
1 0.2001953125 0.392578125 0.091796875 0.06640625
1 0.0263671875 0.8828125 0.0537109375 0.068359375
1 0.2568359375 0.796875 0.05859375 0.056640625
1 0.318359375 0.4931640625 0.0615234375 0.072265625
1 0.4951171875 0.9638671875 0.0615234375 0.0654296875
1 0.283203125 0.720703125 0.109375 0.0908203125
1 0.9404296875 0.38671875 0.10546875 0.0556640625
1 0.1552734375 0.4328125 0.055273437499999994 0.07207031250000001
1 0.86328125 0.1982421875 0.099609375 0.0419921875
1 0.146484375 0.765625 0.091796875 0.046875
1 0.126953125 0.7216796875 0.0419921875 0.0546875
1 0.5634765625 0.04296875 0.134765625 0.0869140625
1 0.58203125 0.154296875 0.1298828125 0.0908203125
1 0.818359375 0.3935546875 0.0732421875 0.064453125
1 0.7705078125 0.4404296875 0.046875 0.07421875
1 0.9306640625 0.4296875 0.0439453125 0.0966796875
1 0.2734375 0.4443359375 0.0712890625 0.0400390625
1 0.8828125 0.521484375 0.064453125 0.04296875
1 0.5390625 0.455078125 0.0947265625 0.0615234375
1 0.8798828125 0.462890625 0.0546875 0.02734375
1 0.1591796875 0.583984375 0.1240234375 0.0517578125
1 0.6435546875 0.4521484375 0.05859375 0.0390625
1 0.446875 0.76328125 0.17441406250000002 0.05166015624999998
1 0.15625 0.8330078125 0.0400390625 0.0302734375
1 0.2470703125 0.9775390625 0.0400390625 0.0400390625
1 0.61328125 0.03125 0.0693359375 0.060546875
1 0.318359375 0.2119140625 0.1611328125 0.0849609375
1 0.544921875 0.7294921875 0.0947265625 0.048828125
1 0.501953125 0.87109375 0.0478515625 0.0751953125
1 0.478515625 0.6982421875 0.0654296875 0.072265625
1 0.4501953125 0.986328125 0.029296875 0.02734375
1 0.8740234375 0.21484375 0.0771484375 0.0380859375
1 0.439453125 0.0263671875 0.056640625 0.0517578125
1 0.0625 0.025390625 0.0712890625 0.0498046875
1 0.7724609375 0.369140625 0.06640625 0.0576171875
1 0.0185546875 0.947265625 0.0361328125 0.046875
1 0.4912109375 0.546875 0.0888671875 0.05078125
1 0.1611328125 0.7958984375 0.0703125 0.0419921875
1 0.82421875 0.7958984375 0.041015625 0.04296875
1 0.8427734375 0.189453125 0.1962890625 0.0625
1 0.951171875 0.6787109375 0.056640625 0.0458984375
