1 0.044921875 0.04296875 0.0625 0.0546875
1 0.0361328125 0.08984375 0.0595703125 0.056640625
1 0.259765625 0.0791015625 0.1005859375 0.0830078125
1 0.2080078125 0.1171875 0.072265625 0.052734375
1 0.1123046875 0.2109375 0.0771484375 0.0498046875
1 0.345703125 0.1328125 0.103515625 0.087890625
1 0.4189453125 0.1474609375 0.0625 0.0615234375
1 0.47265625 0.087890625 0.1044921875 0.0634765625
1 0.53515625 0.109375 0.0654296875 0.056640625
1 0.5810546875 0.13671875 0.05859375 0.0537109375
1 0.587890625 0.21484375 0.046875 0.0517578125
1 0.6787109375 0.19921875 0.0859375 0.0693359375
1 0.671875 0.099609375 0.1083984375 0.078125
1 0.7197265625 0.076171875 0.0654296875 0.06640625
1 0.4931640625 0.306640625 0.060546875 0.072265625
1 0.4267578125 0.3076171875 0.0693359375 0.0576171875
1 0.333984375 0.4208984375 0.0625 0.1240234375
1 0.2421875 0.54296875 0.0830078125 0.0546875
1 0.0537109375 0.591796875 0.07421875 0.06640625
1 0.140625 0.6494140625 0.0869140625 0.0712890625
1 0.0302734375 0.4189453125 0.0615234375 0.0625
1 0.5390625 0.5263671875 0.07421875 0.109375
1 0.564453125 0.4150390625 0.06640625 0.0634765625
1 0.3818359375 0.5859375 0.068359375 0.072265625
1 0.3046875 0.65234375 0.068359375 0.0673828125
1 0.048828125 0.779296875 0.095703125 0.0966796875
1 0.404296875 0.826171875 0.078125 0.0556640625
1 0.3876953125 0.904296875 0.0966796875 0.107421875
1 0.5390625 0.7802734375 0.1083984375 0.0576171875
1 0.55859375 0.826171875 0.0517578125 0.0546875
1 0.6123046875 0.8427734375 0.0595703125 0.0478515625
1 0.6376953125 0.7216796875 0.0595703125 0.076171875
1 0.6396484375 0.6240234375 0.072265625 0.072265625
1 0.4931640625 0.646484375 0.0908203125 0.083984375
1 0.7939453125 0.9833984375 0.0595703125 0.033203125
1 0.853515625 0.9423828125 0.072265625 0.115234375
1 0.884765625 0.8017578125 0.0654296875 0.064453125
1 0.8330078125 0.6318359375 0.068359375 0.06640625
1 0.8974609375 0.6201171875 0.08203125 0.080078125
1 0.9013671875 0.53515625 0.0654296875 0.0634765625
1 0.8759765625 0.359375 0.068359375 0.072265625
1 0.8076171875 0.4501953125 0.0673828125 0.0849609375
1 0.677734375 0.505859375 0.0888671875 0.0673828125
1 0.693359375 0.4150390625 0.0537109375 0.09765625
1 0.7041015625 0.287109375 0.06640625 0.0849609375
1 0.7861328125 0.28515625 0.056640625 0.0517578125
1 0.8564453125 0.1181640625 0.0703125 0.080078125
1 0.96875 0.05859375 0.0595703125 0.1005859375
1 0.025390625 0.7099609375 0.048828125 0.068359375
1 0.771484375 0.6083984375 0.056640625 0.08984375
1 0.2109375 0.486328125 0.0439453125 0.0498046875
1 0.251953125 0.67578125 0.111328125 0.064453125
1 0.7314453125 0.4580078125 0.0390625 0.044921875
1 0.96875 0.013671875 0.0537109375 0.02734375
1 0.556640625 0.013671875 0.0556640625 0.0283203125
1 0.6259765625 0.76171875 0.03125 0.0341796875
