1 0.07421875 0.1708984375 0.0634765625 0.072265625
1 0.017578125 0.140625 0.03515625 0.0693359375
1 0.26953125 0.0927734375 0.080078125 0.099609375
1 0.3486328125 0.068359375 0.091796875 0.1162109375
1 0.619140625 0.12109375 0.0947265625 0.0986328125
1 0.62890625 0.173828125 0.0966796875 0.0732421875
1 0.43359375 0.240234375 0.08203125 0.060546875
1 0.4658203125 0.34765625 0.0576171875 0.0908203125
1 0.458984375 0.4326171875 0.1318359375 0.0625
1 0.37890625 0.3916015625 0.0673828125 0.0830078125
1 0.66015625 0.4052734375 0.0810546875 0.083984375
1 0.7958984375 0.3095703125 0.0625 0.06640625
1 0.9423828125 0.1259765625 0.0625 0.1083984375
1 0.9140625 0.033203125 0.0732421875 0.0673828125
1 0.0654296875 0.5244140625 0.0791015625 0.1162109375
1 0.1044921875 0.62109375 0.0732421875 0.087890625
1 0.2666015625 0.599609375 0.072265625 0.0927734375
1 0.314453125 0.513671875 0.083984375 0.064453125
1 0.958984375 0.322265625 0.0595703125 0.0673828125
1 0.970703125 0.3896484375 0.05859375 0.0712890625
1 0.958984375 0.6513671875 0.07421875 0.099609375
1 0.814453125 0.7607421875 0.0771484375 0.1123046875
1 0.5322265625 0.7548828125 0.1171875 0.1171875
1 0.3564453125 0.767578125 0.095703125 0.078125
1 0.0830078125 0.7587890625 0.064453125 0.0859375
1 0.083984375 0.6923828125 0.0478515625 0.04296875
1 0.96875 0.896484375 0.0625 0.078125
1 0.8154296875 0.9228515625 0.08203125 0.0576171875
1 0.0263671875 0.78515625 0.0537109375 0.0673828125
1 0.025390625 0.849609375 0.0517578125 0.0458984375
1 0.0927734375 0.9501953125 0.0537109375 0.060546875
1 0.3369140625 0.2822265625 0.064453125 0.0625
1 0.291015625 0.337890625 0.046875 0.072265625
