1 0.033203125 0.865234375 0.06640625 0.0947265625
1 0.0166015625 0.962890625 0.033203125 0.0732421875
1 0.0556640625 0.9912109375 0.0771484375 0.017578125
1 0.12109375 0.9736328125 0.103515625 0.0517578125
1 0.08984375 0.9384765625 0.109375 0.0625
1 0.302734375 0.9912109375 0.0849609375 0.0166015625
1 0.3330078125 0.9375 0.10546875 0.091796875
1 0.396484375 0.876953125 0.123046875 0.083984375
1 0.1796875 0.7060546875 0.0732421875 0.123046875
1 0.0673828125 0.529296875 0.0771484375 0.1064453125
1 0.0166015625 0.01171875 0.0341796875 0.0234375
1 0.30859375 0.013671875 0.0712890625 0.02734375
1 0.3212890625 0.0625 0.0732421875 0.06640625
1 0.41796875 0.0263671875 0.064453125 0.0537109375
1 0.5888671875 0.017578125 0.0927734375 0.03515625
1 0.546875 0.0986328125 0.08203125 0.0947265625
1 0.6708984375 0.0625 0.095703125 0.07421875
1 0.70703125 0.013671875 0.07421875 0.02734375
1 0.216796875 0.3203125 0.064453125 0.0625
1 0.298828125 0.2978515625 0.0830078125 0.087890625
1 0.2626953125 0.4169921875 0.080078125 0.0380859375
1 0.359375 0.3876953125 0.1123046875 0.107421875
1 0.388671875 0.48046875 0.078125 0.1376953125
1 0.4580078125 0.4521484375 0.056640625 0.056640625
1 0.1591796875 0.4287109375 0.1142578125 0.072265625
1 0.0478515625 0.3720703125 0.0966796875 0.072265625
1 0.5087890625 0.3115234375 0.0712890625 0.087890625
1 0.5654296875 0.275390625 0.1083984375 0.0654296875
1 0.73046875 0.2861328125 0.091796875 0.08984375
1 0.56640625 0.38671875 0.0673828125 0.0712890625
1 0.6513671875 0.3974609375 0.080078125 0.0712890625
1 0.548828125 0.5244140625 0.0712890625 0.07421875
1 0.58984375 0.478515625 0.068359375 0.091796875
1 0.35546875 0.6103515625 0.0869140625 0.103515625
1 0.7333984375 0.560546875 0.1025390625 0.080078125
1 0.6650390625 0.587890625 0.0654296875 0.0888671875
1 0.9013671875 0.37109375 0.1259765625 0.068359375
1 0.83203125 0.4814453125 0.080078125 0.068359375
1 0.9345703125 0.5712890625 0.083984375 0.0888671875
1 0.890625 0.7275390625 0.08984375 0.0693359375
1 0.8115234375 0.75390625 0.119140625 0.0712890625
1 0.75390625 0.8544921875 0.0947265625 0.07421875
1 0.6845703125 0.8935546875 0.0859375 0.1064453125
1 0.7890625 0.943359375 0.115234375 0.0595703125
1 0.5947265625 0.9814453125 0.0986328125 0.0361328125
1 0.6630859375 0.982421875 0.07421875 0.0341796875
1 0.94140625 0.9208984375 0.1162109375 0.0810546875
1 0.869140625 0.9814453125 0.0712890625 0.037109375
1 0.7890625 0.986328125 0.1025390625 0.02734375
1 0.931640625 0.9853515625 0.083984375 0.029296875
1 0.8642578125 0.205078125 0.0849609375 0.099609375
1 0.8037109375 0.125 0.1416015625 0.08203125
1 0.837890625 0.0283203125 0.0810546875 0.0576171875
1 0.9541015625 0.01171875 0.08203125 0.0244140625
1 0.9423828125 0.0693359375 0.064453125 0.083984375
1 0.97265625 0.1171875 0.0537109375 0.048828125
1 0.537109375 0.9287109375 0.08203125 0.0625
1 0.990234375 0.8046875 0.01953125 0.0654296875
1 0.3984375 0.0224609375 0.0888671875 0.044921875
1 0.6533203125 0.017578125 0.078125 0.0361328125
1 0.966796875 0.0830078125 0.0615234375 0.0791015625
1 0.986328125 0.076171875 0.0263671875 0.046875
1 0.740234375 0.193359375 0.0458984375 0.060546875
1 0.9169921875 0.3955078125 0.126953125 0.08203125
1 0.83203125 0.388671875 0.0703125 0.0693359375
1 0.732421875 0.3330078125 0.0986328125 0.0673828125
1 0.298828125 0.35546875 0.0849609375 0.0830078125
1 0.2607421875 0.3935546875 0.0888671875 0.052734375
1 0.4443359375 0.609375 0.0927734375 0.0830078125
1 0.9501953125 0.8310546875 0.0556640625 0.048828125
1 0.9404296875 0.9638671875 0.0517578125 0.0205078125
