1 0.9619140625 0.677734375 0.0751953125 0.0869140625
1 0.6611328125 0.5859375 0.1376953125 0.0751953125
1 0.2607421875 0.6259765625 0.078125 0.107421875
1 0.7958984375 0.86328125 0.087890625 0.107421875
1 0.501953125 0.6044921875 0.115234375 0.140625
1 0.0927734375 0.96484375 0.0771484375 0.0703125
1 0.9453125 0.8818359375 0.1083984375 0.099609375
1 0.861328125 0.3232421875 0.0751953125 0.126953125
1 0.1904296875 0.1357421875 0.0849609375 0.107421875
1 0.103515625 0.326171875 0.107421875 0.103515625
1 0.0849609375 0.18359375 0.0927734375 0.1181640625
1 0.9072265625 0.48046875 0.0625 0.0927734375
1 0.73828125 0.421875 0.072265625 0.1298828125
1 0.17578125 0.3564453125 0.072265625 0.1904296875
1 0.67578125 0.1552734375 0.08203125 0.1572265625
1 0.107421875 0.0849609375 0.09765625 0.0947265625
1 0.638671875 0.0654296875 0.09765625 0.1279296875
1 0.0556640625 0.4091796875 0.111328125 0.14453125
1 0.7763671875 0.4794921875 0.0654296875 0.109375
1 0.76953125 0.318359375 0.044921875 0.0625
1 0.2265625 0.341796875 0.0791015625 0.14453125
1 0.025390625 0.8056640625 0.05078125 0.1064453125
