1 0.24609375 0.9169921875 0.0830078125 0.099609375
1 0.345703125 0.9033203125 0.0751953125 0.0703125
1 0.400390625 0.98046875 0.09765625 0.0390625
1 0.4658203125 0.8154296875 0.08203125 0.0751953125
1 0.5439453125 0.779296875 0.083984375 0.072265625
1 0.4912109375 0.8828125 0.0771484375 0.0556640625
1 0.173828125 0.7275390625 0.11328125 0.0576171875
1 0.1748046875 0.775390625 0.126953125 0.060546875
1 0.3193359375 0.73828125 0.0595703125 0.0830078125
1 0.1591796875 0.5693359375 0.091796875 0.0947265625
1 0.3134765625 0.525390625 0.0673828125 0.0751953125
1 0.38671875 0.5205078125 0.1064453125 0.072265625
1 0.4111328125 0.4306640625 0.107421875 0.0751953125
1 0.486328125 0.455078125 0.0595703125 0.083984375
1 0.84765625 0.5166015625 0.119140625 0.083984375
1 0.7177734375 0.5849609375 0.09765625 0.09375
1 0.0205078125 0.939453125 0.0419921875 0.0810546875
1 0.232421875 0.98046875 0.0791015625 0.0390625
1 0.466796875 0.140625 0.115234375 0.08203125
1 0.4091796875 0.228515625 0.0478515625 0.0556640625
1 0.587890625 0.0458984375 0.0810546875 0.0712890625
1 0.2001953125 0.02734375 0.103515625 0.0556640625
