1 0.8466796875 0.0625 0.142578125 0.0625
1 0.69140625 0.0615234375 0.08984375 0.060546875
1 0.5634765625 0.16015625 0.0712890625 0.056640625
1 0.7880859375 0.1572265625 0.068359375 0.0517578125
1 0.8603515625 0.21484375 0.064453125 0.103515625
1 0.849609375 0.9658203125 0.107421875 0.0673828125
1 0.9130859375 0.984375 0.0478515625 0.0302734375
1 0.677734375 0.7998046875 0.0810546875 0.056640625
1 0.5830078125 0.9775390625 0.0419921875 0.0439453125
1 0.9560546875 0.71875 0.087890625 0.08203125
1 0.9072265625 0.7900390625 0.083984375 0.0576171875
1 0.7900390625 0.42578125 0.083984375 0.078125
1 0.630859375 0.375 0.1337890625 0.091796875
1 0.4990234375 0.3125 0.060546875 0.0595703125
1 0.4111328125 0.2744140625 0.076171875 0.095703125
1 0.53125 0.5234375 0.1298828125 0.05859375
1 0.5478515625 0.6123046875 0.095703125 0.0791015625
1 0.47265625 0.5732421875 0.0478515625 0.0400390625
1 0.359375 0.705078125 0.1103515625 0.0625
1 0.310546875 0.8447265625 0.111328125 0.07421875
1 0.1591796875 0.5830078125 0.1435546875 0.0634765625
1 0.158203125 0.6474609375 0.130859375 0.0576171875
1 0.048828125 0.501953125 0.0986328125 0.056640625
1 0.16015625 0.0439453125 0.16796875 0.068359375
1 0.0244140625 0.1396484375 0.0498046875 0.048828125
1 0.0244140625 0.0791015625 0.0498046875 0.04296875
