1 0.9150390625 0.4677734375 0.078125 0.083984375
1 0.4892578125 0.2626953125 0.0732421875 0.0732421875
1 0.0810546875 0.2587890625 0.095703125 0.0615234375
1 0.2001953125 0.09375 0.0556640625 0.0830078125
1 0.2470703125 0.1708984375 0.091796875 0.048828125
1 0.6728515625 0.1650390625 0.06640625 0.072265625
1 0.91796875 0.189453125 0.0908203125 0.076171875
1 0.58203125 0.7353515625 0.0869140625 0.0859375
1 0.716796875 0.2646484375 0.037109375 0.0791015625
1 0.3740234375 0.060546875 0.0986328125 0.0634765625
1 0.1552734375 0.74609375 0.0732421875 0.0810546875
1 0.7783203125 0.0849609375 0.02734375 0.080078125
1 0.333984375 0.076171875 0.0830078125 0.083984375
1 0.1787109375 0.87890625 0.0908203125 0.0458984375
1 0.978515625 0.376953125 0.0419921875 0.080078125
1 0.111328125 0.0634765625 0.07421875 0.0693359375
1 0.712890625 0.541015625 0.0576171875 0.0517578125
1 0.4013671875 0.2978515625 0.0771484375 0.0634765625
1 0.875 0.357421875 0.0634765625 0.0439453125
1 0.3212890625 0.3427734375 0.1025390625 0.0625
1 0.505859375 0.087890625 0.083984375 0.0439453125
1 0.970703125 0.908203125 0.0576171875 0.02734375
1 0.1884765625 0.017578125 0.0908203125 0.033203125
1 0.314453125 0.9013671875 0.0947265625 0.048828125
1 0.9111328125 0.2880859375 0.138671875 0.0390625
1 0.21875 0.470703125 0.08984375 0.03125
1 0.8154296875 0.3427734375 0.03125 0.068359375
1 0.9306640625 0.5712890625 0.111328125 0.0634765625
1 0.6142578125 0.34375 0.0556640625 0.1171875
1 0.6064453125 0.9423828125 0.0546875 0.0654296875
1 0.2470703125 0.5673828125 0.0966796875 0.0439453125
1 0.216796875 0.9755859375 0.0654296875 0.044921875
1 0.4033203125 0.40234375 0.0830078125 0.05078125
1 0.865234375 0.4716796875 0.05859375 0.0498046875
1 0.9267578125 0.0458984375 0.0654296875 0.056640625
1 0.3984375 0.7509765625 0.078125 0.041015625
1 0.6873046875 0.681640625 0.10664062500000004 0.0322265625
1 0.9453125 0.6484375 0.0537109375 0.0576171875
1 0.1552734375 0.30078125 0.0537109375 0.0361328125
1 0.89453125 0.2421875 0.0283203125 0.0654296875
1 0.9833984375 0.1396484375 0.0322265625 0.06640625
1 0.3828125 0.330078125 0.083984375 0.0439453125
1 0.6142578125 0.4521484375 0.0498046875 0.025390625
1 0.830078125 0.2119140625 0.0361328125 0.046875
1 0.626953125 0.7001953125 0.0712890625 0.0234375
1 0.8935546875 0.6494140625 0.0693359375 0.04296875
1 0.619140625 0.0126953125 0.0625 0.0234375
1 0.01171875 0.015625 0.0234375 0.03125
1 0.7998046875 0.544921875 0.0732421875 0.021484375
1 0.4580078125 0.9267578125 0.0517578125 0.0244140625
1 0.396484375 0.798828125 0.076171875 0.0478515625
1 0.693359375 0.03125 0.091796875 0.05078125
1 0.0068359375 0.0166015625 0.0146484375 0.0341796875
1 0.822265625 0.9345703125 0.052734375 0.0322265625
1 0.009765625 0.9873046875 0.0205078125 0.021484375
1 0.8818359375 0.896484375 0.037109375 0.0478515625
1 0.9140625 0.853515625 0.080078125 0.0380859375
1 0.7646484375 0.46875 0.0869140625 0.0634765625
1 0.4052734375 0.9638671875 0.0693359375 0.072265625
1 0.0283203125 0.619140625 0.0556640625 0.0478515625
1 0.3388671875 0.712890625 0.1064453125 0.037109375
1 0.5166015625 0.9482421875 0.0693359375 0.0263671875
1 0.091796875 0.5888671875 0.0634765625 0.0478515625
1 0.5595703125 0.62109375 0.05078125 0.0390625
1 0.876953125 0.5869140625 0.0810546875 0.0546875
1 0.7158203125 0.369140625 0.0478515625 0.03515625
1 0.8701171875 0.283203125 0.107421875 0.0546875
1 0.8466796875 0.7412109375 0.05078125 0.044921875
1 0.248046875 0.826171875 0.0673828125 0.0302734375
1 0.4267578125 0.1611328125 0.0869140625 0.072265625
1 0.095703125 0.982421875 0.0419921875 0.03515625
