1 0.6640625 0.837890625 0.0751953125 0.0732421875
1 0.7763671875 0.966796875 0.0693359375 0.05859375
1 0.9619140625 0.8994140625 0.0751953125 0.0849609375
1 0.6669921875 0.6865234375 0.08984375 0.1396484375
1 0.53515625 0.6455078125 0.095703125 0.083984375
1 0.3125 0.4658203125 0.0771484375 0.0625
1 0.6298828125 0.404296875 0.0888671875 0.08984375
1 0.6455078125 0.9599609375 0.05859375 0.0595703125
1 0.681640625 0.5869140625 0.0849609375 0.0751953125
1 0.845703125 0.388671875 0.044921875 0.080078125
1 0.6943359375 0.9443359375 0.0703125 0.0849609375
1 0.595703125 0.638671875 0.08203125 0.0849609375
1 0.9013671875 0.7822265625 0.072265625 0.0595703125
