1 0.9921875 0.03515625 0.015625 0.0712890625
1 0.57421875 0.0498046875 0.08984375 0.099609375
1 0.373046875 0.06640625 0.091796875 0.0966796875
1 0.7314453125 0.271484375 0.0791015625 0.103515625
1 0.763671875 0.4833984375 0.115234375 0.099609375
1 0.87890625 0.6572265625 0.1083984375 0.1689453125
1 0.6513671875 0.65625 0.1044921875 0.150390625
1 0.6318359375 0.89453125 0.099609375 0.1591796875
1 0.5126953125 0.37109375 0.1083984375 0.087890625
1 0.294921875 0.259765625 0.0888671875 0.083984375
1 0.4677734375 0.25 0.0810546875 0.080078125
1 0.3291015625 0.6240234375 0.095703125 0.09375
1 0.3818359375 0.912109375 0.0810546875 0.1455078125
1 0.2861328125 0.7314453125 0.103515625 0.099609375
1 0.0849609375 0.9267578125 0.169921875 0.1376953125
1 0.705078125 0.01953125 0.0673828125 0.0390625
1 0.044921875 0.0244140625 0.0908203125 0.0498046875
1 0.0302734375 0.134765625 0.060546875 0.1005859375
1 0.861328125 0.244140625 0.08203125 0.060546875
1 0.947265625 0.0390625 0.1025390625 0.078125
1 0.6416015625 0.412109375 0.0888671875 0.0537109375
1 0.37109375 0.490234375 0.0751953125 0.0546875
1 0.2509765625 0.3857421875 0.0673828125 0.0478515625
1 0.16015625 0.3818359375 0.0654296875 0.0546875
1 0.0517578125 0.3662109375 0.08984375 0.0751953125
1 0.03125 0.5029296875 0.0634765625 0.060546875
1 0.4208984375 0.6171875 0.0634765625 0.0576171875
1 0.5283203125 0.5732421875 0.0966796875 0.1318359375
1 0.9404296875 0.6796875 0.07421875 0.0986328125
1 0.697265625 0.873046875 0.046875 0.0576171875
1 0.7841796875 0.923828125 0.1103515625 0.0810546875
1 0.962890625 0.9150390625 0.07421875 0.05859375
1 0.9482421875 0.96875 0.103515625 0.0625
1 0.2587890625 0.8642578125 0.0634765625 0.048828125
1 0.0390625 0.8330078125 0.0771484375 0.0595703125
1 0.8291015625 0.1494140625 0.046875 0.03125
1 0.4775390625 0.1591796875 0.0576171875 0.0458984375
