1 0.2001953125 0.0439453125 0.1494140625 0.0888671875
1 0.0595703125 0.044921875 0.1201171875 0.08984375
1 0.9697265625 0.857421875 0.0595703125 0.0595703125
1 0.6142578125 0.947265625 0.1455078125 0.08984375
1 0.501953125 0.7705078125 0.2431640625 0.1552734375
1 0.8798828125 0.4169921875 0.119140625 0.0888671875
1 0.953125 0.05859375 0.09375 0.1171875
1 0.9482421875 0.9208984375 0.1025390625 0.0791015625
1 0.3037109375 0.9638671875 0.11328125 0.072265625
1 0.8232421875 0.072265625 0.109375 0.14453125
1 0.720703125 0.9814453125 0.1416015625 0.037109375
1 0.8427734375 0.3525390625 0.09375 0.0986328125
1 0.603515625 0.9775390625 0.15234375 0.0439453125
1 0.6826171875 0.8115234375 0.083984375 0.146484375
1 0.7568359375 0.7607421875 0.1123046875 0.07421875
1 0.8828125 0.08984375 0.087890625 0.076171875
1 0.6806640625 0.361328125 0.1298828125 0.0546875
1 0.044921875 0.74609375 0.08984375 0.0810546875
1 0.3681640625 0.49609375 0.0771484375 0.3095703125
1 0.072265625 0.078125 0.048828125 0.0810546875
1 0.9345703125 0.142578125 0.0478515625 0.052734375
