1 0.1259765625 0.25390625 0.115234375 0.0615234375
1 0.4814453125 0.0390625 0.09765625 0.0751953125
1 0.79296875 0.716796875 0.080078125 0.072265625
1 0.5107421875 0.1474609375 0.1279296875 0.0654296875
1 0.47265625 0.0869140625 0.103515625 0.0546875
1 0.4384765625 0.4072265625 0.1005859375 0.05859375
1 0.3310546875 0.384765625 0.08984375 0.0576171875
1 0.0556640625 0.580078125 0.111328125 0.0908203125
1 0.2470703125 0.1005859375 0.1259765625 0.0556640625
1 0.05078125 0.50390625 0.1025390625 0.05859375
1 0.5693359375 0.3125 0.1025390625 0.05859375
1 0.6162109375 0.708984375 0.0908203125 0.0595703125
1 0.484375 0.6201171875 0.0908203125 0.0693359375
1 0.5126953125 0.2529296875 0.09375 0.072265625
1 0.8271484375 0.625 0.083984375 0.064453125
1 0.6796875 0.630859375 0.0947265625 0.0458984375
1 0.69921875 0.974609375 0.0751953125 0.05078125
1 0.8955078125 0.77734375 0.08203125 0.048828125
1 0.28125 0.4658203125 0.1171875 0.0419921875
1 0.05859375 0.771484375 0.1181640625 0.0341796875
1 0.736328125 0.06640625 0.107421875 0.0595703125
1 0.1875 0.7919921875 0.1025390625 0.046875
1 0.716796875 0.560546875 0.0869140625 0.048828125
1 0.166015625 0.1591796875 0.0830078125 0.0517578125
1 0.8994140625 0.6875 0.0859375 0.0361328125
1 0.0380859375 0.4150390625 0.0771484375 0.0458984375
1 0.0400390625 0.978515625 0.076171875 0.04296875
1 0.962890625 0.189453125 0.07421875 0.0703125
1 0.9912109375 0.3916015625 0.017578125 0.056640625
1 0.4423828125 0.26953125 0.0751953125 0.0322265625
1 0.578125 0.935546875 0.0888671875 0.052734375
1 0.787109375 0.7822265625 0.095703125 0.037109375
1 0.9755859375 0.3076171875 0.048828125 0.05859375
1 0.0380859375 0.0263671875 0.072265625 0.0517578125
1 0.03515625 0.36328125 0.0712890625 0.0537109375
1 0.1748046875 0.73828125 0.10546875 0.0517578125
1 0.560546875 0.35546875 0.0771484375 0.05078125
1 0.3056640625 0.4501953125 0.1123046875 0.0498046875
1 0.33984375 0.08203125 0.0634765625 0.0380859375
1 0.3017578125 0.8330078125 0.1142578125 0.046875
1 0.8134765625 0.5234375 0.0751953125 0.0390625
1 0.4453125 0.97265625 0.109375 0.0537109375
1 0.9404296875 0.09375 0.080078125 0.0673828125
1 0.3056640625 0.7841796875 0.0693359375 0.0556640625
1 0.96875 0.76171875 0.0625 0.0498046875
1 0.53125 0.66796875 0.05859375 0.0390625
1 0.6337890625 0.9765625 0.0966796875 0.033203125
1 0.3125 0.16796875 0.11328125 0.064453125
1 0.78125 0.34765625 0.0576171875 0.044921875
1 0.712890625 0.4345703125 0.1328125 0.0439453125
1 0.666015625 0.876953125 0.0654296875 0.04296875
1 0.2158203125 0.0625 0.16015625 0.05859375
1 0.0224609375 0.4345703125 0.0458984375 0.0390625
1 0.611328125 0.75390625 0.0859375 0.0341796875
1 0.1796875 0.8447265625 0.146484375 0.0419921875
1 0.8681640625 0.43359375 0.08984375 0.0576171875
1 0.6845703125 0.810546875 0.09375 0.0458984375
1 0.326171875 0.869140625 0.1181640625 0.0341796875
1 0.7333984375 0.3994140625 0.08984375 0.0595703125
1 0.9345703125 0.9658203125 0.064453125 0.033203125
1 0.5712890625 0.5732421875 0.08984375 0.02734375
1 0.984375 0.1455078125 0.0302734375 0.0537109375
1 0.9716796875 0.9892578125 0.0380859375 0.0205078125
1 0.982421875 0.0185546875 0.0341796875 0.037109375
1 0.9765625 0.89453125 0.0458984375 0.03125
1 0.2216796875 0.423828125 0.060546875 0.0361328125
1 0.6083984375 0.9892578125 0.0498046875 0.021484375
1 0.771484375 0.990234375 0.0361328125 0.01953125
1 0.814453125 0.8154296875 0.072265625 0.02734375
1 0.162109375 0.4697265625 0.1015625 0.03515625
1 0.943359375 0.4365234375 0.0478515625 0.0498046875
1 0.0478515625 0.732421875 0.095703125 0.04296875
1 0.123046875 0.7431640625 0.0791015625 0.0517578125
1 0.5400390625 0.81640625 0.0634765625 0.0341796875
1 0.1845703125 0.9453125 0.1103515625 0.0498046875
1 0.09375 0.8564453125 0.1513671875 0.0712890625
1 0.74609375 0.703125 0.0810546875 0.0498046875
1 0.7939453125 0.845703125 0.0654296875 0.03125
1 0.7109375 0.455078125 0.107421875 0.021484375
