1 0.05859375 0.7841796875 0.1181640625 0.099609375
1 0.1513671875 0.640625 0.1064453125 0.1640625
1 0.294921875 0.7275390625 0.080078125 0.08203125
1 0.2205078125 0.9150390625 0.1171875 0.1328125
1 0.3701171875 0.828125 0.123046875 0.083984375
1 0.5576171875 0.77734375 0.12890625 0.08203125
1 0.767578125 0.8115234375 0.12890625 0.0869140625
1 0.66015625 0.93359375 0.07421875 0.126953125
1 0.8701171875 0.7705078125 0.0888671875 0.0849609375
1 0.556640625 0.5810546875 0.2490234375 0.228515625
1 0.482421875 0.5751953125 0.126953125 0.12109375
1 0.326171875 0.48828125 0.130859375 0.1923828125
1 0.0654296875 0.3134765625 0.0732421875 0.0673828125
1 0.068359375 0.1728515625 0.111328125 0.115234375
1 0.013671875 0.03125 0.0283203125 0.0556640625
1 0.119140625 0.0859375 0.107421875 0.0810546875
1 0.3330078125 0.1953125 0.0849609375 0.14453125
1 0.6552734375 0.30859375 0.20703125 0.115234375
1 0.8955078125 0.404296875 0.142578125 0.1015625
1 0.9658203125 0.5322265625 0.068359375 0.1435546875
1 0.9259765625 0.1009765625 0.14726562499999996 0.181640625
1 0.625 0.158203125 0.1083984375 0.0947265625
1 0.3525390625 0.0546875 0.279296875 0.109375
1 0.0263671875 0.45703125 0.05078125 0.07421875
1 0.01953125 0.3935546875 0.0400390625 0.0634765625
1 0.0205078125 0.552734375 0.041015625 0.1015625
1 0.154296875 0.451171875 0.171875 0.2177734375
1 0.3017578125 0.5517578125 0.0673828125 0.0751953125
1 0.5390625 0.98046875 0.119140625 0.0390625
1 0.9697265625 0.9697265625 0.0556640625 0.060546875
