1 0.6591796875 0.9609375 0.1044921875 0.078125
1 0.37890625 0.6826171875 0.1201171875 0.1279296875
1 0.2392578125 0.80859375 0.08984375 0.1650390625
1 0.5400390625 0.537109375 0.0927734375 0.08984375
1 0.3115234375 0.20703125 0.0791015625 0.08984375
1 0.6513671875 0.2568359375 0.1044921875 0.185546875
1 0.2744140625 0.5888671875 0.095703125 0.1044921875
1 0.083984375 0.85546875 0.1103515625 0.0869140625
1 0.865234375 0.8330078125 0.1025390625 0.1220703125
1 0.20703125 0.271484375 0.080078125 0.1357421875
1 0.591796875 0.78515625 0.115234375 0.1025390625
1 0.947265625 0.291015625 0.10546875 0.142578125
1 0.79296875 0.0595703125 0.09765625 0.115234375
1 0.0634765625 0.716796875 0.1171875 0.1552734375
1 0.84765625 0.2744140625 0.1318359375 0.140625
1 0.6953125 0.85546875 0.1025390625 0.1123046875
1 0.935546875 0.5595703125 0.1279296875 0.140625
1 0.099609375 0.1005859375 0.099609375 0.107421875
1 0.3017578125 0.0234375 0.0517578125 0.0478515625
1 0.033203125 0.3994140625 0.0625 0.10546875
1 0.7265625 0.2734375 0.0751953125 0.162109375
