1 0.076171875 0.0458984375 0.0517578125 0.0556640625
1 0.09765625 0.1494140625 0.03125 0.0419921875
1 0.091796875 0.33203125 0.05078125 0.0869140625
1 0.21484375 0.203125 0.03125 0.0751953125
1 0.2666015625 0.2841796875 0.0283203125 0.0791015625
1 0.2080078125 0.4228515625 0.0703125 0.06640625
1 0.203125 0.599609375 0.0625 0.0458984375
1 0.1796875 0.6728515625 0.04296875 0.0869140625
1 0.0810546875 0.67578125 0.03125 0.060546875
1 0.41015625 0.171875 0.0439453125 0.109375
1 0.5361328125 0.2802734375 0.033203125 0.025390625
1 0.4384765625 0.3359375 0.0380859375 0.0322265625
1 0.5078125 0.3525390625 0.056640625 0.041015625
1 0.69140625 0.314453125 0.046875 0.0654296875
1 0.765625 0.3515625 0.0244140625 0.046875
1 0.87109375 0.4462890625 0.0390625 0.0576171875
1 0.96875 0.564453125 0.0478515625 0.056640625
1 0.4208984375 0.515625 0.0244140625 0.0556640625
1 0.48828125 0.5068359375 0.033203125 0.0546875
1 0.4873046875 0.5673828125 0.0537109375 0.07421875
1 0.5849609375 0.556640625 0.033203125 0.05859375
1 0.6015625 0.55078125 0.0341796875 0.0458984375
1 0.4609375 0.6884765625 0.044921875 0.0908203125
1 0.91796875 0.6064453125 0.041015625 0.0400390625
1 0.8017578125 0.6279296875 0.0458984375 0.04296875
1 0.7802734375 0.115234375 0.0322265625 0.0302734375
1 0.0595703125 0.91015625 0.05859375 0.056640625
1 0.1201171875 0.818359375 0.0380859375 0.048828125
1 0.2470703125 0.8720703125 0.04296875 0.0625
1 0.3134765625 0.9697265625 0.0654296875 0.0498046875
1 0.357421875 0.9345703125 0.04296875 0.060546875
1 0.6181640625 0.96875 0.0361328125 0.0615234375
1 0.529296875 0.8876953125 0.048828125 0.03125
1 0.67578125 0.84375 0.029296875 0.052734375
1 0.59765625 0.7763671875 0.044921875 0.0537109375
1 0.7880859375 0.896484375 0.0400390625 0.046875
1 0.7353515625 0.9228515625 0.05078125 0.03515625
1 0.919921875 0.90234375 0.083984375 0.0654296875
1 0.5810546875 0.8798828125 0.0244140625 0.0341796875
1 0.6904296875 0.109375 0.052734375 0.048828125
1 0.7001953125 0.0361328125 0.0703125 0.0517578125
