1 0.1123046875 0.564453125 0.07421875 0.076171875
1 0.0908203125 0.7158203125 0.060546875 0.060546875
1 0.19921875 0.7041015625 0.072265625 0.060546875
1 0.2626953125 0.7744140625 0.0703125 0.05078125
1 0.158203125 0.9150390625 0.1025390625 0.078125
1 0.0791015625 0.982421875 0.1015625 0.0341796875
1 0.384765625 0.9677734375 0.078125 0.064453125
1 0.3916015625 0.7109375 0.0634765625 0.0712890625
1 0.5703125 0.59375 0.080078125 0.0654296875
1 0.5478515625 0.66015625 0.0654296875 0.07421875
1 0.5966796875 0.7236328125 0.07421875 0.083984375
1 0.6162109375 0.8671875 0.080078125 0.1240234375
1 0.6806640625 0.7314453125 0.0732421875 0.0625
1 0.728515625 0.8076171875 0.05859375 0.0712890625
1 0.7841796875 0.8408203125 0.052734375 0.0869140625
1 0.73828125 0.9521484375 0.0771484375 0.0947265625
1 0.8173828125 0.978515625 0.0595703125 0.04296875
1 0.8720703125 0.96875 0.0458984375 0.0615234375
1 0.80859375 0.7197265625 0.0888671875 0.056640625
1 0.8193359375 0.619140625 0.0849609375 0.0751953125
1 0.716796875 0.59375 0.0810546875 0.0693359375
1 0.908203125 0.6396484375 0.06640625 0.060546875
1 0.9423828125 0.7890625 0.0810546875 0.068359375
1 0.9287109375 0.4990234375 0.064453125 0.1328125
1 0.7978515625 0.466796875 0.0654296875 0.111328125
1 0.4169921875 0.44140625 0.0693359375 0.1083984375
1 0.4912109375 0.404296875 0.0791015625 0.087890625
1 0.583984375 0.3037109375 0.0869140625 0.07421875
1 0.4140625 0.2939453125 0.0625 0.0625
1 0.33984375 0.25 0.06640625 0.0712890625
1 0.458984375 0.185546875 0.068359375 0.05078125
1 0.1884765625 0.32421875 0.080078125 0.1337890625
1 0.1962890625 0.2021484375 0.068359375 0.0810546875
1 0.2275390625 0.1015625 0.1015625 0.0966796875
1 0.2314453125 0.03125 0.072265625 0.0634765625
1 0.373046875 0.0712890625 0.087890625 0.0869140625
1 0.5107421875 0.0419921875 0.0869140625 0.078125
1 0.580078125 0.1298828125 0.07421875 0.0810546875
1 0.7333984375 0.2294921875 0.08984375 0.0654296875
1 0.8310546875 0.09375 0.1064453125 0.1005859375
1 0.919921875 0.2265625 0.0927734375 0.0703125
1 0.8681640625 0.296875 0.068359375 0.0595703125
1 0.2021484375 0.7587890625 0.0615234375 0.05078125
1 0.1435546875 0.5146484375 0.078125 0.0732421875
1 0.8427734375 0.427734375 0.0556640625 0.0869140625
1 0.9873046875 0.5390625 0.0244140625 0.05859375
1 0.982421875 0.6845703125 0.0341796875 0.0625
1 0.978515625 0.9794921875 0.04296875 0.0400390625
1 0.4638671875 0.9921875 0.0419921875 0.015625
1 0.1787109375 0.98828125 0.044921875 0.0234375
1 0.6513671875 0.7724609375 0.0732421875 0.078125
1 0.6240234375 0.6083984375 0.05078125 0.048828125
