1 0.65234375 0.544921875 0.0791015625 0.06640625
1 0.208984375 0.779296875 0.0927734375 0.0556640625
1 0.39453125 0.7451171875 0.0810546875 0.0869140625
1 0.9189453125 0.5791015625 0.076171875 0.1328125
1 0.439453125 0.666015625 0.04296875 0.146484375
1 0.3994140625 0.681640625 0.0732421875 0.158203125
1 0.765625 0.5947265625 0.10546875 0.1103515625
1 0.7822265625 0.662109375 0.0791015625 0.078125
1 0.70703125 0.2666015625 0.1005859375 0.0986328125
1 0.357421875 0.82421875 0.052734375 0.1201171875
1 0.5361328125 0.091796875 0.033203125 0.1162109375
1 0.8251953125 0.0517578125 0.0625 0.0673828125
1 0.4892578125 0.4208984375 0.1328125 0.0478515625
1 0.583984375 0.1005859375 0.0546875 0.0732421875
1 0.6474609375 0.9384765625 0.125 0.1220703125
1 0.9267578125 0.7431640625 0.0986328125 0.1142578125
1 0.26171875 0.84375 0.099609375 0.0517578125
1 0.5498046875 0.5107421875 0.0537109375 0.1611328125
1 0.0234375 0.9287109375 0.0478515625 0.0439453125
1 0.6748046875 0.376953125 0.025390625 0.0810546875
1 0.4833984375 0.57421875 0.02734375 0.1591796875
1 0.5615234375 0.6953125 0.0634765625 0.0615234375
1 0.2080078125 0.283203125 0.14365234375000002 0.13330078125
1 0.59375 0.197265625 0.080078125 0.041015625
1 0.703125 0.66015625 0.1201171875 0.1337890625
1 0.3291015625 0.9677734375 0.1240234375 0.064453125
1 0.162109375 0.66015625 0.1015625 0.09375
1 0.0625 0.373046875 0.109375 0.06640625
1 0.6396484375 0.3232421875 0.072265625 0.0751953125
1 0.9609375 0.8173828125 0.0419921875 0.0654296875
1 0.3056640625 0.6572265625 0.025390625 0.0703125
1 0.427734375 0.0244140625 0.05078125 0.048828125
1 0.50390625 0.6748046875 0.0595703125 0.056640625
1 0.78515625 0.9638671875 0.0517578125 0.05859375
1 0.982421875 0.5673828125 0.0341796875 0.0947265625
1 0.9560546875 0.6337890625 0.0810546875 0.05859375
1 0.947265625 0.724609375 0.0556640625 0.04296875
1 0.0078125 0.822265625 0.0166015625 0.04296875
1 0.880859375 0.404296875 0.037109375 0.0751953125
1 0.486328125 0.017578125 0.037109375 0.03515625
1 0.7578125 0.986328125 0.0673828125 0.02734375
1 0.6884765625 0.103515625 0.0537109375 0.060546875
1 0.1083984375 0.591796875 0.0458984375 0.080078125
1 0.3076171875 0.0234375 0.0869140625 0.0478515625
1 0.7626953125 0.0537109375 0.0439453125 0.0341796875
1 0.2490234375 0.3916015625 0.140625 0.0595703125
1 0.3154296875 0.3486328125 0.05859375 0.0576171875
1 0.70703125 0.72265625 0.068359375 0.021484375
1 0.3818359375 0.91015625 0.1962890625 0.0986328125
1 0.279296875 0.154296875 0.091796875 0.0517578125
1 0.8486328125 0.14453125 0.048828125 0.0498046875
1 0.9814453125 0.9365234375 0.037109375 0.1220703125
1 0.478515625 0.6826171875 0.0947265625 0.072265625
1 0.5166015625 0.3408203125 0.072265625 0.07421875
