1 0.0146484375 0.58203125 0.029296875 0.060546875
1 0.0712890625 0.5419921875 0.0771484375 0.037109375
1 0.107421875 0.470703125 0.0673828125 0.0869140625
1 0.025390625 0.2958984375 0.0517578125 0.0703125
1 0.0458984375 0.3935546875 0.0498046875 0.0478515625
1 0.18359375 0.3291015625 0.0556640625 0.0693359375
1 0.1650390625 0.2490234375 0.07421875 0.060546875
1 0.0078125 0.12109375 0.015625 0.0634765625
1 0.091796875 0.1142578125 0.0556640625 0.076171875
1 0.115234375 0.0849609375 0.0400390625 0.064453125
1 0.1728515625 0.056640625 0.083984375 0.08203125
1 0.0771484375 0.724609375 0.0947265625 0.0732421875
1 0.091796875 0.849609375 0.0791015625 0.068359375
1 0.244140625 0.7861328125 0.0810546875 0.0595703125
1 0.6064453125 0.9638671875 0.07421875 0.0712890625
1 0.5751953125 0.8828125 0.1005859375 0.0537109375
1 0.720703125 0.892578125 0.126953125 0.0517578125
1 0.4970703125 0.89453125 0.068359375 0.1025390625
1 0.4228515625 0.703125 0.1083984375 0.08203125
1 0.306640625 0.6513671875 0.060546875 0.048828125
1 0.638671875 0.7197265625 0.0927734375 0.04296875
1 0.798828125 0.599609375 0.0615234375 0.1435546875
1 0.5 0.4638671875 0.1142578125 0.0693359375
1 0.34765625 0.3515625 0.1103515625 0.111328125
1 0.427734375 0.34375 0.0986328125 0.0498046875
1 0.5009765625 0.2705078125 0.0771484375 0.0595703125
1 0.4345703125 0.2265625 0.103515625 0.0712890625
1 0.353515625 0.146484375 0.1103515625 0.056640625
1 0.59375 0.1416015625 0.078125 0.0693359375
1 0.6630859375 0.19140625 0.107421875 0.0498046875
1 0.662109375 0.2822265625 0.0537109375 0.1142578125
1 0.7177734375 0.4189453125 0.1015625 0.068359375
1 0.86328125 0.3056640625 0.0908203125 0.0634765625
1 0.7919921875 0.2392578125 0.09375 0.0869140625
1 0.7724609375 0.3056640625 0.0595703125 0.0439453125
1 0.9736328125 0.302734375 0.052734375 0.0517578125
1 0.86328125 0.154296875 0.08984375 0.068359375
1 0.9580078125 0.1220703125 0.083984375 0.0537109375
1 0.6962890625 0.0927734375 0.1318359375 0.0810546875
1 0.755859375 0.0390625 0.078125 0.048828125
1 0.48828125 0.0498046875 0.0517578125 0.0859375
1 0.55859375 0.02734375 0.0625 0.0546875
1 0.97265625 0.0341796875 0.0380859375 0.068359375
1 0.986328125 0.4306640625 0.02734375 0.0673828125
