1 0.029296875 0.373046875 0.05859375 0.083984375
1 0.01953125 0.4501953125 0.0400390625 0.07421875
1 0.0966796875 0.43359375 0.0615234375 0.177734375
1 0.205078125 0.4091796875 0.0693359375 0.1298828125
1 0.0771484375 0.560546875 0.0751953125 0.1474609375
1 0.03515625 0.638671875 0.0703125 0.064453125
1 0.0361328125 0.744140625 0.072265625 0.0830078125
1 0.0146484375 0.9658203125 0.0302734375 0.046875
1 0.2958984375 0.88671875 0.1669921875 0.09765625
1 0.3759765625 0.9521484375 0.04296875 0.0634765625
1 0.373046875 0.6953125 0.107421875 0.0615234375
1 0.4365234375 0.537109375 0.0849609375 0.142578125
1 0.580078125 0.7548828125 0.0888671875 0.099609375
1 0.5185546875 0.8330078125 0.09765625 0.1162109375
1 0.4833984375 0.3955078125 0.0927734375 0.1845703125
1 0.5244140625 0.4072265625 0.0693359375 0.08203125
1 0.6650390625 0.52734375 0.1162109375 0.1572265625
1 0.595703125 0.5859375 0.060546875 0.1708984375
1 0.6923828125 0.7421875 0.0986328125 0.1201171875
1 0.7373046875 0.705078125 0.0556640625 0.0830078125
1 0.1650390625 0.2138671875 0.091796875 0.1484375
1 0.0185546875 0.072265625 0.037109375 0.12890625
1 0.0888671875 0.0849609375 0.111328125 0.044921875
1 0.1806640625 0.068359375 0.0732421875 0.1376953125
1 0.349609375 0.03515625 0.0869140625 0.0703125
1 0.5498046875 0.0322265625 0.138671875 0.064453125
1 0.6259765625 0.04296875 0.1455078125 0.0859375
1 0.73828125 0.2060546875 0.08203125 0.1025390625
1 0.94921875 0.041015625 0.0927734375 0.076171875
1 0.974609375 0.123046875 0.0498046875 0.0625
1 0.8759765625 0.1513671875 0.060546875 0.060546875
1 0.7919921875 0.3291015625 0.076171875 0.0517578125
1 0.876953125 0.41015625 0.0927734375 0.0556640625
1 0.802734375 0.412109375 0.0673828125 0.0556640625
1 0.7861328125 0.4990234375 0.072265625 0.126953125
1 0.703125 0.41015625 0.06640625 0.0546875
1 0.9794921875 0.55078125 0.041015625 0.0859375
1 0.9873046875 0.634765625 0.0244140625 0.078125
1 0.9228515625 0.724609375 0.154296875 0.0947265625
1 0.9833984375 0.734375 0.033203125 0.1201171875
1 0.966796875 0.921875 0.06640625 0.076171875
1 0.8935546875 0.9638671875 0.1044921875 0.0712890625
1 0.8046875 0.75 0.052734375 0.0537109375
1 0.017578125 0.82421875 0.0361328125 0.05078125
