1 0.7265625 0.3310546875 0.1787109375 0.1259765625
1 0.4775390625 0.2705078125 0.1953125 0.119140625
1 0.8671875 0.171875 0.1162109375 0.1123046875
1 0.28125 0.970703125 0.080078125 0.0576171875
1 0.9404296875 0.6533203125 0.1181640625 0.1728515625
1 0.767578125 0.5341796875 0.1142578125 0.1611328125
1 0.5 0.4912109375 0.07421875 0.1416015625
1 0.328125 0.359375 0.078125 0.1064453125
1 0.306640625 0.046875 0.1689453125 0.0888671875
1 0.1875 0.6083984375 0.087890625 0.0703125
1 0.3671875 0.71484375 0.0849609375 0.12890625
1 0.3271484375 0.927734375 0.099609375 0.0595703125
1 0.560546875 0.953125 0.107421875 0.0927734375
1 0.79296875 0.9365234375 0.0859375 0.126953125
1 0.2119140625 0.953125 0.1044921875 0.09375
1 0.572265625 0.361328125 0.0576171875 0.0498046875
1 0.5830078125 0.1552734375 0.103515625 0.1142578125
1 0.505859375 0.0400390625 0.0859375 0.0810546875
1 0.7119140625 0.0556640625 0.1357421875 0.1123046875
1 0.1259765625 0.107421875 0.1025390625 0.0849609375
1 0.150390625 0.021484375 0.1123046875 0.0439453125
1 0.0703125 0.3583984375 0.140625 0.0791015625
1 0.06640625 0.4384765625 0.1337890625 0.103515625
1 0.0205078125 0.505859375 0.0419921875 0.0654296875
1 0.3662109375 0.48828125 0.0517578125 0.0400390625
1 0.357421875 0.544921875 0.11328125 0.0546875
1 0.384765625 0.5966796875 0.1015625 0.0654296875
1 0.5712890625 0.677734375 0.080078125 0.109375
1 0.4833984375 0.7236328125 0.095703125 0.0556640625
1 0.4765625 0.763671875 0.078125 0.037109375
1 0.5419921875 0.8212890625 0.0654296875 0.0556640625
1 0.66015625 0.9228515625 0.0703125 0.0712890625
1 0.916015625 0.8759765625 0.16796875 0.1591796875
1 0.814453125 0.7841796875 0.072265625 0.1123046875
1 0.0986328125 0.650390625 0.056640625 0.087890625
1 0.193359375 0.748046875 0.0732421875 0.173828125
1 0.0263671875 0.8564453125 0.052734375 0.0576171875
