1 0.009765625 0.708984375 0.0205078125 0.056640625
1 0.138671875 0.7685546875 0.0751953125 0.0732421875
1 0.09375 0.8564453125 0.0615234375 0.0654296875
1 0.130859375 0.90234375 0.0673828125 0.09375
1 0.2177734375 0.8818359375 0.064453125 0.103515625
1 0.3388671875 0.896484375 0.056640625 0.0673828125
1 0.25 0.78125 0.1103515625 0.08984375
1 0.2333984375 0.7021484375 0.0859375 0.0859375
1 0.41796875 0.712890625 0.0751953125 0.056640625
1 0.3359375 0.7509765625 0.072265625 0.0654296875
1 0.3974609375 0.7919921875 0.0810546875 0.1162109375
1 0.5595703125 0.7822265625 0.1376953125 0.134765625
1 0.5380859375 0.7744140625 0.1513671875 0.0634765625
1 0.546875 0.71484375 0.0634765625 0.0615234375
1 0.646484375 0.80078125 0.09375 0.115234375
1 0.8798828125 0.763671875 0.10546875 0.0615234375
1 0.861328125 0.8037109375 0.1025390625 0.0712890625
1 0.9052734375 0.845703125 0.1884765625 0.078125
1 0.8056640625 0.62890625 0.0751953125 0.10546875
1 0.7412109375 0.6552734375 0.0537109375 0.083984375
1 0.9404296875 0.6865234375 0.119140625 0.0791015625
1 0.6689453125 0.52734375 0.1748046875 0.0751953125
1 0.5400390625 0.4384765625 0.099609375 0.0673828125
1 0.02734375 0.482421875 0.0556640625 0.0634765625
1 0.0107421875 0.337890625 0.0224609375 0.0732421875
1 0.06640625 0.1396484375 0.0576171875 0.1044921875
1 0.1513671875 0.0732421875 0.107421875 0.1474609375
1 0.2939453125 0.091796875 0.0986328125 0.169921875
1 0.408203125 0.1640625 0.1962890625 0.15234375
1 0.41015625 0.2626953125 0.0810546875 0.0849609375
1 0.408203125 0.3271484375 0.0537109375 0.0634765625
1 0.4453125 0.3662109375 0.0576171875 0.0654296875
1 0.494140625 0.3271484375 0.0986328125 0.0947265625
1 0.224609375 0.34765625 0.0830078125 0.142578125
1 0.318359375 0.271484375 0.0693359375 0.1015625
1 0.1650390625 0.3173828125 0.0595703125 0.0791015625
1 0.1337890625 0.26953125 0.0576171875 0.044921875
1 0.0810546875 0.2880859375 0.0673828125 0.0634765625
1 0.59765625 0.2177734375 0.095703125 0.078125
1 0.5302734375 0.17578125 0.052734375 0.0537109375
1 0.6328125 0.1181640625 0.0751953125 0.1005859375
1 0.5439453125 0.05859375 0.0830078125 0.1181640625
1 0.7578125 0.203125 0.166015625 0.1220703125
1 0.84765625 0.1591796875 0.05859375 0.1142578125
1 0.880859375 0.1884765625 0.0712890625 0.0673828125
1 0.9267578125 0.23046875 0.1455078125 0.1396484375
1 0.9716796875 0.294921875 0.056640625 0.1103515625
1 0.9677734375 0.1357421875 0.064453125 0.0771484375
1 0.775390625 0.705078125 0.0732421875 0.052734375
1 0.9755859375 0.236328125 0.0478515625 0.1044921875
1 0.017578125 0.8154296875 0.03515625 0.0712890625
1 0.0107421875 0.8525390625 0.0224609375 0.048828125
